long_hair,forehead_width_cm,forehead_height_cm,nose_wide,nose_long,lips_thin,distance_nose_to_lip_long,gender
1,12.685825577489249,6.5572170516594985,1,1,1,0,0
0,13.396497929604612,6.692995859209223,0,0,0,1,0
1,14.509587675107069,5.9516641856531045,1,1,0,0,0
0,11.785536785260206,6.930922797543368,0,1,1,0,0
0,12.971517749104098,6.842827416965301,1,0,0,1,0
1,12.7,5.647165788787794,1,0,1,1,0
1,11.84504287971396,5.3099142405720805,0,1,1,1,0
0,14.097400145649727,6.068111030194596,0,0,1,1,0
0,13.087224063553856,6.393612031776927,0,0,1,1,0
1,13.522348280739452,6.425883906420182,1,1,0,0,0
0,13.338093860250572,6.385718419248287,0,0,1,1,0
1,11.906154263904147,6.925769282988019,1,0,0,1,0
1,14.05566747435654,6.3,1,0,0,0,0
0,13.5542845463899,6.406031616265545,0,0,1,1,0
0,12.333715681521085,5.8,1,1,0,1,0
0,12.234289302651629,5.828553486741855,1,1,0,1,0
0,13.301446084575382,6.495661746273857,0,0,1,1,0
1,11.556194958162513,6.987610083674974,0,1,1,0,0
1,12.615425778237492,7.0,1,0,0,1,0
1,12.830105339772166,6.804841990341752,1,1,1,0,0
1,11.61583289857037,6.906333159428148,0,1,1,0,0
0,12.2800365225906,5.559890432228205,1,1,0,1,0
1,13.05012076177544,6.6,1,1,0,0,0
0,13.314259631998882,6.528519263997762,0,0,0,1,0
1,11.739062375861655,5.301562706897244,1,0,1,1,0
0,11.654388937429122,6.9090648229048535,0,1,1,0,0
1,11.850251150266924,6.719698619679689,1,0,0,1,0
0,12.207371759566014,6.055769442603911,1,1,0,1,0
1,12.410543125245429,5.13216187497273,1,0,1,1,0
0,13.43830452557152,6.276609051143039,0,0,1,1,0
1,13.44297774023,6.452340753256666,1,1,0,0,0
1,11.503904646644456,7.096095353355545,1,0,0,1,0
1,12.106066804298568,5.248483298925358,1,0,1,1,0
1,11.973663916048876,6.571603300741349,1,0,0,1,0
0,12.829456962423848,6.890181012525384,1,0,0,1,0
1,14.11459661172007,6.270806776559859,1,0,1,0,0
0,13.810582881628696,6.617883423674261,1,0,0,1,0
1,14.37482826023953,5.805309131568844,1,0,1,0,0
0,13.916679482624447,6.446297720291605,0,0,1,1,0
1,11.809693264141403,6.936564421380468,1,0,0,1,0
0,12.20549210229032,6.067047386258074,1,1,0,1,0
1,11.647477813185793,5.454203644690351,1,0,1,1,0
1,12.160594413515936,6.957574301689492,1,0,0,1,0
1,11.94045971130002,5.219080577399964,1,1,1,0,0
1,14.125742124416645,6.253664176050043,1,0,1,0,0
1,12.609289871476166,5.110078903169315,1,0,1,1,0
1,12.117874686619697,5.118134567172261,1,1,1,0,0
0,13.398356579080792,6.204930262757623,0,0,1,1,0
1,12.26040624604178,5.209898438489555,1,0,1,1,0
1,12.869234198727698,6.823063205089213,1,1,1,0,0
0,14.362988293372768,6.49588758815253,0,0,1,1,0
1,14.092394798692132,6.3,1,0,0,0,0
0,11.54283357200308,6.6713342880123285,0,1,1,0,0
0,14.263356789278484,6.408904526185656,1,0,1,0,0
1,12.717684149046574,6.976421134604568,1,1,0,0,0
0,13.232115550394106,6.532115550394105,1,0,0,1,0
1,14.161214399044647,6.177571201910706,1,0,1,0,0
1,11.72529751858671,5.312053722119935,1,0,1,1,0
1,12.072853792981949,5.245707585963893,1,1,1,0,0
1,12.9,6.833385771383663,1,1,1,0,0
1,11.560326944997971,5.599455091670047,1,0,1,1,0
1,14.26246637700468,5.975067245990641,1,0,1,0,0
1,11.613527073106022,5.4797093903409655,1,0,1,1,0
1,11.9,5.242257154307565,0,1,1,1,0
0,13.171841072832008,6.852105951445329,1,0,0,1,0
0,12.295520559411807,5.513438321764576,1,1,0,1,0
0,12.852295304626487,7.065136463582342,1,0,0,1,0
1,12.192377420290985,7.06412580676366,1,0,0,1,0
0,13.370428922977617,6.640857845955231,0,0,0,1,0
0,13.036529528030671,6.336529528030672,1,0,0,1,0
1,12.7,5.478440294049898,1,0,1,1,0
0,14.381147245703964,6.487431497135976,1,0,1,0,0
1,14.24329867379372,6.013402652412565,1,0,1,0,0
1,13.092341720917174,6.569219426360942,1,1,0,0,0
1,11.819828439679538,6.939942813226513,1,0,0,1,0
1,12.574605683398737,7.0,1,0,0,1,0
1,11.807834627242716,5.207834627242716,1,0,1,1,0
0,13.147912814781051,6.44791281478105,1,0,0,1,0
0,13.44897967270126,6.29795934540252,0,0,1,1,0
1,12.753038633798422,6.920442049302368,1,1,1,0,0
1,12.228277740942334,5.2179305647644165,1,0,1,1,0
0,14.119291852516108,6.31286123501074,1,0,1,0,0
0,13.353887384140132,6.607774768280261,0,0,0,1,0
0,13.56619663851708,6.343260024128217,0,0,1,1,0
0,13.327953168289032,6.555906336578066,0,0,0,1,0
1,13.871991868867076,6.309336043710975,1,1,0,0,0
1,12.995701643313485,6.604298356686517,1,1,0,0,0
0,12.556381445818843,5.79911168678865,1,1,0,1,0
0,13.342958242363215,6.585916484726431,0,0,0,1,0
1,12.709027984812906,6.98645802278064,1,1,1,0,0
0,13.986889317425504,6.5826221365149,1,0,0,1,0
0,11.598584355898724,6.598584355898723,0,1,1,1,0
0,12.619464767928438,6.960178410690521,1,0,0,1,0
1,13.97328339292324,6.3,1,0,0,0,0
1,13.13071182218188,6.6,1,1,0,0,0
1,12.924214829889404,6.675785170110595,1,1,0,0,0
0,13.598046929547843,6.315959774673277,0,0,1,1,0
1,12.534073954251555,5.155308681916147,1,0,1,1,0
1,14.051910683063277,6.3,1,0,0,0,0
1,12.022801775757156,5.175244247138094,1,0,1,1,0
0,12.270878185744886,5.587365442765341,1,1,0,1,0
1,12.097662436253362,5.295324872506725,1,1,1,0,0
1,12.315127917547208,7.092436041226397,1,0,0,1,0
0,11.54013179905384,6.95986820094616,0,1,1,0,0
1,13.39311593385575,6.5027536264577,1,1,0,0,0
1,14.07914748809312,6.3,1,0,0,0,0
0,13.448213983675004,6.5,0,0,1,1,0
0,12.630751877230466,6.956416040923178,1,0,0,1,0
0,14.368981984452976,6.5,0,0,1,1,0
1,12.900847828612308,6.7322028951835895,1,1,0,0,0
1,14.072867736507794,6.3,1,0,0,0,0
0,12.744152809552473,6.918615730149177,1,0,0,1,0
1,14.191356579627229,6.57406973888169,1,0,1,0,0
1,11.905250758298674,5.289498483402652,1,1,1,0,0
0,13.319885318062587,6.490057340968706,0,0,1,1,0
0,13.349077603875624,6.475461198062189,0,0,1,1,0
0,14.14363766555972,6.551272466888056,1,0,0,1,0
0,11.824884229058028,6.743663171793521,0,1,1,1,0
1,13.932043101460977,6.3,1,0,0,0,0
0,13.318215054639666,6.53643010927933,0,0,0,1,0
1,12.293059611769149,5.14508609411833,1,1,1,0,0
1,11.645643302580693,6.954356697419309,1,0,0,1,0
1,13.946361553323436,6.3,1,0,0,0,0
0,14.247299355526737,6.5,0,0,1,1,0
1,13.41410176801118,6.494359292795528,1,1,0,0,0
0,12.543850255600823,6.985383248133059,1,0,0,1,0
1,12.573155529164849,6.987315552916485,1,0,0,1,0
0,12.659123602753809,6.946958799082064,1,0,0,1,0
1,12.992464565860274,6.607535434139725,1,1,0,0,0
1,11.652128064219148,5.517446322937024,1,1,1,0,0
1,12.7,5.514109874141103,1,0,1,1,0
0,13.006517254016272,6.306517254016272,1,0,0,1,0
0,13.437560255513358,6.275120511026716,0,0,1,1,0
0,12.2,5.940392909362119,1,1,0,1,0
0,12.815188484906963,7.089874343395357,1,0,0,1,0
0,12.86794181297483,7.05470545801678,1,0,0,1,0
1,12.338480489100265,5.231461640327176,1,0,1,1,0
1,12.840649584833436,6.660433056555624,1,1,1,0,0
1,12.23266347379643,6.9665829342245535,1,0,0,1,0
1,11.825198239159516,5.225198239159517,1,0,1,1,0
0,11.639922656537788,6.906653776089632,0,1,1,0,0
1,12.82810432324995,6.829194235666735,1,1,0,0,0
0,11.879291755935554,6.424141648812889,0,1,1,1,0
0,12.56408790443921,6.97863736518693,1,0,0,1,0
1,12.66251405454742,7.0,1,0,0,1,0
0,13.350102864312955,6.600205728625913,0,0,0,1,0
1,11.963132723757408,6.926313272375741,1,0,0,1,0
0,11.872839547557652,6.779629660668239,0,1,1,1,0
1,12.7,5.371377680495298,1,0,1,1,0
0,11.957611785441328,6.957611785441327,0,1,1,1,0
1,12.7,5.407091129636632,1,0,1,1,0
1,12.747840355730872,5.215052362420134,1,1,1,0,0
1,14.1941559734504,6.582467920351199,1,0,1,0,0
1,14.186438174381506,6.559314523144518,1,0,1,0,0
1,13.179025494165868,6.6,1,1,0,0,0
0,13.929807248773024,6.161218195126098,0,0,1,1,0
1,12.049288145342905,7.079715258137161,0,1,1,0,0
0,14.2326304048911,6.3884202699274,1,0,1,0,0
0,13.130575033578967,6.415287516789483,0,0,1,1,0
0,13.413973710682244,6.2279474213644885,0,0,1,1,0
0,13.493803173449834,6.387606346899668,0,0,1,1,0
1,14.2946708225586,5.910658354882805,1,0,1,0,0
0,12.55912502337352,5.694343767530139,1,1,0,1,0
0,12.905483722000088,7.029677518666608,1,0,0,1,0
1,11.51075062716526,7.089249372834739,1,0,0,1,0
1,12.081347482180194,6.93813474821802,1,0,0,1,0
0,13.82772551535432,6.614454896929137,1,0,0,1,0
1,11.82569580871676,5.22569580871676,1,0,1,1,0
1,12.16355675181795,5.2788144160606825,1,0,1,1,0
0,13.09206716925918,6.802644276913608,1,0,0,1,0
0,13.399259866050386,6.69851973210077,0,0,0,1,0
1,11.9,5.897584738034092,0,1,1,1,0
1,12.318941736299088,5.195264565925228,1,0,1,1,0
0,13.42757601970346,6.255152039406916,0,0,1,1,0
1,12.390539698501012,7.054730150749494,1,0,0,1,0
1,12.674029683609836,7.0,1,0,0,1,0
0,13.848447652385492,6.20641797089695,0,0,1,1,0
1,11.812578533930049,5.374842932139908,0,1,1,1,0
0,13.657809642729813,6.648438071454038,1,0,0,1,0
1,13.244665373647097,5.291486980561092,1,1,1,0,0
1,13.73442887418046,6.366228450327816,1,1,0,0,0
1,13.15383452202841,6.54872182599053,1,1,0,0,0
0,14.13519046044594,6.047116410863367,0,0,1,1,0
1,11.64175533875318,6.916702135501272,0,1,1,0,0
1,12.931498377334767,6.668501622665234,1,1,0,0,0
1,12.184655678516595,5.271781440494467,1,0,1,1,0
1,11.860746771735313,5.22024892391177,1,0,1,1,0
1,12.517555272206318,7.0,1,0,0,1,0
0,14.22381372766458,6.38254248510972,1,0,1,0,0
0,12.578905579775364,5.8,1,1,0,1,0
1,12.212182413112448,6.951218241311245,1,0,0,1,0
1,14.12673053764228,6.24653892471544,1,0,1,0,0
1,14.020280865866397,6.3,1,0,0,0,0
1,14.20049799903608,6.099004001927844,1,0,1,0,0
1,12.97676619564158,6.623233804358419,1,1,0,0,0
1,12.996921008114894,6.604105322513474,1,1,0,0,0
1,14.153086348575291,6.155379229385547,1,1,0,0,0
1,12.643596483570436,5.11410087910739,1,0,1,1,0
1,11.882756876957686,5.282756876957684,1,0,1,1,0
0,13.105481183899956,6.798172938700015,1,0,0,1,0
0,12.64085921996539,6.953046926678203,1,0,0,1,0
0,13.342692454189352,6.585384908378704,0,0,0,1,0
0,13.305295339138247,6.497352330430877,0,0,1,1,0
0,13.12456209874675,6.883625267502167,1,0,0,1,0
0,13.052687497808954,6.352687497808953,1,0,0,1,0
1,12.463299762539286,7.018350118730357,1,0,0,1,0
1,12.04386136249468,5.187722724989362,1,1,1,0,0
0,14.042286940554549,6.098729477469696,0,0,1,1,0
1,12.596833458077953,5.125791635480511,1,0,1,1,0
1,12.541556911710131,5.152814362763289,1,0,1,1,0
1,11.944824380452104,5.222412190226052,0,1,1,1,0
1,12.04506864744601,6.943133580930751,1,0,0,1,0
1,13.050138671917448,6.6,1,1,0,0,0
1,12.276461996334016,7.092153998778005,1,0,0,1,0
0,13.852066505377044,6.5,0,0,1,1,0
1,14.174190838226629,6.151618323546747,1,0,1,0,0
1,12.243639878052022,5.252120040649325,1,0,1,1,0
1,11.64926588314878,6.950734116851218,1,0,0,1,0
1,13.473077279262885,6.442307573579038,1,1,0,0,0
0,12.284526799102473,5.577366004487651,1,1,0,1,0
1,13.908044139345302,6.308044139345301,1,1,0,0,0
1,11.561214711412472,7.038785288587526,1,0,0,1,0
1,11.722082772078824,5.555834455842354,0,1,1,1,0
0,12.246489683742311,5.767551581288444,1,1,0,1,0
1,12.9,7.081200239319828,1,1,1,0,0
0,14.211317258873192,6.374211505915462,1,0,1,0,0
0,13.95565331808282,6.0094400130718695,0,0,1,1,0
0,12.272790964846122,5.636045175769396,1,1,0,1,0
0,13.307820117586337,6.496089941206832,0,0,1,1,0
0,13.448080023126836,6.296160046253672,0,0,1,1,0
0,12.613840532449425,6.036480304256814,1,1,0,1,0
0,14.227174288338576,5.996014284256347,0,0,1,1,0
0,13.39835910538214,6.698359105382141,1,0,0,1,0
1,14.06063841394198,6.3,1,0,0,0,0
1,12.682475766006409,7.0,1,0,0,1,0
0,14.290172235633928,6.487796915070437,0,0,1,1,0
0,14.167771570193471,6.546445685961306,1,0,0,1,0
1,14.024316803288585,6.3,1,0,0,0,0
1,12.730970398497137,6.587313598998091,1,1,1,0,0
1,11.692039516095882,6.907960483904117,1,0,0,1,0
0,13.147327829425098,6.868448113716601,1,0,0,1,0
0,14.391584711276463,6.494389807517643,1,0,1,0,0
0,13.305745955722491,6.482762132832528,0,0,1,1,0
0,13.384823667758749,6.24552899672376,0,0,1,1,0
0,13.444344786155767,6.288689572311538,0,0,1,1,0
0,13.154796602740326,6.781734465753225,1,0,0,1,0
0,12.413765499832316,5.632726416471036,1,1,0,1,0
0,14.366863451979082,6.5,0,0,1,1,0
0,13.350975969534549,6.601951939069093,0,0,0,1,0
0,13.475965052147645,6.351930104295285,0,0,1,1,0
1,12.9,6.9687191586304245,1,1,1,0,0
0,12.729757957075927,6.001384283255248,1,1,0,1,0
1,14.077012175240723,6.3,1,0,0,0,0
1,12.337239269498372,5.220920243500542,1,0,1,1,0
0,13.350721706548038,6.601443413096076,0,0,0,1,0
1,12.088563930338156,5.2771278606763135,1,1,1,0,0
0,13.310813168261486,6.610813168261486,1,0,0,1,0
1,11.9895648324668,5.120870335066402,1,1,1,0,0
0,13.307127502863926,6.51425500572785,0,0,0,1,0
1,11.945894580849776,5.288526354787556,1,0,1,1,0
1,11.782843663302398,5.360587604037123,1,1,1,0,0
1,14.322800377788528,5.898959319980649,1,0,1,0,0
0,11.55427527782893,6.94572472217107,0,1,1,0,0
0,13.311681650964728,6.523363301929454,0,0,0,1,0
0,12.37086955589536,5.582681148544586,1,1,0,1,0
0,13.590084584268164,6.5,0,0,1,1,0
1,12.7,5.467493255857648,1,0,1,1,0
1,11.646985632538282,5.516267959327148,0,1,1,1,0
1,12.017014016828956,6.93962675210362,1,0,0,1,0
1,13.914230928059952,6.3,1,0,0,0,0
1,12.63452467121868,6.5230164474791215,1,1,1,0,0
0,13.416777714265546,6.696644457146891,1,0,0,1,0
0,11.66184043053781,5.9335584931176655,0,1,1,1,0
1,12.414881027044922,7.042559486477539,1,0,0,1,0
0,11.5212492755995,6.584997102398002,0,1,1,0,0
1,13.431310616074926,6.456229794641692,1,1,0,0,0
1,11.562314789535812,7.037685210464186,1,0,0,1,0
0,13.311355064280775,6.465934807157678,0,0,1,1,0
0,13.39298307802404,6.4535084609879805,0,0,1,1,0
1,12.34782274993344,7.076088625033281,1,0,0,1,0
0,11.516749801249556,6.441375695626555,0,1,1,1,0
0,13.392289591213924,6.453855204393038,0,0,1,1,0
1,14.177421408517027,6.145157182965947,1,0,1,0,0
1,12.32020237370799,7.089898813146005,1,0,0,1,0
1,14.421457491152006,5.721376515926388,1,0,1,0,0
1,11.9,5.365177359628934,0,1,1,1,0
0,13.394594624878208,6.689189249756414,0,0,0,1,0
1,12.749622914276207,6.925565628585689,1,1,1,0,0
0,13.073880054758192,6.386940027379096,0,0,1,1,0
1,14.103950789012073,6.311852367036217,1,0,1,0,0
1,12.555513629065883,5.136121592733529,1,0,1,1,0
0,12.68986169153322,6.936712769488927,1,0,0,1,0
0,13.824045190612196,6.5,0,0,1,1,0
0,13.388478343874995,6.67695668774999,0,0,0,1,0
0,12.717814365345427,6.9273952115515245,1,0,0,1,0
1,11.925036645846356,5.293740838538412,1,0,1,1,0
1,14.365911412824014,5.821359456916774,1,0,1,0,0
1,12.698520060691909,7.0,1,0,0,1,0
1,12.9,6.867859204288963,1,1,1,0,0
0,12.328756982739309,5.8,1,1,0,1,0
0,14.200322904655726,6.5,0,0,1,1,0
0,12.246346367668403,5.821921793989573,1,1,0,1,0
0,13.411216452746991,6.444391773626504,0,0,1,1,0
1,13.04814141293812,6.583952862353959,1,1,0,0,0
0,14.314135146184867,6.5,0,0,1,1,0
0,13.387241995501796,6.238274013494613,0,0,1,1,0
0,13.306287594214664,6.512575188429323,0,0,0,1,0
1,11.801062717376446,5.3236716032794416,0,1,1,1,0
0,13.859391440673438,6.091950193708482,0,0,1,1,0
1,12.182391632259264,6.321130041288883,1,0,0,1,0
0,11.835990711172046,6.939331785195342,0,1,1,0,0
1,13.097667845925107,6.567444051358297,1,1,0,0,0
0,13.304444347632453,6.508888695264905,0,0,0,1,0
1,14.281746710527376,5.972855921050718,1,0,1,0,0
1,14.563777299747311,5.92069868585868,1,1,0,0,0
0,11.90719737542558,6.95119956257093,0,1,1,0,0
0,12.958239953162916,6.258239953162915,1,0,0,1,0
0,13.54629250272119,6.670741499455763,1,0,0,1,0
0,13.71618461370936,6.5,0,0,1,1,0
0,11.966111918920284,6.406777616215943,0,1,1,1,0
0,13.35364035108751,6.339078946737475,0,0,1,1,0
1,12.545557594991838,7.0,1,0,0,1,0
1,12.679626920764749,5.105093269808812,1,0,1,1,0
1,12.614490294849494,7.0,1,0,0,1,0
0,12.832390636838984,7.078406242107344,1,0,0,1,0
0,14.33041099527166,6.492267888363518,0,0,1,1,0
1,12.7,5.402046257383321,1,0,1,1,0
0,13.407197804507511,6.446401097746245,0,0,1,1,0
0,12.2,6.047259020966416,1,1,0,1,0
0,11.59020238244202,6.860809529768076,0,1,1,0,0
1,12.242380035316732,6.954238003531674,1,0,0,1,0
0,12.838223509289469,6.887258830236845,1,0,0,1,0
1,12.544553494832249,5.117271833907528,1,0,1,1,0
1,12.036738888162256,6.942092361020282,1,0,0,1,0
1,12.41395577996742,5.131782691114731,1,0,1,1,0
1,12.438980245157625,5.129002194982486,1,0,1,1,0
1,11.754142661449082,6.905414266144908,1,0,0,1,0
1,13.037106777341144,6.6,1,1,0,0,0
1,13.932761853855087,6.3,1,0,0,0,0
1,11.7847277810773,6.973891112430921,0,1,1,0,0
1,14.277322182919718,5.945355634160566,1,0,1,0,0
0,13.015929201565616,6.828023599478128,1,0,0,1,0
1,11.700443545940054,6.940177418376022,0,1,1,0,0
0,11.515487805508323,6.984512194491677,0,1,1,0,0
1,12.037304416325457,5.173632842630505,1,0,1,1,0
1,14.113455315601026,6.275780431918152,1,0,1,0,0
1,12.319529506450628,5.22682349784979,1,0,1,1,0
0,13.340754758104914,6.7197484139650285,1,0,0,1,0
1,12.893713761573665,6.72514495370534,1,1,1,0,0
1,12.459277805188702,5.126746910534589,1,0,1,1,0
1,13.027340547373049,6.590886484208984,1,1,0,0,0
0,11.678200759262644,6.678200759262645,0,1,1,1,0
0,13.413815476471964,6.697236904705608,1,0,0,1,0
1,11.73919860708747,5.412961671495035,1,1,1,0,0
0,13.226023449094452,6.757992183635183,1,0,0,1,0
0,13.284601172552671,6.584601172552672,1,0,0,1,0
1,12.568037279740158,6.986803727974016,1,0,0,1,0
1,12.657416459241938,6.538277639494625,1,1,1,0,0
1,12.750935524514851,6.923596713227721,1,1,1,0,0
0,13.351668539095494,6.34499438271352,0,0,1,1,0
1,12.316023878448268,5.195994030387933,1,0,1,1,0
1,13.91809253740166,6.3,1,0,0,0,0
0,13.128627678321855,6.428627678321856,1,0,0,1,0
1,12.95602226527962,6.64397773472038,1,1,0,0,0
0,13.32262629389988,6.545252587799759,0,0,0,1,0
0,12.280427354869566,5.558717935391303,1,1,0,1,0
0,13.326986157711849,6.419041526864454,0,0,1,1,0
0,11.770060735479252,6.770060735479253,0,1,1,1,0
0,11.95041395072981,6.958402325121635,0,1,1,0,0
1,13.35865887790326,6.4804470406989125,1,1,0,0,0
0,13.984352402624886,6.583129519475023,1,0,0,1,0
0,14.248745894666186,6.3991639297774565,1,0,1,0,0
1,14.1050258373527,6.315077512058105,1,0,1,0,0
1,11.739951404742316,5.412058314309219,1,1,1,0,0
1,12.80441071754931,7.088973206126729,1,1,0,0,0
1,11.966864643387645,6.933358080423456,1,0,0,1,0
1,14.185615100160431,6.556845300481301,1,0,1,0,0
1,12.99556159046785,6.604438409532151,1,1,0,0,0
0,12.57452195780617,5.8,1,1,0,1,0
0,12.459734381732876,5.948419646704501,1,1,0,1,0
1,12.918484133509672,6.681515866490329,1,1,0,0,0
0,14.13625661844502,6.046524100863877,0,0,1,1,0
0,13.578462765208856,6.332746201249553,0,0,1,1,0
1,11.66860784056652,5.6799362790085866,1,1,1,0,0
1,14.271065144432336,6.0879627746100935,1,1,0,0,0
1,14.218183892610474,6.063632214779052,1,0,1,0,0
0,13.492055321097462,6.681588935780508,1,0,0,1,0
0,13.409025860215888,6.218051720431774,0,0,1,1,0
1,14.170547774490077,6.511643323470224,1,0,1,0,0
1,11.550806778261563,5.615322036230727,1,0,1,1,0
0,14.146846713594986,6.040640714669453,0,0,1,1,0
1,12.644865914181429,7.0,1,0,0,1,0
0,12.2,5.967807322318807,1,1,0,1,0
1,12.31231244930112,5.19692188767472,1,0,1,1,0
0,12.227558081145636,5.8,1,1,0,1,0
0,13.631054619545507,6.653789076090899,1,0,0,1,0
1,12.7,5.400735207085988,1,0,1,1,0
1,12.32642649315072,6.962642649315073,1,0,0,1,0
1,12.448483528469437,7.025758235765283,1,0,0,1,0
1,12.588553407207383,7.0,1,0,0,1,0
1,11.948898827227346,5.1613214073271845,1,1,1,0,0
1,13.983750121078366,6.3,1,0,0,0,0
0,13.024718450705764,6.324718450705764,1,0,0,1,0
0,13.486425847765751,6.372851695531507,0,0,1,1,0
1,14.110183667091494,6.510183667091495,1,1,0,0,0
1,12.836675168923692,7.008312077690771,1,1,0,0,0
0,14.134600313042124,6.323066875361416,1,0,1,0,0
0,12.870176169865422,6.876607943378193,1,0,0,1,0
1,12.664889847627142,7.0,1,0,0,1,0
0,13.053632791772976,6.93091147215135,1,0,0,1,0
1,12.9,6.708234653334896,1,1,1,0,0
0,11.856228621162217,6.428754275767557,0,1,1,1,0
0,13.838929943582963,6.612214011283407,1,0,0,1,0
1,12.663737768185836,5.112087410604721,1,0,1,1,0
1,11.583645841357844,6.932708317284312,0,1,1,0,0
0,12.2,5.989927679032362,1,1,0,1,0
1,12.954386077332618,6.645613922667382,1,1,0,0,0
0,14.396767563794397,6.497845042529597,1,0,1,0,0
1,14.280133219415278,5.9397335611694455,1,0,1,0,0
0,13.37019209262368,6.6403841852473615,0,0,0,1,0
1,11.9,5.66759878374373,0,1,1,1,0
1,11.9,5.289835901891986,0,1,1,1,0
1,13.099046936431336,6.6,1,1,0,0,0
0,13.857537004477042,6.608492599104592,1,0,0,1,0
1,13.393199421036982,6.468933526321005,1,1,0,0,0
1,12.9,6.817369419966241,1,1,1,0,0
0,13.349981693740842,6.599963387481683,0,0,0,1,0
1,11.70791269524775,5.353478841253752,1,0,1,1,0
0,12.216581565358767,5.917092173206162,1,1,0,1,0
0,13.52916934995377,6.403241038883753,0,0,1,1,0
1,11.80094914085798,5.20094914085798,1,0,1,1,0
0,14.3846654944557,6.50306690110886,1,0,0,1,0
1,11.544500309302308,7.010999381395384,0,1,1,0,0
1,12.032891671716134,6.500529993940638,1,0,0,1,0
1,12.083084411677852,6.947885551459732,1,0,0,1,0
0,13.802936812066315,6.433659645785147,0,0,1,1,0
0,11.794760643144691,6.441047871371062,0,1,1,1,0
0,13.365108457164125,6.3046746285076285,0,0,1,1,0
0,13.220269625540343,6.759910124819885,1,0,0,1,0
0,14.08660434285168,6.074108698415734,0,0,1,1,0
1,14.187377078777324,6.562131236331972,1,0,1,0,0
1,12.302411094725077,5.232529635091641,1,0,1,1,0
0,11.51118569157316,6.511185691573161,0,1,1,1,0
0,13.019340128654012,6.359670064327006,0,0,1,1,0
0,13.874031582368922,6.605193683526216,1,0,0,1,0
0,14.267843116739598,6.411895411159732,1,0,1,0,0
0,14.223112890852263,6.535377421829547,1,0,0,1,0
1,12.984807181752757,6.615192818247243,1,1,0,0,0
1,12.57331717359009,7.0,1,0,0,1,0
0,14.000524490036613,5.970979008540047,0,0,1,1,0
0,13.324122007522789,6.548244015045578,0,0,0,1,0
1,14.433291366148614,5.995262076486506,1,1,0,0,0
0,13.599962619451894,6.344465211415614,0,0,1,1,0
1,11.571686483509314,6.95662703298137,0,1,1,0,0
0,14.220361348395825,6.535927730320835,1,0,0,1,0
0,13.114519441016707,6.407259720508354,0,0,1,1,0
0,13.384705175371582,6.705098274876139,1,0,0,1,0
1,12.9,6.761079018254259,1,1,1,0,0
1,12.419605724604548,6.989950715575569,1,0,0,1,0
1,12.83053341441063,7.023666463973429,1,1,0,0,0
0,13.306488325650085,6.512976651300169,0,0,0,1,0
0,11.605135703834216,6.132025036580242,0,1,1,1,0
1,12.87026382633566,6.818944694657363,1,1,1,0,0
0,12.2,6.088854929868259,1,1,0,1,0
1,12.0430924812178,6.93430924812178,1,0,0,1,0
0,13.336367254044244,6.636367254044244,1,0,0,1,0
0,14.36391579058583,6.507216841882834,1,0,0,1,0
0,11.82775320220358,6.93795886703393,0,1,1,0,0
1,12.826736081598783,7.033159796003043,1,1,0,0,0
1,14.192188663250809,6.576565989752428,1,0,1,0,0
0,13.3571070177834,6.5,0,0,1,1,0
1,11.79998966332382,5.450018089183316,1,1,1,0,0
0,13.578022312812005,6.333123731875426,0,0,1,1,0
1,12.63496256557464,5.197686548549944,1,1,1,0,0
1,11.793810842917331,5.412378314165334,0,1,1,1,0
0,13.870763406333506,6.08220279457128,0,0,1,1,0
0,12.942778910653988,7.004814059564009,1,0,0,1,0
1,11.60901086983766,6.99098913016234,1,0,0,1,0
0,11.892906926602937,6.794680194952201,0,1,1,1,0
1,12.377208449541468,5.135865727828726,1,0,1,1,0
1,11.627037934224862,5.459443098662706,1,0,1,1,0
1,11.550160216538636,6.999679566922727,0,1,1,0,0
0,13.134706139912735,6.417353069956367,0,0,1,1,0
1,12.9,6.96070453562724,1,1,1,0,0
0,13.356489868594076,6.612979737188147,0,0,0,1,0
1,11.963544471449303,6.926354447144931,1,0,0,1,0
0,13.492684939401256,6.403657530299372,0,0,1,1,0
0,13.678820708728043,6.5,0,0,1,1,0
1,14.36041244922174,5.83125759140087,1,0,1,0,0
1,14.194826278342529,6.110347443314942,1,0,1,0,0
1,12.40615960252945,7.046920198735275,1,0,0,1,0
0,13.024718189356808,6.950187873762128,1,0,0,1,0
0,14.086328914518718,5.897432358983955,0,0,1,1,0
0,11.515095141490692,6.9849048585093065,0,1,1,0,0
1,11.986213165236729,5.17930964830703,1,0,1,1,0
1,12.075953162125971,6.946994145265747,1,0,0,1,0
1,11.755441804284112,5.489116391431777,0,1,1,1,0
0,12.151862129079584,6.988896596809687,0,1,1,1,0
0,14.1256999639123,6.317133309274867,1,0,1,0,0
0,13.038009531866336,6.941326978755776,1,0,0,1,0
0,13.303525218505758,6.5070504370115145,0,0,0,1,0
1,11.935266038431832,5.217633019215916,0,1,1,1,0
1,13.241417203194525,6.6,1,1,0,0,0
1,11.92147559475344,5.2570488104931234,1,1,1,0,0
0,11.693541322940955,6.693541322940959,0,1,1,1,0
0,12.245566878336094,5.772165608319527,1,1,0,1,0
0,12.912088316675296,6.306044158337648,0,0,1,1,0
1,11.9505650565277,5.1988698869446015,1,1,1,0,0
1,11.887410211254483,7.014964084501793,0,1,1,0,0
0,13.155334459908786,6.455334459908786,1,0,0,1,0
0,13.232019635680132,6.466009817840066,0,0,1,1,0
1,11.524758638000405,7.075241361999597,1,0,0,1,0
0,13.236814271526107,6.754395242824631,1,0,0,1,0
1,11.71103607920831,6.901103607920831,1,0,0,1,0
0,11.531598470370833,6.96840152962917,0,1,1,0,0
0,13.606527357970494,6.340818134460838,0,0,1,1,0
0,13.32559573182,6.55119146364,0,0,0,1,0
0,13.305474741697882,6.73150841943404,1,0,0,1,0
0,13.346992089801622,6.593984179603245,0,0,0,1,0
1,14.182719769846504,6.548159309539517,1,0,1,0,0
0,14.05007173907316,6.46111908211924,0,0,1,1,0
1,12.92695046737898,6.673049532621021,1,1,0,0,0
1,11.567111907767474,7.032888092232526,1,0,0,1,0
0,13.049329427751822,6.374664713875911,0,0,1,1,0
1,12.354081504334822,6.981760188041853,1,0,0,1,0
0,12.498213199490625,5.73124873273906,1,1,0,1,0
0,13.090336440700508,6.395168220350254,0,0,1,1,0
1,11.582034500969147,6.935930998061704,0,1,1,0,0
0,13.30768607793784,6.476941766186483,0,0,1,1,0
1,13.924341542155524,6.3,1,0,0,0,0
0,14.212294749164096,6.5,0,0,1,1,0
0,11.862769623905438,6.772077217929079,0,1,1,1,0
1,12.7,5.172110199427656,1,0,1,1,0
1,11.83652176012968,6.917065220016211,1,0,0,1,0
0,12.0068946653887,6.967815777564784,0,1,1,0,0
1,13.981684304722746,6.3,1,0,0,0,0
1,14.3808840744541,5.794408665982619,1,0,1,0,0
1,11.778017726075564,5.236637123207394,1,0,1,1,0
0,12.546334681984298,5.787390462315013,1,1,0,1,0
0,13.65647005981944,6.5,0,0,1,1,0
1,12.0230080337524,7.007669344584134,1,0,0,1,0
1,14.045524676959843,6.3,1,0,0,0,0
0,13.494755855260022,6.389511710520044,0,0,1,1,0
1,13.18392823704388,6.53869058765204,1,1,0,0,0
1,12.223938073531222,5.258687308822926,1,0,1,1,0
1,13.973525272767915,6.3,1,0,0,0,0
1,14.241976202233785,6.0444428359791855,1,0,1,0,0
0,12.786323497316738,6.904558834227753,1,0,0,1,0
0,12.738535180545073,6.920488273151643,1,0,0,1,0
0,13.060644214332877,6.380322107166438,0,0,1,1,0
0,11.977909993159766,6.858432494869825,0,1,1,1,0
0,13.297957361353696,6.734014212882101,1,0,0,1,0
1,14.157301187699426,6.471903563098278,1,0,1,0,0
0,12.285767704763437,5.58539377141938,1,1,0,1,0
1,12.627406824912542,7.0,1,0,0,1,0
1,14.239035127792876,6.049736769972824,1,0,1,0,0
1,13.987590450864507,6.24994831379171,1,1,0,0,0
1,12.477073029807016,5.155731742548245,1,0,1,1,0
1,14.061511428295558,6.3,1,0,0,0,0
1,12.626416568484943,5.108175936835006,1,0,1,1,0
0,12.253417824423336,5.639746526729995,1,1,0,1,0
1,11.763175942244532,5.371030072194337,0,1,1,1,0
1,12.675348502102274,7.0,1,0,0,1,0
1,11.9,5.207407357821724,0,1,1,1,0
1,11.776022803862512,6.970409121545005,0,1,1,0,0
1,12.839740859133228,7.000647852166932,1,1,0,0,0
0,11.675960152944244,6.675960152944245,0,1,1,1,0
0,13.818724700064283,6.222930722186509,0,0,1,1,0
1,12.908055631204434,6.829860921988915,1,1,0,0,0
1,11.8685521318638,5.262895736272399,0,1,1,1,0
1,14.256278646044848,5.987442707910305,1,0,1,0,0
1,14.05349792341683,6.212286900904669,1,1,0,0,0
0,13.436843698700754,6.5,0,0,1,1,0
1,12.68560403775281,7.0,1,0,0,1,0
1,13.64966147484748,6.38344617505084,1,1,0,0,0
0,11.532728656402712,6.967271343597288,0,1,1,0,0
0,13.362180669782484,6.624361339564968,0,0,0,1,0
1,13.523870014933973,6.425376661688676,1,1,0,0,0
0,12.261672584827924,5.614982245516229,1,1,0,1,0
0,11.959316654464406,6.959316654464407,0,1,1,1,0
1,14.248458028180536,6.003083943638932,1,0,1,0,0
0,13.378584721879797,6.460707639060102,0,0,1,1,0
0,13.37198151987258,6.643963039745157,0,0,0,1,0
1,12.302633019251024,5.232455660249658,1,0,1,1,0
0,12.874113323381446,6.875295558872852,1,0,0,1,0
0,13.360276267323217,6.469861866338392,0,0,1,1,0
0,13.37203003332751,6.644060066655019,0,0,0,1,0
1,11.741970370245127,6.905246296280642,1,0,0,1,0
1,13.023633369610842,6.592122210129719,1,1,0,0,0
1,14.12730528008226,6.245389439835481,1,0,1,0,0
1,12.190355628590504,5.129285481321616,1,1,1,0,0
1,14.080790346025749,6.4807903460257466,1,1,0,0,0
0,12.263570975252485,5.60928707424255,1,1,0,1,0
0,14.015682107831443,6.457298011981272,0,0,1,1,0
0,13.29746219107271,6.76835853928486,1,0,0,1,0
0,13.3057086101238,6.511417220247596,0,0,0,1,0
0,12.208511197841878,5.957444010790613,1,1,0,1,0
1,14.320133441232,5.903759805782403,1,0,1,0,0
0,14.300977393828674,6.433984929219116,1,0,1,0,0
1,14.033966390459444,6.3,1,0,0,0,0
0,14.279272740420543,6.419515160280363,1,0,1,0,0
0,11.676567875623782,6.676567875623782,0,1,1,1,0
0,14.359140462450794,5.922699743082893,0,0,1,1,0
1,11.967960345365908,5.164079309268183,1,1,1,0,0
0,13.22944488038338,6.756851706538873,1,0,0,1,0
1,13.181490255509653,6.539503248163449,1,1,0,0,0
0,14.21509281597637,6.376728543984246,1,0,1,0,0
1,13.341078244545097,6.4863072518183005,1,1,0,0,0
0,13.245170345813364,6.545170345813363,1,0,0,1,0
1,12.691003422308048,5.103271482797073,1,0,1,1,0
1,12.158014980092874,6.3503820238885496,1,0,0,1,0
1,13.934272873059095,6.3,1,0,0,0,0
1,11.676542380182331,5.646915239635333,0,1,1,1,0
0,13.342280532300094,6.478859733849953,0,0,1,1,0
1,14.241693057646293,6.044952496236676,1,0,1,0,0
1,11.903410712422785,6.655907145092659,1,0,0,1,0
0,13.429593787071568,6.259187574143136,0,0,1,1,0
1,12.557265856046827,7.0,1,0,0,1,0
1,13.940866982249789,6.340866982249789,1,1,0,0,0
1,11.882584891908127,6.680898129710246,1,0,0,1,0
0,12.89066066155306,7.039559558964626,1,0,0,1,0
1,12.946056745387626,6.653943254612374,1,1,0,0,0
0,13.420337469914156,6.439831265042922,0,0,1,1,0
1,12.88444077735594,6.754078963525413,1,1,0,0,0
0,12.210871096632816,5.806212055218752,1,1,0,1,0
0,12.295609083652968,5.854633762087411,1,1,0,1,0
1,12.674943035123778,5.108352321625406,1,0,1,1,0
0,12.236393780003306,5.690818659990083,1,1,0,1,0
0,13.035605404947924,6.335605404947923,1,0,0,1,0
0,13.592028224993648,6.5,0,0,1,1,0
1,12.108310014881171,5.247922496279707,1,0,1,1,0
0,12.2,5.914261546825213,1,1,0,1,0
1,12.908047470782698,6.691952529217303,1,1,0,0,0
0,11.81149260897386,6.93524876816231,0,1,1,0,0
0,13.48528087900507,6.407359560497465,0,0,1,1,0
0,13.362948390398966,6.311154828803103,0,0,1,1,0
1,14.243581690785154,6.012836618429692,1,0,1,0,0
0,12.251454743512102,5.645635769463694,1,1,0,1,0
1,12.7,5.158956262056265,1,0,1,1,0
0,11.599839405276034,6.900160594723965,0,1,1,0,0
0,13.900495330711728,6.444499481190192,0,0,1,1,0
1,12.96523702575652,6.6463506323246415,1,1,0,0,0
1,11.569473233279547,7.030526766720451,1,0,0,1,0
1,11.590379953134535,7.009620046865464,1,0,0,1,0
1,13.907622771513871,6.3076227715138735,1,1,0,0,0
1,14.145481447129876,6.436444341389628,1,0,1,0,0
0,14.338839027283942,6.459226018189294,1,0,1,0,0
0,12.393070867244496,5.910326209853997,1,1,0,1,0
1,14.27835188059259,5.943296238814823,1,0,1,0,0
0,12.811167357929088,7.0925550947139415,1,0,0,1,0
0,12.302017504296536,5.502353755012625,1,1,0,1,0
1,11.583703675142576,5.560493874762372,1,0,1,1,0
1,14.18121446396963,6.581214463969629,1,1,0,0,0
1,12.371565483021824,6.967156548302183,1,0,0,1,0
0,13.326802401259291,6.5536048025185805,0,0,0,1,0
0,13.336517149421512,6.5,0,0,1,1,0
0,12.54932001907152,5.8,1,1,0,1,0
1,14.48219226845282,5.612053916784921,1,0,1,0,0
0,13.358148428820463,6.616296857640928,0,0,0,1,0
0,13.85677038639868,6.201794229778511,0,0,1,1,0
1,11.798096059528412,5.342284728565904,1,1,1,0,0
1,12.812321960555572,6.850237385925903,1,1,0,0,0
1,12.049963549455,5.2749817747275,0,1,1,1,0
0,11.570813609392816,6.929186390607184,0,1,1,0,0
0,13.34936518279114,6.351904451626585,0,0,1,1,0
0,13.861984129325998,6.089727889149144,0,0,1,1,0
0,13.322217317983537,6.433348046049398,0,0,1,1,0
0,13.043439016381948,6.937707322412035,1,0,0,1,0
0,13.455286520238,6.422356739881,0,0,1,1,0
1,14.143516436566792,6.212967126866412,1,0,1,0,0
0,13.412790378237371,6.225580756474744,0,0,1,1,0
0,12.935602035949287,6.317801017974643,0,0,1,1,0
0,14.108500068186771,6.305666712124516,1,0,1,0,0
1,11.9,5.432476515223829,0,1,1,1,0
1,12.585127403290445,6.988512740329044,1,0,0,1,0
0,12.50470009111482,5.653525068336116,1,1,0,1,0
0,13.552015417994223,6.405779490888247,0,0,1,1,0
1,14.101872904902578,6.305618714707737,1,0,1,0,0
1,11.977405920620743,5.1451881587585095,1,1,1,0,0
1,12.91173427064037,6.688265729359631,1,1,0,0,0
0,13.320267091426109,6.5405341828522126,0,0,0,1,0
1,12.3333568265237,7.08332158673815,1,0,0,1,0
0,13.68685443389381,6.642629113221238,1,0,0,1,0
0,13.480075584293736,6.409962207853133,0,0,1,1,0
1,13.12465123943138,6.558449586856207,1,1,0,0,0
1,12.740376127335066,5.21390401959001,1,1,1,0,0
0,13.952097855836575,6.148834524535236,0,0,1,1,0
0,13.323981844866282,6.5,0,0,1,1,0
1,12.260679605175005,5.246440131608331,1,0,1,1,0
1,13.177536399311473,6.6,1,1,0,0,0
0,12.786983943808128,6.904338685397291,1,0,0,1,0
0,14.2973962063944,6.431597470929599,1,0,1,0,0
0,11.577527732263318,6.810110929053277,0,1,1,0,0
0,12.52896712453088,5.767128311952694,1,1,0,1,0
1,11.735056903488967,6.954022761395588,0,1,1,0,0
0,13.759673161324896,6.428852573480544,0,0,1,1,0
1,13.510690927989929,6.429769690670024,1,1,0,0,0
1,12.949514459314884,6.667314054246821,1,1,0,0,0
1,12.717975695271647,6.97603240630447,1,1,0,0,0
0,13.342526634846116,6.585053269692228,0,0,0,1,0
0,13.633359851549509,6.6533280296900985,1,0,0,1,0
1,11.776612967105606,5.446774065788789,0,1,1,1,0
0,13.381551106447873,6.663102212895746,0,0,0,1,0
1,14.295551984316416,5.948006428230451,1,0,1,0,0
0,13.36004857019532,6.620097140390637,0,0,0,1,0
0,11.581286856729182,6.918713143270819,0,1,1,0,0
0,13.448231106300128,6.5,0,0,1,1,0
1,11.931131756545325,7.03245270261813,0,1,1,0,0
0,13.94516435717145,6.449462706352383,0,0,1,1,0
1,12.97258900912562,6.627410990874379,1,1,0,0,0
0,12.667922975212388,6.944025674929204,1,0,0,1,0
0,12.999379316820663,6.299379316820664,1,0,0,1,0
1,12.93781423036356,6.66218576963644,1,1,0,0,0
0,11.551488626599667,6.70595450639867,0,1,1,0,0
0,13.233567430961749,6.75547752301275,1,0,0,1,0
1,13.293979392654515,6.502006869115161,1,1,0,0,0
1,12.741868189798646,6.937197715302029,1,1,1,0,0
0,11.519791295382326,6.980208704617675,0,1,1,0,0
1,14.166118168518162,6.566118168518162,1,1,0,0,0
1,12.017973182900349,6.518432180519581,1,0,0,1,0
1,12.93109840864707,6.7722539783823255,1,1,0,0,0
1,12.896399666802438,6.859000832993904,1,1,0,0,0
0,12.615172554886032,6.037241459934877,1,1,0,1,0
0,11.607386365856762,6.124147719501332,0,1,1,1,0
0,13.373417945927738,6.646835891855475,0,0,0,1,0
0,11.607197294602503,6.124809468891237,0,1,1,1,0
1,12.847386657864504,6.981533355338739,1,1,0,0,0
0,13.379603768269124,6.659207536538247,0,0,0,1,0
0,12.525454934840552,6.991515021719815,1,0,0,1,0
1,13.172394188201553,6.6,1,1,0,0,0
0,13.408869866532738,6.217739733065478,0,0,1,1,0
0,13.325596869687168,6.423209390938498,0,0,1,1,0
0,13.730202904709769,6.202683224534486,0,0,1,1,0
0,11.596580848524583,6.161967030163959,0,1,1,1,0
1,11.697301850948618,5.605396298102764,0,1,1,1,0
1,12.458906482590065,6.994863310323758,1,0,0,1,0
1,11.9,5.447540468685724,0,1,1,1,0
1,14.06297193360521,6.3,1,0,0,0,0
1,12.836653226131574,6.817795698491233,1,1,0,0,0
1,11.844821584857009,6.997928633942803,0,1,1,0,0
0,13.832593437816348,6.11491991044313,0,0,1,1,0
1,12.792449660653698,6.876733785795068,1,1,0,0,0
0,11.58306093911673,6.832243756466925,0,1,1,0,0
0,13.099266619154156,6.399266619154157,1,0,0,1,0
0,13.398806931225018,6.203579206324949,0,0,1,1,0
0,13.790531983171636,6.150972585852883,0,0,1,1,0
0,12.858578454210535,7.060947697192976,1,0,0,1,0
1,11.783162821129732,6.973265128451893,0,1,1,0,0
1,12.154804090062678,6.354235091924786,1,0,0,1,0
1,14.003950725386908,6.3,1,0,0,0,0
0,13.449692083502775,6.690061583299445,1,0,0,1,0
0,14.267683009424356,6.485298112158262,0,0,1,1,0
1,12.031734874620984,5.163469749241966,1,1,1,0,0
1,12.98414225815421,6.666343096738316,1,1,0,0,0
1,11.9,5.936039085148832,0,1,1,1,0
1,14.107723587682102,6.507723587682103,1,1,0,0,0
1,11.636421156522497,5.445368265216258,1,0,1,1,0
0,13.292548682888912,6.496274341444456,0,0,1,1,0
0,13.57335984459726,6.337120133202348,0,0,1,1,0
0,14.202795177906916,6.009558234496159,0,0,1,1,0
0,13.342713654180002,6.478643172909999,0,0,1,1,0
0,13.45136283460666,6.424318582696671,0,0,1,1,0
0,13.436992629437064,6.273985258874129,0,0,1,1,0
1,12.783098020977654,6.875352968533518,1,1,1,0,0
1,12.534187558241651,7.0,1,0,0,1,0
0,13.372677567625187,6.281967297124438,0,0,1,1,0
1,12.009535292748884,5.101466968115212,1,1,1,0,0
1,12.5384974092437,5.182845755268261,1,1,1,0,0
1,14.385303147899869,5.786454333780238,1,0,1,0,0
0,13.792008735930784,6.237772924482898,0,0,1,1,0
0,13.379549368660088,6.659098737320176,0,0,0,1,0
0,12.224985196482985,5.875074017585082,1,1,0,1,0
1,12.90757021361582,6.692429786384181,1,1,0,0,0
0,14.250291832242093,6.400194554828062,1,0,1,0,0
0,11.598697616823292,6.5986976168232925,0,1,1,1,0
0,14.29591227596531,6.520817544806938,1,0,0,1,0
1,12.7,5.574917856042876,1,0,1,1,0
0,13.292814841448928,6.771456772367381,1,0,0,1,0
1,13.90670986688973,6.3067098668897295,1,1,0,0,0
0,13.25591083926058,6.748029720246474,1,0,0,1,0
1,12.498531168262904,6.999816396032863,1,0,0,1,0
0,13.015002593776227,6.828332468741258,1,0,0,1,0
0,13.328094227898635,6.556188455797268,0,0,0,1,0
0,14.386191374266303,6.490794249510868,1,0,1,0,0
0,13.301745379804888,6.503490759609775,0,0,0,1,0
0,13.151915813182846,6.425957906591423,0,0,1,1,0
1,12.498125433280224,7.000937283359888,1,0,0,1,0
0,12.029753819426816,6.897315364570112,0,1,1,1,0
1,11.865868510666427,7.006347404266571,0,1,1,0,0
0,12.237300491158464,5.8,1,1,0,1,0
0,13.448169543136432,6.690366091372714,1,0,0,1,0
1,12.55001601262315,7.0,1,0,0,1,0
1,11.545580827635048,5.645303006837944,1,1,1,0,0
0,12.570884144077253,5.70316310805794,1,1,0,1,0
1,12.63864451628606,7.0,1,0,0,1,0
1,11.575479888513527,6.949040222972943,0,1,1,0,0
1,14.082656698311371,6.3,1,0,0,0,0
1,12.472211693671616,5.175929435442795,1,0,1,1,0
0,13.282687004199529,6.491343502099764,0,0,1,1,0
1,14.28430672288764,5.9313865542247255,1,0,1,0,0
0,11.50314450909148,6.512578036365921,0,1,1,0,0
1,12.7,5.329120068117752,1,0,1,1,0
0,13.34337794004949,6.369866179851535,0,0,1,1,0
1,13.27689315047865,6.507702283173783,1,1,0,0,0
0,11.938387329521689,6.938387329521688,0,1,1,1,0
1,11.9,5.493297943801898,0,1,1,1,0
1,12.470960673953993,7.0145196630230044,1,0,0,1,0
0,13.391926941788004,6.5,0,0,1,1,0
0,13.386745589487491,6.673491178974985,0,0,0,1,0
1,14.085404562622784,6.3,1,0,0,0,0
0,14.106076315836315,6.558784736832737,1,0,0,1,0
1,11.9,5.2143367152213385,0,1,1,1,0
1,13.047957452689818,6.6,1,1,0,0,0
1,12.811400460649107,6.832899309026336,1,1,1,0,0
1,12.031822072437356,5.163644144874711,1,1,1,0,0
1,14.129621331776264,6.529621331776266,1,1,0,0,0
0,13.458740390651007,6.317480781302019,0,0,1,1,0
0,12.917516536252954,6.308758268126477,0,0,1,1,0
1,14.531203537158383,5.939312264480924,1,1,0,0,0
1,11.9,5.233007079282899,0,1,1,1,0
0,11.715414400832488,6.456917119833503,0,1,1,1,0
1,13.921529125811974,6.3,1,0,0,0,0
1,13.109339225369874,6.563553591543375,1,1,0,0,0
1,12.919975139753296,6.680024860246705,1,1,0,0,0
1,11.9,5.231039586028452,0,1,1,1,0
1,14.259157526596448,5.98168494680711,1,0,1,0,0
0,13.32216867413065,6.544337348261296,0,0,0,1,0
1,11.97741105307226,5.145177893855477,1,1,1,0,0
0,12.99231899826441,6.2923189982644105,1,0,0,1,0
0,14.309172875333925,6.439448583555949,1,0,1,0,0
1,12.540683353604647,5.139829161598838,1,0,1,1,0
1,14.124876523384348,6.171499129494658,1,1,0,0,0
1,12.904755848323047,6.838110379192377,1,1,0,0,0
0,12.623587101949036,6.042049772542306,1,1,0,1,0
1,12.593597824651043,7.0,1,0,0,1,0
1,12.003737240935733,5.107474481871463,1,1,1,0,0
1,11.978813079291832,6.934851634911479,1,0,0,1,0
1,11.9,5.7313446574418885,0,1,1,1,0
0,13.153131384097907,6.426565692048953,0,0,1,1,0
0,13.31921971065629,6.490390144671856,0,0,1,1,0
0,13.389559650749328,6.455220174625337,0,0,1,1,0
0,13.334840541380313,6.39547837585907,0,0,1,1,0
0,11.675899240503282,6.631924430377461,0,1,1,1,0
1,13.044098188831883,6.585300603722705,1,1,0,0,0
1,12.64943666384,5.116854445386666,1,0,1,1,0
1,11.757169631479377,5.264245552780938,1,0,1,1,0
0,13.48061618723237,6.36123237446474,0,0,1,1,0
0,13.360049266242331,6.713316911252556,1,0,0,1,0
0,14.161828746970516,6.34121916464701,1,0,1,0,0
0,12.949947454079805,6.249947454079803,1,0,0,1,0
0,13.337007811705732,6.388976564882805,0,0,1,1,0
0,13.532888489204868,6.673422302159026,1,0,0,1,0
1,14.418519361932908,5.726665148520767,1,0,1,0,0
0,13.698615076419037,6.2896582908783145,0,0,1,1,0
1,12.079928727624663,5.259857455249329,1,1,1,0,0
0,11.984228169688455,6.96403802828141,0,1,1,0,0
1,12.180539358751812,5.273153547082729,1,0,1,1,0
1,11.815584169511844,5.2155841695118434,1,0,1,1,0
0,13.377428313469068,6.715047791020622,1,0,0,1,0
0,14.19484113417564,5.804421884992308,0,0,1,1,0
1,11.667854166645308,5.681255208370711,1,1,1,0,0
0,11.540230310215382,6.6609212408615255,0,1,1,0,0
0,13.512769125771731,6.3890550350528015,0,0,1,1,0
0,14.395310575225894,6.496873716817263,1,0,1,0,0
1,13.36056195093968,6.479812683020107,1,1,0,0,0
0,13.302118436600368,6.504236873200732,0,0,0,1,0
0,14.38373755491719,6.489158369944793,1,0,1,0,0
1,14.144606240245109,6.544606240245109,1,1,0,0,0
1,14.422313839971892,5.719835088050593,1,0,1,0,0
1,11.827089143751872,5.196990095138681,1,0,1,1,0
0,13.34274853696624,6.47862573151688,0,0,1,1,0
0,13.808608139919704,6.618278372016059,1,0,0,1,0
1,12.62585309136142,6.517235394240948,1,1,1,0,0
0,13.389698592086196,6.67939718417239,0,0,0,1,0
0,13.244007987515564,6.472003993757782,0,0,1,1,0
1,11.9720863375361,5.236043168768051,0,1,1,1,0
1,12.05898675682608,5.217973513652159,1,1,1,0,0
1,14.37441736013844,5.806048751750811,1,0,1,0,0
0,12.686452323109618,6.937849225630127,1,0,0,1,0
1,11.74067639869205,5.553816302288912,1,1,1,0,0
1,14.598576409865448,5.900813480076887,1,1,0,0,0
0,12.298933717625562,5.503198847123313,1,1,0,1,0
0,12.2,5.947770357129886,1,1,0,1,0
1,14.143229847863836,6.213540304272328,1,0,1,0,0
0,12.917430150184307,6.308715075092154,0,0,1,1,0
1,12.126079496697391,6.388704603963129,1,0,0,1,0
1,12.112607899978125,5.165265788891319,1,0,1,1,0
0,12.205162667850216,5.974186660748905,1,1,0,1,0
1,12.977847876905988,6.622152123094011,1,1,0,0,0
0,11.516787074176744,6.983212925823256,0,1,1,0,0
1,12.82415717344608,7.0396070663848,1,1,0,0,0
0,13.806562767442529,6.13723191362069,0,0,1,1,0
1,14.575869762487496,5.443434427522507,1,0,1,0,0
1,12.831411822405308,6.654274548270205,1,1,1,0,0
1,11.989839857313688,6.936229982164211,1,0,0,1,0
1,14.13785820699716,6.224283586005679,1,0,1,0,0
1,14.199506305396968,6.599506305396968,1,1,0,0,0
1,11.561481337786882,7.038518662213117,1,0,0,1,0
1,14.133099360749137,6.233801278501725,1,0,1,0,0
1,14.247860274604216,6.00427945079157,1,0,1,0,0
1,12.83056195517054,7.023595112073654,1,1,0,0,0
0,13.468892471440068,6.337784942880137,0,0,1,1,0
0,14.14390376291591,6.551219247416818,1,0,0,1,0
1,12.324436993204248,7.087781503397876,1,0,0,1,0
1,11.901911172193408,6.920191117219341,1,0,0,1,0
0,12.834543087122183,6.162596049784105,1,1,0,1,0
0,12.90421060261021,6.20421060261021,1,0,0,1,0
1,14.237944477129332,6.0241110457413365,1,0,1,0,0
1,11.50004357513975,5.699945531075313,0,1,1,1,0
1,12.816158038812928,6.644105359208618,1,1,1,0,0
0,13.388612482866543,6.455693758566728,0,0,1,1,0
0,13.316185466357531,6.451443600927409,0,0,1,1,0
0,14.137832360505923,6.552433527898815,1,0,0,1,0
1,12.590112139388658,5.112209762290148,1,0,1,1,0
0,13.78153424174271,6.5,0,0,1,1,0
1,12.32664520587783,5.224451598040723,1,0,1,1,0
1,14.1606146516729,6.4818439550187,1,0,1,0,0
0,13.78702907269423,6.2405394040587625,0,0,1,1,0
0,13.36491074289367,6.305267771318989,0,0,1,1,0
0,14.254571529097936,6.403047686065292,1,0,1,0,0
0,12.533781019619216,6.988739660126928,1,0,0,1,0
0,12.2,5.959377181520778,1,1,0,1,0
1,14.10075053877744,6.302251616332321,1,0,1,0,0
0,13.330193074144724,6.560386148289448,0,0,0,1,0
1,14.111088449230444,6.277823101539108,1,0,1,0,0
1,12.773046819699676,6.902604240400431,1,1,0,0,0
0,11.500969802641912,6.500969802641912,0,1,1,1,0
1,12.281107202543891,6.95811072025439,1,0,0,1,0
1,12.04815711257774,5.2740785562888695,0,1,1,1,0
0,12.480880727998148,5.960503273141799,1,1,0,1,0
0,12.222613087710032,5.88693456144984,1,1,0,1,0
0,13.602849936824136,6.5,0,0,1,1,0
0,11.887529380850374,6.422494123829925,0,1,1,1,0
0,13.556853652368572,6.668629269526286,1,0,0,1,0
0,13.279627726514311,6.57962772651431,1,0,0,1,0
1,12.14588147045482,5.284706176515059,1,0,1,1,0
0,12.885358235123467,6.191633277213411,1,1,0,1,0
0,11.587282389733554,6.849129558934219,0,1,1,0,0
1,14.27826606280959,5.979121086942735,1,0,1,0,0
0,14.278183409880697,6.524363318023861,1,0,0,1,0
0,13.23157651226196,6.756141162579347,1,0,0,1,0
1,11.681532881127328,5.657317458027176,1,1,1,0,0
1,14.13789224560323,6.413676736809688,1,0,1,0,0
0,12.450772902888136,5.675901720036156,1,1,0,1,0
1,12.053018349522713,6.935301834952272,1,0,0,1,0
1,14.043314491720563,6.3,1,0,0,0,0
0,13.13003289420666,6.789989035264448,1,0,0,1,0
1,14.081148927127789,6.3,1,0,0,0,0
0,13.134638154138411,6.876907897241059,1,0,0,1,0
0,11.676934390863105,6.464613121827379,0,1,1,1,0
1,12.11609358685702,5.16487849034922,1,0,1,1,0
0,11.545619684068171,6.682478736272692,0,1,1,0,0
0,12.176632516055813,6.996105419342635,0,1,1,0,0
0,12.712527697865635,6.092872970208934,1,1,0,1,0
1,11.9,5.22144843673593,0,1,1,1,0
1,14.338271771888646,5.871110810600436,1,0,1,0,0
0,12.892348993990591,6.869217002003136,1,0,0,1,0
0,13.410385883579105,6.220771767158211,0,0,1,1,0
0,12.668904848619675,5.8,1,1,0,1,0
0,11.880249249972731,6.785186937479548,0,1,1,1,0
1,14.18146954644136,6.54440863932408,1,0,1,0,0
0,13.543216170491876,6.5,0,0,1,1,0
1,11.977512427601615,6.566985086878059,1,0,0,1,0
0,13.010250903414656,6.829916365528448,1,0,0,1,0
1,12.097399897436356,5.299133299145452,1,0,1,1,0
0,12.334103190168795,5.525577392626596,1,1,0,1,0
0,13.099212311748987,6.399606155874493,0,0,1,1,0
0,14.162930338892336,6.341953559261557,1,0,1,0,0
0,12.711835798074985,6.929388067308339,1,0,0,1,0
1,12.913814483582994,6.686185516417006,1,1,0,0,0
1,13.11559052113508,6.6,1,1,0,0,0
1,11.982540066918132,5.134919866163738,1,1,1,0,0
1,14.234561024174608,6.030877951650786,1,0,1,0,0
0,12.999908319022492,6.966727787318339,1,0,0,1,0
1,11.715427785512636,5.569144428974728,0,1,1,1,0
0,14.20229356421979,6.36819570947986,1,0,1,0,0
1,12.704299523340454,6.993550714989318,1,1,1,0,0
0,11.52935343856562,6.970646561434381,0,1,1,0,0
0,12.553991606431406,6.982002797856198,1,0,0,1,0
1,11.988360797320455,5.179071022519949,1,0,1,1,0
0,11.989368575070742,6.964894762511791,0,1,1,0,0
0,14.06643969489956,6.462937743877729,0,0,1,1,0
1,14.061575819757069,6.3,1,0,0,0,0
0,11.502530098729151,6.510120394916608,0,1,1,0,0
1,11.991682504611092,5.245841252305546,0,1,1,1,0
0,11.522764307679816,6.591057230719268,0,1,1,0,0
1,12.471412596358856,7.014293701820572,1,0,0,1,0
1,12.05891192291204,5.26027201927199,1,0,1,1,0
0,13.381497722301225,6.662995444602449,0,0,0,1,0
1,12.007985829539326,5.115971659078652,1,1,1,0,0
0,12.232589203404164,5.9044647795750045,1,1,0,1,0
1,11.806901904299917,5.206901904299916,1,0,1,1,0
1,14.48042083125844,5.61524250373481,1,0,1,0,0
1,12.588021385275542,5.140719496263439,1,0,1,1,0
1,14.162334324130148,6.487002972390448,1,0,1,0,0
1,14.288974812652205,5.922050374695592,1,0,1,0,0
0,11.693328672778655,6.693328672778654,0,1,1,1,0
0,13.962375181839423,6.45137502020438,0,0,1,1,0
0,13.343448714166652,6.586897428333306,0,0,0,1,0
1,11.906841677016768,5.298289580745808,1,0,1,1,0
1,13.052109231461502,6.6,1,1,0,0,0
0,11.552667870945069,6.947332129054934,0,1,1,0,0
0,14.252476015326431,6.401650676884287,1,0,1,0,0
0,13.375830580234958,6.651661160469914,0,0,0,1,0
1,12.512409522872256,7.0,1,0,0,1,0
1,12.538189705772348,5.15393676474255,1,0,1,1,0
0,11.582887524809504,6.917112475190495,0,1,1,0,0
1,11.7290413701335,5.541917259733003,0,1,1,1,0
1,12.9,6.84211706272221,1,1,1,0,0
0,13.371645397547418,6.643290795094837,0,0,0,1,0
0,13.33352196723435,6.567043934468701,0,0,0,1,0
0,11.544974665595332,6.6798986623813255,0,1,1,0,0
0,13.459263646996526,6.4203681765017375,0,0,1,1,0
0,13.491617259090114,6.404191370454943,0,0,1,1,0
1,12.11724526442508,5.294251578524973,1,0,1,1,0
1,12.257495575245894,7.085831858415298,1,0,0,1,0
0,13.33769068726861,6.575381374537219,0,0,0,1,0
0,12.934039367880596,6.234039367880595,1,0,0,1,0
0,13.385616496396588,6.457191751801707,0,0,1,1,0
1,11.560123240947922,6.979753518104154,0,1,1,0,0
1,14.210118342049688,6.079763315900626,1,0,1,0,0
1,14.281658100883028,5.936683798233948,1,0,1,0,0
1,12.37294236669306,6.967294236669306,1,0,0,1,0
1,12.078676310874036,5.257352621748075,1,1,1,0,0
1,13.304555606541182,6.4984814644862725,1,1,0,0,0
1,14.030871640081443,6.3,1,0,0,0,0
1,12.015394330973862,5.271798110324621,1,0,1,1,0
1,14.139640849966105,6.22071830006779,1,0,1,0,0
1,12.150526006077474,5.161052665991392,1,0,1,1,0
1,14.246231196428187,6.036783846429262,1,0,1,0,0
0,12.281600273871394,5.610398356771638,1,1,0,1,0
1,11.9,5.74326390437612,0,1,1,1,0
1,13.954979166157148,6.3,1,0,0,0,0
1,12.7,5.519076622814351,1,0,1,1,0
1,11.588512393676632,7.011487606323366,1,0,0,1,0
1,12.473657794583984,6.996707224322998,1,0,0,1,0
0,14.10015671530092,6.30010447686728,1,0,1,0,0
1,11.85791985481172,5.406210961886647,1,0,1,1,0
0,11.665003734504143,6.665003734504144,0,1,1,1,0
0,13.38797343780112,6.67594687560224,0,0,0,1,0
1,12.898629341222769,6.699086227481845,1,1,1,0,0
1,12.184831319754457,6.318202416294651,1,0,0,1,0
1,11.985254452347458,7.054101780938983,0,1,1,0,0
0,13.073885244660788,6.386942622330394,0,0,1,1,0
1,14.179430283028914,6.157025490547953,1,0,1,0,0
0,13.31660341456654,6.450189756300384,0,0,1,1,0
0,11.543758159456702,6.67503263782681,0,1,1,0,0
0,12.546796608268895,5.685097456201673,1,1,0,1,0
0,11.772436687618454,6.772436687618454,0,1,1,1,0
0,14.388852036138978,6.492568024092652,1,0,1,0,0
0,13.568857191688732,6.340979549981086,0,0,1,1,0
1,11.721349941183377,6.902668742647922,1,0,0,1,0
0,13.34071882040607,6.581437640812139,0,0,0,1,0
1,11.605743323099285,5.491385015351076,1,0,1,1,0
0,13.48939333114935,6.3787866622987,0,0,1,1,0
1,12.7,5.586561970346726,1,0,1,1,0
1,11.757234942705168,6.907154367838146,1,0,0,1,0
0,14.24272166004316,6.531455667991368,1,0,0,1,0
1,12.914423732206489,6.685576267793512,1,1,0,0,0
1,12.198184525706369,5.267271824764544,1,0,1,1,0
1,11.9,5.286160553258932,0,1,1,1,0
0,14.20816984902394,6.372113232682627,1,0,1,0,0
0,14.206406470044644,6.370937646696429,1,0,1,0,0
1,13.040810812001547,6.6,1,1,0,0,0
1,12.57434709502771,7.0,1,0,0,1,0
0,13.384888732958592,6.669777465917181,0,0,0,1,0
0,12.895779939498071,6.197588536856041,1,1,0,1,0
0,13.37750269096337,6.655005381926737,0,0,0,1,0
1,11.946033456370296,5.248677818790099,1,0,1,1,0
1,13.258549591384735,6.6,1,1,0,0,0
0,12.909183606048334,7.027210929301111,1,0,0,1,0
0,11.57873935727238,6.81495742908952,0,1,1,0,0
0,12.670811809618645,5.778108857213983,1,1,0,1,0
1,11.641025092691551,5.43846236096267,1,0,1,1,0
1,14.007045801306832,6.3,1,0,0,0,0
0,11.56342843308231,6.278000484211918,0,1,1,1,0
0,12.29902668032921,5.502919959012376,1,1,0,1,0
0,12.791483600525666,6.902838799824778,1,0,0,1,0
0,11.902946849265083,6.950491141544181,0,1,1,0,0
0,13.995835186116183,5.974998411900414,0,0,1,1,0
0,13.328303829851416,6.55660765970283,0,0,0,1,0
1,12.591932792022156,5.12701680199446,1,0,1,1,0
0,11.94049863727886,6.95674977287981,0,1,1,0,0
1,12.975726147719616,6.660684630700958,1,1,0,0,0
0,12.247492872434124,5.762535637829386,1,1,0,1,0
0,14.369864561767638,6.496651617974182,0,0,1,1,0
0,12.20038385061713,5.998080746914352,1,1,0,1,0
1,13.092937671794036,5.268144257199082,1,1,1,0,0
1,11.9,5.902099311490024,0,1,1,1,0
1,11.728583573655122,6.865699711613854,1,0,0,1,0
1,11.552425557181198,5.612624071364671,1,0,1,1,0
0,13.33194367933742,6.48402816033129,0,0,1,1,0
0,11.537717912822352,6.650871651289408,0,1,1,0,0
1,12.75976288691162,6.910355669632571,1,1,1,0,0
0,14.343159044687043,6.462106029791362,1,0,1,0,0
1,12.58454638963584,5.1419831310415125,1,0,1,1,0
1,13.719806613100126,6.372077354759949,1,1,0,0,0
1,11.614988934095305,5.494549478510799,1,0,1,1,0
1,11.838432546925745,5.195729717008251,1,0,1,1,0
0,13.196854497778924,6.448427248889462,0,0,1,1,0
1,12.88651345477782,6.720229817833271,1,1,1,0,0
0,12.992977433406596,6.3464887167032975,0,0,1,1,0
1,12.375927741629942,5.181018064592514,1,0,1,1,0
0,12.898952283611578,6.867015905462807,1,0,0,1,0
1,12.89242953432396,6.69495302288264,1,1,1,0,0
0,13.468974765566731,6.337949531133464,0,0,1,1,0
0,13.20164944587759,6.766116851374137,1,0,0,1,0
1,12.809982597910066,7.060069608359741,1,1,1,0,0
1,11.68603659900544,6.913963400994559,1,0,0,1,0
1,13.005947698862329,6.6,1,1,0,0,0
0,13.13118683890982,6.431186838909819,1,0,0,1,0
1,11.71104513680897,6.903681712269657,1,0,0,1,0
0,13.380483166872578,6.459758416563711,0,0,1,1,0
0,13.722882408645656,6.20895793544658,0,0,1,1,0
0,13.095409648192168,6.801530117269278,1,0,0,1,0
1,12.211870530274608,6.951187053027461,1,0,0,1,0
0,13.87080121229839,6.441200134699821,0,0,1,1,0
0,13.602230803791963,6.5,0,0,1,1,0
0,13.26159959824225,6.480799799121125,0,0,1,1,0
0,13.036390405493284,6.368195202746642,0,0,1,1,0
0,14.17234356787918,6.5,0,0,1,1,0
1,12.361792502999275,5.137578610777858,1,0,1,1,0
1,14.441814914036916,5.990391477693192,1,1,0,0,0
1,12.635496643093466,7.0,1,0,0,1,0
1,12.9,6.813053176460852,1,1,1,0,0
1,12.062048450008556,6.936204845000856,1,0,0,1,0
0,12.2,5.854662504624433,1,1,0,1,0
0,12.205060683073846,5.974696584630767,1,1,0,1,0
1,13.75626211407205,6.34791262864265,1,1,0,0,0
0,12.2,5.990780637267854,1,1,0,1,0
0,13.422531743213211,6.245063486426426,0,0,1,1,0
0,13.362055374562914,6.313833876311258,0,0,1,1,0
1,12.018834923003215,6.931883492300322,1,0,0,1,0
1,11.567716267696532,5.6187404787641615,1,1,1,0,0
1,13.982811118247763,6.3,1,0,0,0,0
0,11.505945656820812,6.523782627283246,0,1,1,0,0
0,13.491458640421548,6.404270679789226,0,0,1,1,0
0,14.14705809361578,5.845378776900759,0,0,1,1,0
1,11.810668403490896,5.210668403490896,1,0,1,1,0
1,14.178008595841748,6.534025787525243,1,0,1,0,0
0,14.112741577288888,6.059588012617285,0,0,1,1,0
1,11.808847931864856,5.208847931864857,1,0,1,1,0
1,14.154677345099506,6.464032035298519,1,0,1,0,0
0,13.20449926244614,6.830333825035906,1,0,0,1,0
0,13.426068424107248,6.252136848214494,0,0,1,1,0
1,14.169148584066278,6.161702831867445,1,0,1,0,0
0,12.331308927155844,5.536527081681816,1,1,0,1,0
1,12.514081910136165,5.161972696621278,1,0,1,1,0
1,12.31454150003092,7.09272924998454,1,0,0,1,0
0,13.32520293520566,6.487398532397171,0,0,1,1,0
1,11.966046120067167,5.233023060033584,0,1,1,1,0
1,11.916092750402589,5.295976812399353,1,0,1,1,0
1,11.737477642599265,6.954991057039706,0,1,1,0,0
0,13.492760710577686,6.385521421155373,0,0,1,1,0
0,13.906975892263388,6.051163520917096,0,0,1,1,0
1,13.038336347130576,6.587221217623141,1,1,0,0,0
1,11.71230156115022,5.331547658274671,1,0,1,1,0
0,12.99868015196123,6.29868015196123,1,0,0,1,0
0,12.233566297025677,5.8191807411575285,1,1,0,1,0
0,13.96456171695885,6.451617968550983,0,0,1,1,0
0,13.441360452824652,6.429319773587674,0,0,1,1,0
1,14.109556037299544,6.328668111898629,1,0,1,0,0
1,14.194646406905314,6.110707186189371,1,0,1,0,0
1,11.525900458676908,7.048199082646184,0,1,1,0,0
1,12.523225462873194,7.0,1,0,0,1,0
1,11.946281950706886,5.288429512323278,1,0,1,1,0
0,12.526851198234851,5.8,1,1,0,1,0
0,13.33364399483626,6.399068015491224,0,0,1,1,0
1,11.9,5.291398724776959,0,1,1,1,0
0,11.570112019526633,6.254607931656786,0,1,1,1,0
0,11.67339519551471,6.6733951955147095,0,1,1,1,0
1,12.839250370226813,6.942998519092752,1,1,1,0,0
0,13.391271132936415,6.226186601190748,0,0,1,1,0
1,11.965510924176373,6.933188865522046,1,0,0,1,0
0,13.38519015001988,6.670380300039759,0,0,0,1,0
0,13.707615074038786,6.5,0,0,1,1,0
0,13.488330855058578,6.405834572470711,0,0,1,1,0
1,12.163077701229046,5.278974099590318,1,0,1,1,0
1,11.561265688099596,5.623417889875503,0,1,1,1,0
0,12.998583477874895,6.298583477874897,1,0,0,1,0
1,12.352292588056091,6.981536573507012,1,0,0,1,0
0,11.55839828410994,6.7335931364397625,0,1,1,0,0
0,13.987796390247022,6.129002005418322,0,0,1,1,0
1,12.851792850356665,6.9705178741083405,1,1,0,0,0
1,14.047646486830404,6.3,1,0,0,0,0
0,12.2267656779351,5.719702966194702,1,1,0,1,0
1,12.136693178429253,5.240826705392687,1,0,1,1,0
0,13.57490219720521,6.335798116681249,0,0,1,1,0
0,13.81423822755774,6.130652947807652,0,0,1,1,0
0,13.848248949638643,6.101500900309733,0,0,1,1,0
0,14.16524662035473,6.343497746903153,1,0,1,0,0
0,12.2,5.82404604523755,1,1,0,1,0
1,14.29551236942002,5.948077735043965,1,0,1,0,0
0,13.692963524967563,6.421440391663063,0,0,1,1,0
1,12.880304784924286,6.68686985661619,1,1,1,0,0
0,12.673334924704209,6.070477099830977,1,1,0,1,0
1,14.032204708684974,6.3,1,0,0,0,0
1,11.739609899862575,6.95584395994503,0,1,1,0,0
0,13.44081142177974,6.42959428911013,0,0,1,1,0
1,11.96234158239251,5.231170791196255,0,1,1,1,0
0,13.327761694711224,6.748158870192518,1,0,0,1,0
1,12.475509703743752,5.174830098752082,1,0,1,1,0
0,12.2,5.81129060772548,1,1,0,1,0
1,13.610727309081993,6.396424230306002,1,1,0,0,0
1,11.522225664550731,7.055548670898538,0,1,1,0,0
1,14.02460442079566,6.424604420795661,1,1,0,0,0
0,13.438678386325288,6.277356772650576,0,0,1,1,0
0,13.494515501350069,6.681096899729987,1,0,0,1,0
0,13.486786690170996,6.406606654914503,0,0,1,1,0
1,11.92789162043344,6.92848645255418,1,0,0,1,0
0,14.381761449613249,6.497973494401472,0,0,1,1,0
0,11.5910544186014,6.864217674405594,0,1,1,0,0
0,12.979154952019115,6.279154952019118,1,0,0,1,0
1,11.687448889732988,6.912551110267011,1,0,0,1,0
1,12.991254320991532,6.608745679008466,1,1,0,0,0
0,14.392098580129757,6.49473238675317,1,0,1,0,0
1,11.914984386750998,6.9214984386751,1,0,0,1,0
0,13.014815928894228,6.3574079644471135,0,0,1,1,0
0,14.313157794480166,6.5,0,0,1,1,0
1,12.7,5.409038317229808,1,0,1,1,0
0,11.590577434321508,6.862309737286034,0,1,1,0,0
0,13.3019115539205,6.503823107841,0,0,0,1,0
0,12.72431711574588,6.925227628084707,1,0,0,1,0
1,12.408413744874771,6.988551718109346,1,0,0,1,0
1,11.644433699615153,6.917773479846061,0,1,1,0,0
1,11.960824933958772,5.253608311319591,1,0,1,1,0
1,14.29961392948155,5.940694926933209,1,0,1,0,0
1,12.359314407070242,5.137853954769973,1,0,1,1,0
0,12.702773038726727,6.93240898709109,1,0,0,1,0
0,11.757715776514049,6.757715776514048,0,1,1,1,0
0,13.521431165205744,6.5,0,0,1,1,0
1,11.893488461767294,6.6678138458792455,1,0,0,1,0
1,11.58412766315343,7.015872336846569,1,0,0,1,0
1,12.21001092703939,6.963751365879924,1,0,0,1,0
0,13.444837641760708,6.289675283521417,0,0,1,1,0
1,12.07943736940727,7.026479123135757,1,0,0,1,0
1,12.7,5.139001421279026,1,0,1,1,0
0,12.980105759993704,6.979929493337531,1,0,0,1,0
1,14.521344835716834,5.541579295709699,1,0,1,0,0
0,12.399096176333568,5.8,1,1,0,1,0
1,14.210870700951665,6.078258598096674,1,0,1,0,0
0,13.156266712974828,6.456266712974827,1,0,0,1,0
0,13.024009209641116,6.825330263452961,1,0,0,1,0
0,12.972423822133214,6.985050785244524,1,0,0,1,0
1,12.9,6.7802314196780005,1,1,1,0,0
1,11.952456888811025,5.250818962937007,1,0,1,1,0
0,12.2,6.076749162924603,1,1,0,1,0
0,14.027116067736012,6.5,0,0,1,1,0
0,13.288360850689072,6.737213049770309,1,0,0,1,0
0,13.35793862509451,6.326184124716473,0,0,1,1,0
1,12.858522109681967,6.865911561272124,1,1,1,0,0
0,13.766642632909262,6.1714491717920605,0,0,1,1,0
0,11.75208833715096,6.68906625286322,0,1,1,1,0
1,12.783226238163456,6.889031682448724,1,1,0,0,0
0,13.38870753451221,6.23387739646337,0,0,1,1,0
1,13.937018309125971,6.337018309125971,1,1,0,0,0
0,13.957291464671243,6.008035887424647,0,0,1,1,0
0,11.57395140712982,6.795805628519279,0,1,1,0,0
0,13.042225654868822,6.371112827434411,0,0,1,1,0
1,12.9352155874249,6.76196103143775,1,1,0,0,0
0,14.148613236393892,5.844045797376664,0,0,1,1,0
1,12.692982881844316,5.102339039385228,1,0,1,1,0
0,13.334612615256615,6.396162154230154,0,0,1,1,0
0,13.920263249652669,6.5,0,0,1,1,0
1,12.160501864944273,7.053500621648091,1,0,0,1,0
1,14.081136673154164,6.3,1,0,0,0,0
1,11.88524698178451,5.300817781877108,1,1,1,0,0
0,13.3078846518272,6.476346044518401,0,0,1,1,0
0,11.58544398802929,6.91455601197071,0,1,1,0,0
1,12.208012745455488,6.963501593181936,1,0,0,1,0
1,11.724603270852592,5.550793458294815,0,1,1,1,0
1,12.095108580121517,5.290217160243036,1,1,1,0,0
0,12.437918213779854,5.93595326501706,1,1,0,1,0
1,13.995810988011671,6.3,1,0,0,0,0
1,12.904566838106602,6.695433161893398,1,1,0,0,0
1,14.434374200997896,5.698126438203786,1,0,1,0,0
1,11.860045947968109,6.920005743496014,1,0,0,1,0
1,11.925799533719596,5.189040559536484,1,1,1,0,0
0,14.129207589229814,6.554158482154038,1,0,0,1,0
0,11.709651242112956,6.657238431584715,0,1,1,1,0
0,13.355883116141186,6.332350651576443,0,0,1,1,0
0,14.290342899532297,5.9609206113709465,0,0,1,1,0
0,12.259045278858306,5.622864163425081,1,1,0,1,0
0,11.664423202768504,6.467115359446299,0,1,1,1,0
1,14.127366543638644,6.382099630915931,1,0,1,0,0
0,14.18412759438286,6.356085062921908,1,0,1,0,0
1,13.622326261011269,6.392557912996244,1,1,0,0,0
1,12.982950327404028,6.617049672595972,1,1,0,0,0
0,14.327258632508132,6.451505755005421,1,0,1,0,0
1,11.511324161858044,7.088675838141955,1,0,0,1,0
1,13.379426062685171,6.508229574925932,1,1,0,0,0
1,11.523537396832213,7.052925206335574,0,1,1,0,0
1,12.642184766880687,5.114453808279827,1,0,1,1,0
0,13.97335887926246,6.452595431029162,0,0,1,1,0
0,13.148954831591984,6.448954831591983,1,0,0,1,0
1,11.949834302015812,6.924983430201581,1,0,0,1,0
0,13.358927643003758,6.617855286007514,0,0,0,1,0
1,14.29321211549144,5.91357576901712,1,0,1,0,0
0,12.29743325172587,5.50770024482239,1,1,0,1,0
0,12.2,5.842317326794518,1,1,0,1,0
1,14.176791243693058,6.530373731079177,1,0,1,0,0
1,11.53867547395283,7.06132452604717,1,0,0,1,0
0,12.2,5.905574937946134,1,1,0,1,0
0,13.349208689884764,6.598417379769527,0,0,0,1,0
0,13.378108039665063,6.678108039665062,1,0,0,1,0
0,12.296345110006058,5.510964669981826,1,1,0,1,0
1,11.579465825248835,6.941068349502328,0,1,1,0,0
0,12.69468139379826,5.796011045348694,1,1,0,1,0
0,13.830209414738825,6.216550325145099,0,0,1,1,0
1,14.458469846508924,5.9808743734234735,1,1,0,0,0
0,14.190308633600374,6.360205755733582,1,0,1,0,0
1,14.41866914054366,6.003617633975052,1,1,0,0,0
0,13.103893832325737,6.798702055891422,1,0,0,1,0
0,14.305843267211095,6.437228844807397,1,0,1,0,0
0,13.73691590035166,6.1969292282700055,0,0,1,1,0
0,13.427817018092163,6.25563403618433,0,0,1,1,0
1,12.492113164272398,5.123098537303067,1,0,1,1,0
0,13.573083925480288,6.5,0,0,1,1,0
0,12.983047181216085,6.977968545855944,1,0,0,1,0
0,13.309132250182245,6.4726032494532735,0,0,1,1,0
0,13.298486690215896,6.7338377699280345,1,0,0,1,0
0,11.682194852438338,5.862318016465818,0,1,1,1,0
1,11.747534374612428,6.842958750465087,1,0,0,1,0
0,13.391293180149786,6.682586360299569,0,0,0,1,0
1,12.659407868172906,7.0,1,0,0,1,0
0,13.162526102998733,6.779157965667089,1,0,0,1,0
0,13.357249021086911,6.657249021086912,1,0,0,1,0
1,12.94867821708816,6.680528713164736,1,1,0,0,0
1,14.367830729146064,5.817904687537085,1,0,1,0,0
1,14.231183468698203,6.037633062603591,1,0,1,0,0
0,12.368852995914098,5.580328495233115,1,1,0,1,0
0,13.36792142026566,6.635842840531323,0,0,0,1,0
0,12.6339804459773,6.9553398513409,1,0,0,1,0
1,11.505491697319984,5.69084717113336,1,0,1,1,0
0,13.219161057483737,6.519161057483737,1,0,0,1,0
1,12.835782448138492,6.7963263277922605,1,1,1,0,0
0,13.385215620830794,6.244353137507618,0,0,1,1,0
1,12.740595730465136,6.939106404302295,1,1,1,0,0
1,12.49497529921045,6.979497529921045,1,0,0,1,0
1,14.07160636536046,6.3,1,0,0,0,0
1,11.9,5.853960448835291,0,1,1,1,0
1,13.967437538967078,6.3,1,0,0,0,0
1,14.132423911966017,6.241636958461172,1,0,1,0,0
0,13.488187121516615,6.376374243033234,0,0,1,1,0
1,14.27729587011555,5.9454082597689,1,0,1,0,0
0,12.90226702550268,7.031821982998213,1,0,0,1,0
1,12.025793585513014,5.151587171026028,1,1,1,0,0
1,14.276343098931552,5.982582421923205,1,0,1,0,0
0,12.29706275363752,5.517623478174883,1,1,0,1,0
0,13.368509561106466,6.720993625929022,1,0,0,1,0
0,14.217109395192114,6.536578120961577,1,0,0,1,0
1,14.133672872653245,6.232654254693512,1,0,1,0,0
1,11.556419516749235,6.98716096650153,0,1,1,0,0
0,13.359324901540264,6.322025295379213,0,0,1,1,0
0,12.254995256330854,5.635014231007439,1,1,0,1,0
0,13.752414995305484,6.183644289738156,0,0,1,1,0
1,13.753102030644936,6.348965989785021,1,1,0,0,0
1,13.99012178340534,6.3,1,0,0,0,0
0,13.345907436029732,6.477046281985134,0,0,1,1,0
1,11.796658358157163,5.455847873224959,1,1,1,0,0
1,12.090770346902694,5.296923448967565,1,0,1,1,0
0,13.726542048068628,6.205821101655462,0,0,1,1,0
1,12.3197244397993,6.977465554974913,1,0,0,1,0
1,13.273641395353668,6.508786201548777,1,1,0,0,0
0,11.55034159051689,6.701366362067558,0,1,1,0,0
1,12.794454113351469,6.8583188299728,1,1,1,0,0
1,12.42979698589237,5.167550753526907,1,0,1,1,0
1,12.450254808191346,5.127749465756517,1,0,1,1,0
1,12.46343161114244,6.995428951392805,1,0,0,1,0
0,12.509972504229346,5.744967921600902,1,1,0,1,0
1,12.7,5.640694795320653,1,0,1,1,0
0,13.06604484942716,6.366044849427162,1,0,0,1,0
0,13.857680515402675,6.201288602554069,0,0,1,1,0
1,11.8242470179815,5.4184556298249085,1,0,1,1,0
1,11.877509755778888,5.277509755778889,1,0,1,1,0
1,12.475180959784517,5.174939680071828,1,0,1,1,0
0,14.070305881290754,6.56593882374185,1,0,0,1,0
1,12.09561216111858,5.31977739595688,1,0,1,1,0
1,11.78881731312732,6.911102164140916,1,0,0,1,0
0,14.241999165666329,6.531600166866735,1,0,0,1,0
0,12.692767877729777,6.935744040756742,1,0,0,1,0
1,12.911652455049117,6.717796726601178,1,1,0,0,0
1,11.508221009028862,7.083557981942277,0,1,1,0,0
1,11.629317784421897,5.489338987482947,1,0,1,1,0
1,11.9,5.744377111138822,0,1,1,1,0
0,14.235291489921662,6.5,0,0,1,1,0
0,14.349230559745711,6.5,0,0,1,1,0
0,14.375163379914769,6.504967324017047,1,0,0,1,0
0,12.675172717185143,6.071527266962939,1,1,0,1,0
1,13.77659099040481,6.34113633653173,1,1,0,0,0
1,14.580867282346356,5.43443889177656,1,0,1,0,0
0,13.340908307597456,6.5818166151949145,0,0,0,1,0
0,13.24658974563078,6.751136751456407,1,0,0,1,0
0,13.378262664974413,6.460868667512794,0,0,1,1,0
0,12.2,5.953772705431248,1,1,0,1,0
1,12.97687052450068,6.630839300665761,1,1,0,0,0
1,14.121678638691051,6.36503591607316,1,0,1,0,0
1,14.082561436273997,6.482561436273994,1,1,0,0,0
1,12.81944623619185,7.022215055232605,1,1,1,0,0
0,12.271545365019508,5.670727809882952,1,1,0,1,0
0,13.169936391666605,6.469936391666603,1,0,0,1,0
0,13.64511395730152,6.275616608027269,0,0,1,1,0
0,13.215213238190044,6.761595587269985,1,0,0,1,0
0,13.38323279199794,6.666465583995881,0,0,0,1,0
0,12.470003272569883,5.8,1,1,0,1,0
1,11.61398444580749,5.494914746979094,1,0,1,1,0
1,14.268605436226904,5.996510214791575,1,0,1,0,0
0,13.39236891294006,6.222893261179823,0,0,1,1,0
0,13.052443635193722,6.376221817596861,0,0,1,1,0
0,14.04235735078619,6.571528529842762,1,0,0,1,0
0,13.517619282927251,6.390211509484861,0,0,1,1,0
0,14.009678374109066,6.116845347717185,0,0,1,1,0
0,13.831368299404671,6.613726340119066,1,0,0,1,0
0,13.237183729958218,6.468591864979109,0,0,1,1,0
0,13.3796999490397,6.6796999490397,1,0,0,1,0
1,12.548137586346092,7.0,1,0,0,1,0
1,13.445040335633792,6.481983865746484,1,1,0,0,0
0,14.34470003870263,5.930722200720761,0,0,1,1,0
0,11.58656877002208,6.913431229977919,0,1,1,0,0
1,12.976746711959386,6.669301315216246,1,1,0,0,0
0,13.32946619665795,6.723511267780683,1,0,0,1,0
0,13.734260133950777,6.426028903772309,0,0,1,1,0
0,14.26491836436296,5.975045353131691,0,0,1,1,0
1,11.70028928428707,6.900096428095691,1,0,0,1,0
0,12.86596611071236,6.8780112964292135,1,0,0,1,0
1,11.803487178702104,6.912935897337763,1,0,0,1,0
1,11.904557583854888,5.18838249068279,1,0,1,1,0
1,12.622313409922937,7.0,1,0,0,1,0
1,12.67158774839132,5.110331727857701,1,0,1,1,0
1,14.154976104794027,6.464928314382085,1,0,1,0,0
0,12.287241925563784,5.538274223308649,1,1,0,1,0
1,14.13023460883151,6.390703826494529,1,0,1,0,0
1,12.778687056748854,6.89508392433486,1,1,0,0,0
0,12.2,5.908540694449901,1,1,0,1,0
1,11.834139231062078,5.282325961172403,0,1,1,1,0
1,14.13950310799066,6.220993784018679,1,0,1,0,0
0,13.442507386791863,6.428746306604068,0,0,1,1,0
0,12.243507621496205,5.838954271022786,1,1,0,1,0
1,12.57050569251567,7.0,1,0,0,1,0
0,11.58607654986991,6.91392345013009,0,1,1,0,0
1,12.7,5.440601541425053,1,0,1,1,0
0,13.382095876154924,6.664191752309848,0,0,0,1,0
0,11.527768009143257,6.402811967998601,0,1,1,1,0
0,11.582526428528968,6.917473571471031,0,1,1,0,0
1,13.309511811390886,6.4968293962030375,1,1,0,0,0
0,11.658359666156723,5.945741168451462,0,1,1,1,0
1,12.087431364952671,6.435082362056793,1,0,0,1,0
1,12.200680590374784,5.266439803208405,1,0,1,1,0
1,12.238065991255215,6.953806599125522,1,0,0,1,0
0,13.422807615301508,6.438596192349246,0,0,1,1,0
1,14.03791804718476,6.43791804718476,1,1,0,0,0
0,13.401594792123174,6.203189584246348,0,0,1,1,0
1,14.156293694123608,6.187412611752784,1,0,1,0,0
1,13.442452770890752,6.4830188916437,1,1,0,0,0
1,13.923854304430208,6.3,1,0,0,0,0
0,13.338917147170305,6.5778342943406045,0,0,0,1,0
0,13.155004003841006,6.427502001920503,0,0,1,1,0
0,12.854113186186604,7.063924542542264,1,0,0,1,0
1,11.631858920879294,5.535176348900882,0,1,1,1,0
1,12.095295247819736,5.297647623909867,0,1,1,1,0
1,12.67214884372086,7.0,1,0,0,1,0
1,14.032717755799569,6.3,1,0,0,0,0
0,13.753672574394969,6.629265485121007,1,0,0,1,0
1,11.9,5.435781357382142,0,1,1,1,0
0,13.520107381030709,6.5,0,0,1,1,0
1,12.7,5.499275264560496,1,0,1,1,0
0,14.17450344810904,6.349668965406027,1,0,1,0,0
0,11.556384973348075,6.725539893392305,0,1,1,0,0
1,14.190112007835854,6.570336023507562,1,0,1,0,0
0,13.90426009341201,6.44491778815689,0,0,1,1,0
0,13.366543017757737,6.63308603551547,0,0,0,1,0
1,11.58893106255801,6.922137874883978,0,1,1,0,0
1,11.734441505567062,5.309264157388232,1,0,1,1,0
1,12.160935901404772,6.946093590140477,1,0,0,1,0
1,14.10126413904249,6.184991920547149,1,1,0,0,0
0,12.292140323894234,5.547158056634597,1,1,0,1,0
0,13.063314219669136,6.381657109834567,0,0,1,1,0
0,13.394932548501036,6.689865097002071,0,0,0,1,0
1,12.9168246216028,6.6831753783972,1,1,0,0,0
1,13.205041884145984,6.531652705284673,1,1,0,0,0
0,13.906800844248387,6.445200093805377,0,0,1,1,0
1,14.09732723950786,6.49732723950786,1,1,0,0,0
0,14.122515816768797,6.5,0,0,1,1,0
0,14.194627411295013,6.363084940863341,1,0,1,0,0
0,12.2757843169902,5.572647049029403,1,1,0,1,0
0,12.27680366211082,5.639178027335087,1,1,0,1,0
0,13.372871942138444,6.4635640289307785,0,0,1,1,0
0,11.504365373340992,6.517461493363964,0,1,1,0,0
0,13.726285302796198,6.20604116903183,0,0,1,1,0
1,12.231654213418643,5.256115262193785,1,0,1,1,0
1,12.667678164035111,6.996767816403511,1,0,0,1,0
1,14.220981230928867,6.058037538142266,1,0,1,0,0
0,13.300716465829357,6.499641767085323,0,0,1,1,0
0,13.057633868533967,6.378816934266983,0,0,1,1,0
0,12.2,5.87654408815308,1,1,0,1,0
0,13.489500053807737,6.379000107615472,0,0,1,1,0
1,11.802478832979594,6.912809854122449,1,0,0,1,0
1,11.907261326390014,7.022904530556006,0,1,1,0,0
0,12.26525303586214,5.673734820689291,1,1,0,1,0
1,12.36645221704371,6.983306527130464,1,0,0,1,0
1,12.506925075435682,7.0,1,0,0,1,0
0,13.331759795621418,6.484120102189292,0,0,1,1,0
0,13.680826068661256,6.643834786267749,1,0,0,1,0
0,11.528357361334391,6.971642638665607,0,1,1,0,0
1,14.198370397783345,6.595111193350035,1,0,1,0,0
1,13.551816530682997,6.416061156439,1,1,0,0,0
0,13.210641516339589,6.510641516339588,1,0,0,1,0
1,12.84854740847808,6.905810366087684,1,1,1,0,0
1,14.101561146662718,6.304683439988155,1,0,1,0,0
1,12.504989839231216,7.0,1,0,0,1,0
0,13.450722727428136,6.424638636285932,0,0,1,1,0
0,13.218577022383968,6.760474325872011,1,0,0,1,0
1,11.589674997192962,6.920650005614075,0,1,1,0,0
1,11.99473071251312,5.109221253102037,1,1,1,0,0
0,13.179967585923052,6.8466882760513,1,0,0,1,0
0,11.5694443365839,6.930555663416102,0,1,1,0,0
0,13.165690243665042,6.856206504223306,1,0,0,1,0
0,11.52136009696255,6.52136009696255,0,1,1,1,0
0,13.372626414115016,6.645252828230032,0,0,0,1,0
1,13.904762391861617,6.3,1,0,0,0,0
0,13.588340217546632,6.350922101362983,0,0,1,1,0
1,12.25917651684623,6.969897064605779,1,0,0,1,0
1,12.9801631208806,6.6198368791194,1,1,0,0,0
1,11.983060078828398,5.360705425880582,1,0,1,1,0
1,14.162851569604436,6.562851569604436,1,1,0,0,0
1,11.88791303358484,5.28791303358484,1,0,1,1,0
1,14.199999240059388,6.1200013678931,1,0,1,0,0
0,12.638143127715493,5.8,1,1,0,1,0
0,11.70362541544748,6.917270902574581,0,1,1,0,0
1,12.859588685299816,6.787215086266912,1,1,0,0,0
0,13.390028361362596,6.6800567227251895,0,0,0,1,0
1,14.307526393701938,5.926452491336511,1,0,1,0,0
0,14.113381111163138,6.5573237777673725,1,0,0,1,0
1,11.724276782335654,5.313584826496521,1,0,1,1,0
1,14.334245810219064,5.878357541605686,1,0,1,0,0
0,11.694463822720046,6.915743970453342,0,1,1,0,0
0,13.328948935046892,6.557897870093782,0,0,0,1,0
1,12.985384972003898,6.619486703994802,1,1,0,0,0
1,12.29264627533424,5.145261524962862,1,0,1,1,0
1,12.7,5.647419621393781,1,0,1,1,0
1,12.521261245794475,5.119859861578391,1,0,1,1,0
1,11.769074337520973,6.906907433752098,1,0,0,1,0
0,12.979326668126276,6.279326668126276,1,0,0,1,0
1,12.682592616383635,7.0,1,0,0,1,0
0,11.637029181024356,6.6370291810243565,0,1,1,1,0
0,13.39792135454148,6.701385763639013,1,0,0,1,0
0,12.52703455395453,5.670275915465897,1,1,0,1,0
0,14.197931290780083,6.540413741843984,1,0,0,1,0
1,12.818416048271947,7.053959879320134,1,1,0,0,0
1,12.099674758126714,6.4203902902479415,1,0,0,1,0
0,11.535426100721082,6.535426100721081,0,1,1,1,0
0,13.425698941646663,6.251397883293326,0,0,1,1,0
0,13.37799820425458,6.5,0,0,1,1,0
0,12.589694464903516,6.970101845032161,1,0,0,1,0
1,14.108581127844024,6.325743383532066,1,0,1,0,0
1,14.059670034631212,6.3,1,0,0,0,0
1,11.602136640385174,5.795726719229652,0,1,1,1,0
1,12.958088613700609,6.704778465748477,1,1,0,0,0
0,13.291980187666862,6.736006604111046,1,0,0,1,0
1,12.96052443184979,5.247772989515352,1,1,1,0,0
1,11.749166311065604,5.276250533401594,1,0,1,1,0
1,12.094509567584767,6.949313695948097,1,0,0,1,0
0,14.1399202960114,6.326613530674267,1,0,1,0,0
1,12.70859567804011,6.987106482939833,1,1,1,0,0
0,12.91814260907832,6.860619130307227,1,0,0,1,0
0,12.769025345772748,6.910324884742418,1,0,0,1,0
1,12.354661628561384,6.9654661628561385,1,0,0,1,0
0,13.439210204445043,6.278420408890091,0,0,1,1,0
1,14.00495515446808,6.3,1,0,0,0,0
1,13.920984529054929,6.3,1,0,0,0,0
0,11.557132160022466,6.942867839977534,0,1,1,0,0
1,11.83162442874577,5.285469464067789,0,1,1,1,0
0,12.643454846294755,5.757591134721068,1,1,0,1,0
0,12.070255781598544,6.978375963599757,0,1,1,0,0
1,14.10231901346059,6.502319013460592,1,1,0,0,0
1,14.22971224847457,6.04057550305086,1,0,1,0,0
0,14.390571794468444,6.493714529645629,1,0,1,0,0
1,12.958883973824976,6.654821368233365,1,1,0,0,0
1,14.224729072901026,6.050541854197949,1,0,1,0,0
1,11.9852691322732,5.2426345661366,0,1,1,1,0
0,13.4880310895657,6.376062179131401,0,0,1,1,0
0,13.356602713056567,6.613205426113134,0,0,0,1,0
1,12.7,5.667381130029296,1,0,1,1,0
1,14.00086779189763,6.400867791897629,1,1,0,0,0
0,13.08430882293263,6.392154411466315,0,0,1,1,0
1,12.8839196781544,6.890200804614001,1,1,0,0,0
1,14.592093670222985,5.414231393598632,1,0,1,0,0
0,13.393317189834107,6.693317189834106,1,0,0,1,0
0,13.35669818816807,6.613396376336136,0,0,0,1,0
0,13.30465490436628,6.509309808732561,0,0,0,1,0
0,13.328853657545674,6.5,0,0,1,1,0
0,12.2,5.870314756276814,1,1,0,1,0
0,12.990226666802828,6.836591111065724,1,0,0,1,0
1,12.74395125844344,6.941398322075412,1,1,0,0,0
1,13.242725250717053,6.519091583094316,1,1,0,0,0
0,13.788222302340538,6.152952312279538,0,0,1,1,0
0,11.504953209586445,6.5049532095864455,0,1,1,1,0
1,11.969514884526776,5.160970230946446,1,1,1,0,0
0,13.31613709839772,6.4919314508011405,0,0,1,1,0
0,12.576741438699075,6.974419520433641,1,0,0,1,0
0,14.187894798509951,6.358596532339969,1,0,1,0,0
0,12.668781543980572,6.067875167988898,1,1,0,1,0
0,11.692582742939482,6.461483451412104,0,1,1,1,0
1,11.927472710852204,5.245054578295591,1,1,1,0,0
0,13.50578287264107,6.3950432520219405,0,0,1,1,0
1,12.513147250953308,5.120761416560743,1,0,1,1,0
1,12.897115176982767,6.711539292068935,1,1,1,0,0
0,13.861057879025298,6.199412289430391,0,0,1,1,0
1,13.9012359452178,6.301235945217801,1,1,0,0,0
1,14.121027353362637,6.363082060087909,1,0,1,0,0
0,12.898470643404575,6.867176452198475,1,0,0,1,0
0,11.545469954565956,6.545469954565957,0,1,1,1,0
0,14.161928051734556,6.341285367823037,1,0,1,0,0
0,11.536000917049588,6.644003668198352,0,1,1,0,0
1,11.858766182395485,6.919845772799436,1,0,0,1,0
0,13.38990645917806,6.679812918356121,0,0,0,1,0
1,12.245163162453837,7.081721054151278,1,0,0,1,0
1,12.026303692355397,5.152607384710794,1,1,1,0,0
0,13.93549641962735,6.158057544651473,0,0,1,1,0
1,13.094583515786098,6.5684721614046335,1,1,0,0,0
1,12.110441026437863,7.036813675479287,1,0,0,1,0
0,14.043966555055857,6.46044072833954,0,0,1,1,0
1,12.92910998729738,6.777225031756551,1,1,0,0,0
1,12.134862836753214,5.288379054415596,1,0,1,1,0
0,12.67635567659626,5.939081622695634,1,1,0,1,0
1,12.982851590053071,6.622864546595904,1,1,0,0,0
1,12.7,5.232034444303286,1,0,1,1,0
0,13.481439445422438,6.362878890844876,0,0,1,1,0
1,11.925180389829718,6.928147548728715,1,0,0,1,0
0,13.552581522080866,6.405842391342318,0,0,1,1,0
1,11.887085053621414,5.216143682973234,0,1,1,1,0
0,13.37045770157234,6.640915403144679,0,0,0,1,0
1,12.573218347349062,7.0,1,0,0,1,0
1,11.7528052273311,6.917601742443701,1,0,0,1,0
1,11.603613333846278,5.494579999230584,1,0,1,1,0
1,14.145267861075949,6.435803583227845,1,0,1,0,0
1,12.412421186451844,6.9890526483064805,1,0,0,1,0
0,13.411752259597986,6.697649548080404,1,0,0,1,0
0,13.383895382111842,6.667790764223683,0,0,0,1,0
1,11.607544992711617,5.488682510932574,1,0,1,1,0
1,11.7699274758102,5.245108786284702,1,0,1,1,0
1,12.207241965743783,6.963405245717973,1,0,0,1,0
0,13.803234953153158,6.231536137137135,0,0,1,1,0
1,12.840287208957898,6.938851164168407,1,1,1,0,0
0,12.906156490094991,7.029229006603339,1,0,0,1,0
1,12.594217131405149,7.0,1,0,0,1,0
1,13.24069790602827,6.563720837588692,1,1,0,0,0
0,13.28913468921349,6.7739102071910064,1,0,0,1,0
1,12.075047134510292,6.9375047134510295,1,0,0,1,0
0,13.42104334342702,6.439478328286491,0,0,1,1,0
1,12.9,6.797798685623626,1,1,1,0,0
0,12.433113293667496,5.933207596381427,1,1,0,1,0
0,14.301094974105691,6.434063316070462,1,0,1,0,0
1,12.9,7.025244107388311,1,1,1,0,0
1,13.949874524422045,6.3,1,0,0,0,0
1,14.11131643179505,6.277367136409899,1,0,1,0,0
1,11.9,5.220525499844976,0,1,1,1,0
1,14.194838566638518,6.110322866722965,1,0,1,0,0
1,13.251118359953914,6.6,1,1,0,0,0
0,13.352332567115129,6.604665134230255,0,0,0,1,0
0,13.798282280960771,6.144329473462194,0,0,1,1,0
1,12.629495223331968,7.0,1,0,0,1,0
1,11.705374867969052,5.453550158437138,1,1,1,0,0
1,12.15512196662674,5.123864917942576,1,1,1,0,0
1,14.29843732071581,5.903125358568384,1,0,1,0,0
1,12.098948594976116,5.297897189952233,1,1,1,0,0
1,12.33293909297794,6.979117386622243,1,0,0,1,0
0,11.50091832012941,6.499816335974118,0,1,1,1,0
0,14.17816181148404,6.3521078743226935,1,0,1,0,0
1,13.987157925939812,6.3,1,0,0,0,0
0,11.678142433380817,6.678142433380814,0,1,1,1,0
0,12.056126676153736,6.9760211126922895,0,1,1,0,0
0,14.119970509320323,6.313313672880216,1,0,1,0,0
0,13.898223740268229,6.600355251946355,1,0,0,1,0
0,13.336729244106731,6.57345848821346,0,0,0,1,0
0,12.252482289062012,5.6425531328139655,1,1,0,1,0
1,12.137366202702689,5.304594108108113,1,0,1,1,0
0,12.639916989213702,6.051381136693545,1,1,0,1,0
1,12.931351850091374,6.668648149908626,1,1,0,0,0
1,14.125322902570815,6.254418775372529,1,0,1,0,0
0,11.553741871509864,6.714967486039453,0,1,1,0,0
0,12.55179369973934,6.98273543342022,1,0,0,1,0
0,13.48823967221042,6.37647934442084,0,0,1,1,0
1,11.787289047546912,6.795253142943703,1,0,0,1,0
0,12.675668785119584,6.941443738293471,1,0,0,1,0
0,13.77619185641608,6.430687984046231,0,0,1,1,0
1,12.00695187693192,7.00231729231064,1,0,0,1,0
1,11.905308159432348,7.022123263772939,0,1,1,0,0
1,12.39629889422442,7.051850552887791,1,0,0,1,0
1,12.458080423374362,7.020959788312819,1,0,0,1,0
0,12.9153872717556,6.3076936358778,0,0,1,1,0
1,14.05795863458953,6.3,1,0,0,0,0
0,13.93577058781816,6.448418954202018,0,0,1,1,0
1,12.831427188410828,6.802859217383759,1,1,1,0,0
0,13.67946563485839,6.246172312978522,0,0,1,1,0
1,13.280376462101518,6.506541179299494,1,1,0,0,0
1,13.170503356569096,6.6,1,1,0,0,0
1,12.573264341142316,7.0,1,0,0,1,0
1,13.947006861627257,6.3,1,0,0,0,0
1,12.424710809868266,6.990588851233533,1,0,0,1,0
0,14.155751219007945,6.337167479338629,1,0,1,0,0
1,12.587757486637974,7.0,1,0,0,1,0
1,14.124166235692456,6.372498707077368,1,0,1,0,0
1,12.792690688244768,6.876412415673642,1,1,0,0,0
0,12.38459687899219,5.5986963588242205,1,1,0,1,0
1,11.993820357948715,5.246910178974358,0,1,1,1,0
0,13.36308384557698,6.62616769115396,0,0,0,1,0
1,12.827551860807928,7.031120347980181,1,1,0,0,0
0,12.259825917398189,5.620522247805436,1,1,0,1,0
0,13.353307274086568,6.715564241971144,1,0,0,1,0
1,11.883911226277762,5.239306528466685,1,1,1,0,0
1,14.108888079438856,6.282223841122288,1,0,1,0,0
0,13.025819484455203,6.362909742227602,0,0,1,1,0
0,13.34818663985273,6.596373279705458,0,0,0,1,0
1,12.979362210529958,6.620637789470042,1,1,0,0,0
0,13.34905533369901,6.352833998902975,0,0,1,1,0
1,12.08940165062663,6.432718019248042,1,0,0,1,0
0,11.977925365707792,6.977925365707793,0,1,1,1,0
1,13.340952313352044,6.486349228882651,1,1,0,0,0
1,12.035342841117618,6.941917855139702,1,0,0,1,0
0,13.064316155791182,6.382158077895591,0,0,1,1,0
0,13.434609928542308,6.269219857084615,0,0,1,1,0
1,13.245294580475678,6.6,1,1,0,0,0
0,11.540549022534377,6.540549022534375,0,1,1,1,0
1,13.056141012043744,6.637543595182502,1,1,0,0,0
1,14.150011037145784,6.450033111437347,1,0,1,0,0
1,12.48818088685777,7.005909556571115,1,0,0,1,0
0,13.762429170578311,6.627514165884338,1,0,0,1,0
0,13.542297578797983,6.671540484240404,1,0,0,1,0
1,14.12513940114201,6.37541820342603,1,0,1,0,0
0,13.36682233605932,6.633644672118639,0,0,0,1,0
1,14.239988379051256,6.020023241897493,1,0,1,0,0
1,12.250782532328849,5.212304366917788,1,0,1,1,0
1,12.456570159548251,7.0217149202258735,1,0,0,1,0
1,12.933114023892523,6.666885976107477,1,1,0,0,0
1,13.990628401479142,6.3,1,0,0,0,0
1,14.068403334364262,6.468403334364263,1,1,0,0,0
0,13.39603832835608,6.451980835821961,0,0,1,1,0
0,12.06840102998335,6.978066838330559,0,1,1,0,0
0,13.464232395153642,6.417883802423179,0,0,1,1,0
1,13.91246058128684,6.31246058128684,1,1,0,0,0
0,13.704060553148322,6.225090954444296,0,0,1,1,0
1,13.249530348572742,6.6,1,1,0,0,0
0,13.113220885058803,6.795593038313733,1,0,0,1,0
1,14.59827013605615,5.403113755098929,1,0,1,0,0
0,11.53038605037959,6.621544201518365,0,1,1,0,0
1,11.980207783584776,5.134636378726641,1,1,1,0,0
0,13.38051475781557,6.25845572655329,0,0,1,1,0
0,14.16835692063526,6.345571280423506,1,0,1,0,0
1,13.965286229704647,6.3,1,0,0,0,0
0,13.340074336499727,6.379776990500818,0,0,1,1,0
1,11.598664756547432,6.902670486905136,0,1,1,0,0
1,13.774797351111634,6.350081059555347,1,1,0,0,0
0,12.392324504390944,5.569243378293208,1,1,0,1,0
0,12.57063272689632,6.976455757701227,1,0,0,1,0
0,13.95196331393704,6.148909270034979,0,0,1,1,0
1,11.936916747012914,7.034766698805166,0,1,1,0,0
1,14.197517899111132,6.5925536973334,1,0,1,0,0
1,12.48752091935139,7.006239540324305,1,0,0,1,0
1,11.99379036526078,6.997930121753593,1,0,0,1,0
1,12.025290689902,5.275096896634,1,0,1,1,0
1,12.010756248039533,6.938844531004942,1,0,0,1,0
0,11.522776987342354,6.977223012657645,0,1,1,0,0
0,13.424710729975452,6.249421459950903,0,0,1,1,0
1,14.114762325079512,6.514762325079512,1,1,0,0,0
1,14.05580959168637,6.3,1,0,0,0,0
0,12.255908823666427,5.632273529000712,1,1,0,1,0
0,12.213304213438771,6.020174719367361,1,1,0,1,0
1,14.100975725890804,6.185156728062397,1,1,0,0,0
1,13.11408969935604,6.6,1,1,0,0,0
1,13.173250867716524,6.590699652913391,1,1,0,0,0
0,13.27816176543222,6.4890808827161095,0,0,1,1,0
0,11.546186477410057,6.684745909640227,0,1,1,0,0
0,13.34025979044607,6.580519580892136,0,0,0,1,0
1,11.551722006510108,5.637933592187872,1,1,1,0,0
0,13.072510147068613,6.918326568620925,1,0,0,1,0
1,11.6451423346949,5.458096108841832,1,0,1,1,0
1,12.972964136554197,6.627035863445806,1,1,0,0,0
1,14.29918623317961,5.901627533640784,1,0,1,0,0
0,13.333251250609509,6.483374374695247,0,0,1,1,0
1,12.561311013725192,7.0,1,0,0,1,0
1,11.76143304583078,6.907679130728848,1,0,0,1,0
1,12.7800293930564,6.893294142591466,1,1,0,0,0
1,11.724623833092044,5.313064250361937,1,0,1,1,0
0,12.739254108167255,6.9202486306109146,1,0,0,1,0
0,11.917333517625297,6.917333517625294,0,1,1,1,0
1,12.899287436983682,6.7342834173550905,1,1,0,0,0
0,12.2,6.015166460150128,1,1,0,1,0
1,11.98499804536506,5.130003909269879,1,1,1,0,0
1,14.166076046087486,6.167847907825026,1,0,1,0,0
0,11.50560391646762,6.994396083532381,0,1,1,0,0
0,14.083016652981655,6.076101859454636,0,0,1,1,0
1,12.656744564893064,5.114418478368978,1,0,1,1,0
1,11.764885207514018,5.258524654143304,1,0,1,1,0
0,12.79700371382365,6.900998762058784,1,0,0,1,0
0,13.416686521753643,6.441656739123178,0,0,1,1,0
1,14.224393492460075,6.051213015079848,1,0,1,0,0
0,13.329849654231252,6.559699308462502,0,0,0,1,0
0,13.343588080817677,6.478205959591162,0,0,1,1,0
1,12.35415208742277,7.072923956288615,1,0,0,1,0
0,12.249019159738618,5.805885041568295,1,1,0,1,0
1,11.737102245313096,6.90371022453131,1,0,0,1,0
1,12.166111939123631,5.125555682942097,1,1,1,0,0
1,11.917061901895776,5.239020633965259,1,0,1,1,0
1,12.473046615570302,6.977304661557031,1,0,0,1,0
0,13.692471329686382,6.293071483507566,0,0,1,1,0
1,11.698260672809882,5.369565545316864,1,0,1,1,0
1,13.810813194673813,6.329728935108729,1,1,0,0,0
1,11.707448387501213,6.891061934998547,1,0,0,1,0
1,11.643615878919446,6.917446351567778,0,1,1,0,0
1,11.9359002810582,5.2179501405291004,0,1,1,1,0
1,12.48368816748744,5.1721039441708525,1,0,1,1,0
0,13.05299821963949,6.376499109819744,0,0,1,1,0
1,13.95568440721192,6.355684407211919,1,1,0,0,0
0,12.289269577283392,5.8,1,1,0,1,0
1,12.082130975500958,6.94776637193762,1,0,0,1,0
0,13.367679931444613,6.635359862889226,0,0,0,1,0
0,11.51776378809173,6.571055152366915,0,1,1,0,0
1,12.871017200766984,6.922456998082535,1,1,0,0,0
0,13.668526135686076,6.646294772862785,1,0,0,1,0
0,13.414488680595085,6.697102263880984,1,0,0,1,0
1,13.438227824941034,6.453924058352989,1,1,0,0,0
0,13.40485958889049,6.447570205554755,0,0,1,1,0
1,14.368100901148418,6.032513770772333,1,1,0,0,0
1,11.673242845357882,6.926757154642118,1,0,0,1,0
0,14.166136296014152,6.546772740797169,1,0,0,1,0
0,13.835607977550174,6.612878404489965,1,0,0,1,0
1,14.589125217018324,5.419574609367015,1,0,1,0,0
1,12.536429054548478,6.983642905454848,1,0,0,1,0
1,14.015085576328785,6.3,1,0,0,0,0
1,11.860189147960114,5.344668991069799,1,1,1,0,0
1,12.518078169362,6.9818078169362,1,0,0,1,0
0,13.61929715994374,6.333723800031256,0,0,1,1,0
0,12.84097004983762,6.886343316720794,1,0,0,1,0
1,12.130594202536004,5.163267310829333,1,0,1,1,0
0,13.403670773549964,6.5,0,0,1,1,0
1,11.62789177635664,5.45816233546504,1,0,1,1,0
1,13.443527300783682,6.45215756640544,1,1,0,0,0
0,11.689185710474291,6.689185710474292,0,1,1,1,0
0,13.203456082769309,6.765514639076898,1,0,0,1,0
1,12.122429865942296,6.94224298659423,1,0,0,1,0
1,13.01429353716176,6.6,1,1,0,0,0
1,13.992086350577988,6.392086350577986,1,1,0,0,0
1,12.174246206502389,6.94742462065024,1,0,0,1,0
1,13.911353127346672,6.3,1,0,0,0,0
0,14.158727971270023,6.339151980846684,1,0,1,0,0
1,12.883564162429757,6.765743350280975,1,1,1,0,0
1,11.761202905952734,6.826556512856719,1,0,0,1,0
1,12.360000975279092,5.213333008240302,1,0,1,1,0
0,11.955880991580605,6.408823801683879,0,1,1,1,0
1,13.621441937113993,6.392852687628669,1,1,0,0,0
1,12.8235773785521,6.649051585701399,1,1,1,0,0
1,13.175912379088937,6.541362540303688,1,1,0,0,0
1,12.654814492436524,5.105020611951497,1,0,1,1,0
0,13.0828992253289,6.911400516447401,1,0,0,1,0
1,11.508927093214655,7.0821458135706905,0,1,1,0,0
1,13.17132585499308,6.6,1,1,0,0,0
0,13.739607792203287,6.194621892397182,0,0,1,1,0
0,12.197303522917736,6.999550587152956,0,1,1,0,0
1,14.086219823780294,6.3,1,0,0,0,0
1,12.023344382068911,5.274448127356304,1,0,1,1,0
1,11.840461094611385,5.379193084430076,1,1,1,0,0
0,13.997643346663384,6.580471330667323,1,0,0,1,0
1,11.636286927534544,5.7364978768145445,1,1,1,0,0
1,12.104993931966428,5.298335356011191,1,0,1,1,0
1,12.7,5.459021537114122,1,0,1,1,0
0,14.193982549695336,6.477109172188371,0,0,1,1,0
1,14.018765974823028,6.3,1,0,0,0,0
1,12.069225541454411,5.238451082908824,1,1,1,0,0
0,13.68870268875711,6.420966965417457,0,0,1,1,0
0,13.07688789089309,6.388443945446545,0,0,1,1,0
1,13.904861319533198,6.3,1,0,0,0,0
1,14.173490352102675,6.153019295794648,1,0,1,0,0
1,12.903747612197298,6.840630969506753,1,1,0,0,0
0,13.51119137762327,6.677761724475347,1,0,0,1,0
0,14.359957739694453,6.473305159796302,1,0,1,0,0
0,11.548624477806758,6.548624477806758,0,1,1,1,0
0,13.437998701245956,6.431000649377022,0,0,1,1,0
1,12.023957614240562,5.147915228481122,1,1,1,0,0
0,13.373949355073975,6.647898710147953,0,0,0,1,0
1,13.08636814873226,5.2671335613434245,1,1,1,0,0
0,13.300471975868604,6.500943951737209,0,0,0,1,0
0,11.686670382181804,6.6400027866363525,0,1,1,1,0
1,12.602641691330009,7.0,1,0,0,1,0
0,14.161101755853522,6.340734503902348,1,0,1,0,0
1,13.69568125700184,6.368106247666053,1,1,0,0,0
1,12.97578300975985,6.660542475600376,1,1,0,0,0
0,13.338877752008402,6.3833667439747925,0,0,1,1,0
1,11.9,5.236117329811812,0,1,1,1,0
1,11.833616993377458,5.233616993377456,1,0,1,1,0
0,14.306723078438818,6.437815385625878,1,0,1,0,0
1,11.850852804118796,5.2982943917624095,0,1,1,1,0
1,14.16100547096017,6.1901901522716924,1,0,1,0,0
1,13.228424185630375,6.523858604789874,1,1,0,0,0
1,12.991742157839626,6.608257842160374,1,1,0,0,0
1,12.079718332107426,7.026572777369142,1,0,0,1,0
0,13.343926071283748,6.587852142567491,0,0,0,1,0
0,13.014077261395103,6.828640912868299,1,0,0,1,0
0,11.663290320156978,6.91054838669283,0,1,1,0,0
1,12.66309676360939,5.104100359598957,1,0,1,1,0
1,11.9,5.205268943633339,0,1,1,1,0
1,11.88877688893222,6.923597111116528,1,0,0,1,0
0,13.80709121592409,6.136778957779351,0,0,1,1,0
0,12.285600015561194,5.586399906632838,1,1,0,1,0
1,12.9,6.763110399116978,1,1,1,0,0
0,14.107238902115538,6.304825934743692,1,0,1,0,0
1,11.802448749340352,5.426382272967144,1,0,1,1,0
1,13.827827054699586,6.324057648433471,1,1,0,0,0
1,11.918919196396208,5.209459598198103,0,1,1,1,0
0,11.705097432929463,6.458980513414107,0,1,1,1,0
1,13.99192737778923,6.3,1,0,0,0,0
1,14.595949107264532,5.407291606923842,1,0,1,0,0
0,14.39977447760553,6.500045104478894,1,0,0,1,0
1,14.34096237497388,5.866267725047015,1,0,1,0,0
0,13.110265126403435,6.893156582397711,1,0,0,1,0
0,11.503388084599946,6.513552338399787,0,1,1,0,0
0,13.18025630939244,6.7732478968691865,1,0,0,1,0
0,13.320237848531548,6.540475697063093,0,0,0,1,0
1,12.7,5.623083564658439,1,0,1,1,0
0,14.317548698323325,6.5,0,0,1,1,0
0,12.219996143210816,5.900019283945917,1,1,0,1,0
0,14.366855743850774,6.477903829233849,1,0,1,0,0
0,13.30352603843053,6.498236980784736,0,0,1,1,0
1,12.32364824010453,6.962364824010454,1,0,0,1,0
1,13.815761974486012,6.328079341837996,1,1,0,0,0
0,11.927360408158048,6.954560068026342,0,1,1,0,0
0,13.358218254821889,6.616436509643775,0,0,0,1,0
0,12.2,5.904424098476674,1,1,0,1,0
1,14.106399418890163,6.1820574749199055,1,1,0,0,0
0,11.874730941309268,6.945788490218211,0,1,1,0,0
1,13.672818455496012,6.375727181501329,1,1,0,0,0
0,14.275874058600444,6.524825188279911,1,0,0,1,0
1,11.9,5.391813936153306,0,1,1,1,0
1,11.9,5.971361188621085,0,1,1,1,0
0,13.334187447431948,6.397437657704161,0,0,1,1,0
1,12.83951554139104,6.659677027594026,1,1,1,0,0
0,12.277367678644056,5.844210102082318,1,1,0,1,0
0,13.314578093407404,6.529156186814808,0,0,0,1,0
1,12.818184117042527,6.645456078028352,1,1,1,0,0
1,14.133207948531068,6.533207948531067,1,1,0,0,0
0,14.184066407034106,5.813657365399338,0,0,1,1,0
1,13.20996166402518,6.530012778658273,1,1,0,0,0
1,11.9,5.236095363331117,0,1,1,1,0
1,12.675569230404916,6.5503794869366105,1,1,1,0,0
0,12.222065341318796,5.889673293406017,1,1,0,1,0
1,12.212370544881288,5.154181050568746,1,0,1,1,0
0,12.273663156997628,5.579010529007117,1,1,0,1,0
1,14.018394518575212,6.3,1,0,0,0,0
1,11.900436360499652,5.299127279000695,1,1,1,0,0
0,12.972849624192447,6.842383458602517,1,0,0,1,0
0,12.39591277145665,5.571934578592487,1,1,0,1,0
1,12.895314350645018,6.7395808658066425,1,1,0,0,0
1,13.946697108572868,6.3,1,0,0,0,0
0,12.226548182637991,5.720355452086027,1,1,0,1,0
1,12.562977905326196,7.0,1,0,0,1,0
0,12.656787746174343,5.9162523705367365,1,1,0,1,0
1,12.556538034496208,7.0,1,0,0,1,0
0,12.52912394101406,6.99029201966198,1,0,0,1,0
1,12.543655531926378,7.0,1,0,0,1,0
1,12.083183303741691,6.44018003550997,1,0,0,1,0
0,13.23089223205004,6.756369255983321,1,0,0,1,0
0,11.709214089102746,6.918202348183791,0,1,1,0,0
0,13.414485781425892,6.228971562851785,0,0,1,1,0
1,11.942283361221005,6.930285420152626,1,0,0,1,0
0,13.42481520937118,6.43759239531441,0,0,1,1,0
1,12.81767126316812,6.645114175445412,1,1,1,0,0
0,11.530780239422567,6.623120957690275,0,1,1,0,0
1,12.569049246715446,5.143650251094851,1,0,1,1,0
1,12.56933781492934,7.0,1,0,0,1,0
1,14.363063497267692,6.035392287275604,1,1,0,0,0
1,12.922738883439337,6.677261116560664,1,1,0,0,0
1,12.10282556113161,5.249293609717097,1,0,1,1,0
0,13.371911306339037,6.643822612678068,0,0,0,1,0
1,11.664327955062236,6.935672044937761,1,0,0,1,0
1,12.40401676260546,5.173995809348635,1,0,1,1,0
0,13.122445387584149,6.885036408277236,1,0,0,1,0
0,13.306774664533563,6.496612667733218,0,0,1,1,0
0,12.942279624757088,6.321139812378544,0,0,1,1,0
0,13.179241837656129,6.479241837656126,1,0,0,1,0
0,13.84102303685689,6.210542757301727,0,0,1,1,0
0,11.501312911884506,6.505251647538023,0,1,1,0,0
1,12.3630357970969,6.982879474637112,1,0,0,1,0
1,12.39336795006542,7.053316024967289,1,0,0,1,0
0,13.048657648870533,6.817114117043156,1,0,0,1,0
0,13.806675735594157,6.137135083776438,0,0,1,1,0
1,12.624731035412768,6.5164873569418456,1,1,1,0,0
1,13.163077937717048,6.5947688249131815,1,1,0,0,0
0,13.311215755086588,6.46635273474024,0,0,1,1,0
1,12.41322541528586,5.195591528238047,1,0,1,1,0
0,12.2,5.900769730485531,1,1,0,1,0
0,13.308178075065802,6.608178075065801,1,0,0,1,0
1,13.201033380473508,6.6,1,1,0,0,0
1,11.558494644424323,6.983010711151349,0,1,1,0,0
0,13.368117810389396,6.6362356207787885,0,0,0,1,0
1,14.466573233962125,5.640168178868176,1,0,1,0,0
1,12.03124892279553,6.502501292645363,1,0,0,1,0
1,12.945663767243078,6.735840581892306,1,1,0,0,0
0,13.402253763826968,6.448873118086516,0,0,1,1,0
0,13.382577616819148,6.458711191590426,0,0,1,1,0
1,12.08368132760152,5.29456044253384,1,0,1,1,0
0,11.640766842904611,6.605575132178459,0,1,1,1,0
1,14.20728744744285,6.085425105114301,1,0,1,0,0
1,14.514174473480072,5.554485947735872,1,0,1,0,0
0,14.36911506556394,6.479410043709293,1,0,1,0,0
0,13.578821641717608,6.356210199045774,0,0,1,1,0
1,12.11084112330738,7.03694704110246,1,0,0,1,0
1,12.937617950983904,6.662382049016098,1,1,0,0,0
1,14.135170809707391,6.405512429122175,1,0,1,0,0
0,13.318970397230366,6.537940794460731,0,0,0,1,0
0,13.352760782607426,6.605521565214852,0,0,0,1,0
1,12.197770009282126,6.9622212511602655,1,0,0,1,0
1,12.985478012940405,6.619362649412795,1,1,0,0,0
0,13.371870719278707,6.643741438557418,0,0,0,1,0
1,12.7,5.482055516081731,1,0,1,1,0
1,11.93864138310167,6.923864138310168,1,0,0,1,0
0,13.331158927067344,6.562317854134688,0,0,0,1,0
0,13.464097935564745,6.328195871129486,0,0,1,1,0
0,13.260401654421711,6.56040165442171,1,0,0,1,0
0,14.116714256512491,5.871387780132148,0,0,1,1,0
1,12.241394322341328,5.150956186406519,1,0,1,1,0
1,12.07687260993774,6.947109076242218,1,0,0,1,0
1,12.57988475360168,5.113346138488702,1,0,1,1,0
0,13.397506052564296,6.69501210512859,0,0,0,1,0
0,13.40846311527102,6.216926230542039,0,0,1,1,0
1,11.898745083833075,5.189028324018548,1,0,1,1,0
1,12.753710712739863,6.928385716346849,1,1,0,0,0
0,14.290119546084728,6.426746364056484,1,0,1,0,0
1,11.596600894909962,6.906798210180076,0,1,1,0,0
0,11.591899310748069,6.908100689251932,0,1,1,0,0
0,12.2,5.883530619753016,1,1,0,1,0
1,12.6433434113241,5.198975909434477,1,1,1,0,0
0,13.448459453400748,6.4257702732996265,0,0,1,1,0
0,13.280578476490014,6.739807174503329,1,0,0,1,0
0,11.549196150714495,6.69678460285799,0,1,1,0,0
0,14.121744015847309,6.314496010564872,1,0,1,0,0
1,11.9,5.279091007357048,0,1,1,1,0
0,13.38575055733604,6.2427483279918805,0,0,1,1,0
1,12.81891373842078,7.052715653948052,1,1,0,0,0
0,11.84894246841903,6.848942468419031,0,1,1,1,0
1,11.9,5.278731839055365,0,1,1,1,0
0,13.891211775532716,6.443467975059191,0,0,1,1,0
0,13.435786708822553,6.271573417645102,0,0,1,1,0
0,13.97079582612268,6.5,0,0,1,1,0
0,13.354036380578387,6.608072761156776,0,0,0,1,0
1,14.164535000242866,6.170929999514268,1,0,1,0,0
0,13.31858174572988,6.537163491459759,0,0,0,1,0
0,14.332536018762436,6.45502401250829,1,0,1,0,0
1,12.009837791361925,5.119675582723848,1,1,1,0,0
0,13.39848921737351,6.5,0,0,1,1,0
1,14.277715547167336,5.94456890566533,1,0,1,0,0
1,12.214099345844504,6.964262418230563,1,0,0,1,0
0,12.200422287892907,5.997888560535464,1,1,0,1,0
1,11.9,5.278527193899001,0,1,1,1,0
0,13.432403412366511,6.5,0,0,1,1,0
1,11.908694078611637,5.282611842776729,1,1,1,0,0
0,11.500060412010065,6.5002416480402605,0,1,1,0,0
1,11.981208986496538,5.240604493248269,0,1,1,1,0
1,12.096463806375995,6.424243432348803,1,0,0,1,0
1,14.186805747970356,6.1437496536533605,1,0,1,0,0
0,11.630195159272644,6.044316942545745,0,1,1,1,0
0,12.851050975349356,7.065966016433763,1,0,0,1,0
0,13.385172065550336,6.5,0,0,1,1,0
0,14.125783208018529,6.317188805345686,1,0,1,0,0
0,13.040719534293556,6.819760155235482,1,0,0,1,0
1,12.792015879569805,6.861976180645293,1,1,1,0,0
0,12.2,5.947060534251264,1,1,0,1,0
0,13.24883384324371,6.750388718918764,1,0,0,1,0
1,14.378715856864495,5.798311457643907,1,0,1,0,0
0,13.686557024145127,6.642688595170974,1,0,0,1,0
0,14.0480048434658,5.930281562743601,0,0,1,1,0
1,14.573786946462928,5.914978887735471,1,1,0,0,0
1,14.170752176604372,6.172646082112131,1,0,1,0,0
0,13.79454796985342,6.147530311554213,0,0,1,1,0
1,14.190275467083293,6.570826401249875,1,0,1,0,0
0,13.737176244975512,6.5,0,0,1,1,0
0,11.660347866559093,6.660347866559092,0,1,1,1,0
1,12.217443339873393,5.153617406680734,1,0,1,1,0
0,13.19835347240804,6.767215509197321,1,0,0,1,0
0,13.426955306935149,6.436522346532426,0,0,1,1,0
0,13.309102908880028,6.4726912733599145,0,0,1,1,0
1,14.120581220777616,6.361743662332849,1,0,1,0,0
0,12.2,5.851508277567,1,1,0,1,0
1,12.400388974181734,6.970038897418173,1,0,0,1,0
1,12.7,5.59336063325645,1,0,1,1,0
1,12.402126896062931,6.987765862007866,1,0,0,1,0
1,11.689489223935954,5.46745846402329,1,0,1,1,0
1,14.170952069100382,6.512856207301149,1,0,1,0,0
0,12.673687727900704,6.9421040906997655,1,0,0,1,0
0,11.827815642215072,6.745861731661304,0,1,1,1,0
0,13.156949520557502,6.8620336529616655,1,0,0,1,0
0,13.319478468369953,6.538956936739905,0,0,0,1,0
0,13.424049919382426,6.437975040308787,0,0,1,1,0
1,12.067818567306114,7.087127426922446,0,1,1,0,0
0,13.405755335152795,6.447122332423602,0,0,1,1,0
1,11.907405670563024,7.02296226822521,0,1,1,0,0
1,13.644767410304002,6.385077529898666,1,1,0,0,0
0,13.395550648507896,6.691101297015789,0,0,0,1,0
0,13.359788166197262,6.619576332394524,0,0,0,1,0
1,11.88376137039751,5.28376137039751,1,0,1,1,0
1,12.3039784245012,5.244007845635927,1,0,1,1,0
0,13.447893563018376,6.295787126036752,0,0,1,1,0
0,12.214019284745495,6.015884291527011,1,1,0,1,0
1,14.141160957838537,6.423482873515611,1,0,1,0,0
1,14.089957462277717,6.3,1,0,0,0,0
1,13.275791636957894,6.6,1,1,0,0,0
1,12.997581629797844,6.606045925505391,1,1,0,0,0
0,14.339105423824638,5.933830320097424,0,0,1,1,0
1,12.481345313503184,5.172884895498938,1,0,1,1,0
1,13.312004587192924,6.495998470935692,1,1,0,0,0
1,12.325644798179953,7.087177600910024,1,0,0,1,0
1,11.823421243506663,5.1973976396103705,1,0,1,1,0
1,12.603839337439185,5.132053554186938,1,0,1,1,0
0,12.690862400513463,5.8,1,1,0,1,0
0,13.9024611368338,6.176410479536778,0,0,1,1,0
1,12.510464295415254,7.0,1,0,0,1,0
0,13.474577304481535,6.412711347759233,0,0,1,1,0
1,11.646464335183582,5.45589277469403,1,0,1,1,0
0,13.623692143332065,6.655261571333588,1,0,0,1,0
1,12.989436823295971,6.6105631767040265,1,1,0,0,0
1,12.770881562436724,6.613921041624483,1,1,1,0,0
0,11.558965724967972,6.488206855006405,0,1,1,1,0
1,12.86728308808208,6.931792279794797,1,1,0,0,0
1,14.497706490367788,5.584128317337981,1,0,1,0,0
1,12.59095258322828,7.0,1,0,0,1,0
1,11.87458070497602,6.690503154028774,1,0,0,1,0
0,13.00874408643251,6.83041863785583,1,0,0,1,0
1,14.094221191528735,6.3,1,0,0,0,0
1,14.020636777464894,6.420636777464893,1,1,0,0,0
0,12.916522119292535,6.308261059646267,0,0,1,1,0
1,13.657723806015312,6.396910477593876,1,1,0,0,0
1,11.548803371139872,7.051196628860127,1,0,0,1,0
1,13.28626934671114,6.50457688442962,1,1,0,0,0
1,12.175418822489474,5.290756791822009,1,0,1,1,0
0,14.18546955526635,6.356979703510899,1,0,1,0,0
0,13.3478062426594,6.356581272021806,0,0,1,1,0
1,12.03174726642256,7.072698906569023,0,1,1,0,0
0,13.47489929124736,6.412550354376321,0,0,1,1,0
1,14.104675018532118,6.314025055596357,1,0,1,0,0
1,13.868613993603136,6.312554402558746,1,1,0,0,0
0,12.236644592025344,5.880132447847942,1,1,0,1,0
0,13.93635281059044,6.592729437881912,1,0,0,1,0
0,13.444651545378534,6.289303090757067,0,0,1,1,0
1,11.867312075860854,6.916731207586086,1,0,0,1,0
1,12.654774962212398,7.0,1,0,0,1,0
1,12.32924191625517,5.234821121361756,1,0,1,1,0
0,13.439615276450988,6.430192361774506,0,0,1,1,0
0,13.341687176894816,6.479156411552592,0,0,1,1,0
1,11.763327065445283,5.255009401832077,1,0,1,1,0
0,14.355440636249288,6.495048959583254,0,0,1,1,0
1,14.3088375726393,5.924092369249259,1,0,1,0,0
1,11.798503394778452,6.932834464926151,1,0,0,1,0
0,13.390193063009365,6.680386126018729,0,0,0,1,0
0,13.89789636077601,6.17894646623555,0,0,1,1,0
0,12.204820539182167,6.071076764906997,1,1,0,1,0
0,13.075509213286544,6.9163271911423045,1,0,0,1,0
0,12.656704290197611,6.060973880112922,1,1,0,1,0
0,13.393814181827487,6.6876283636549765,0,0,0,1,0
1,14.047543064769377,6.3,1,0,0,0,0
1,12.86693532582661,6.832258696693564,1,1,1,0,0
0,13.285380418613984,6.585380418613984,1,0,0,1,0
0,11.519633478858667,6.980366521141332,0,1,1,0,0
0,13.249213578966216,6.800524280689191,1,0,0,1,0
1,13.444628293632864,6.451790568789045,1,1,0,0,0
0,11.890433007520294,6.79282475564022,0,1,1,1,0
1,14.143994249723082,6.212011500553834,1,0,1,0,0
1,12.22584841649111,5.1526835092787655,1,0,1,1,0
1,12.182534210715016,6.320958947141979,1,0,0,1,0
1,14.114837438393824,6.34451231518147,1,0,1,0,0
0,11.57569681876758,6.802787275070314,0,1,1,0,0
0,12.2066353991051,5.780093802684692,1,1,0,1,0
0,13.01193053599639,6.958712976002407,1,0,0,1,0
0,14.358637734337297,6.472425156224863,1,0,1,0,0
1,13.99326447588256,6.3,1,0,0,0,0
1,13.991730723281828,6.3,1,0,0,0,0
1,13.956597377245778,6.3,1,0,0,0,0
1,12.123211209179946,6.392146548984065,1,0,0,1,0
0,14.240303845340826,6.393535896893884,1,0,1,0,0
1,12.552967606766655,7.0,1,0,0,1,0
1,12.012470265771796,5.256235132885898,0,1,1,1,0
1,13.966839115460466,6.3,1,0,0,0,0
0,12.37273208347998,5.554549062609985,1,1,0,1,0
1,13.765574697312612,6.3448084342291295,1,1,0,0,0
1,12.952579447782696,6.647420552217306,1,1,0,0,0
1,12.592210276551375,5.139196263072225,1,0,1,1,0
1,11.935960714848312,5.217980357424156,0,1,1,1,0
0,14.160140962230518,6.473348995803391,0,0,1,1,0
0,13.599821905404117,6.344543385886602,0,0,1,1,0
0,14.161425616552854,5.833063757240409,0,0,1,1,0
1,13.926055879562576,6.285110925964242,1,1,0,0,0
0,13.391908058782432,6.683816117564865,0,0,0,1,0
1,11.703001240477132,5.361664599204782,1,0,1,1,0
1,14.082336887141404,6.3,1,0,0,0,0
1,11.511141688310929,7.077716623378147,0,1,1,0,0
0,13.93130882935413,6.030306717696459,0,0,1,1,0
0,14.357916086840394,6.5084167826319215,1,0,0,1,0
1,14.122492107490295,6.367476322470893,1,0,1,0,0
1,11.94853017125456,6.93106627140682,1,0,0,1,0
1,12.374919901330506,6.984364987666313,1,0,0,1,0
1,11.596361043459916,6.907277913080172,0,1,1,0,0
0,13.762751151602073,6.25402713799885,0,0,1,1,0
0,13.3516601912504,6.7161132695832,1,0,0,1,0
1,12.7,5.331310583365228,1,0,1,1,0
1,13.910485823230191,6.294008101011319,1,1,0,0,0
1,12.876370639380896,6.794517442476418,1,1,1,0,0
1,14.29642721241012,5.946431017661785,1,0,1,0,0
1,12.124654764873428,6.953081845609179,1,0,0,1,0
0,13.143607334431127,6.443607334431128,1,0,0,1,0
0,13.462939439453129,6.3258788789062566,0,0,1,1,0
1,11.558851620518398,5.60191396580267,1,0,1,1,0
0,13.913674519012815,6.5,0,0,1,1,0
0,13.220932410052765,6.520932410052763,1,0,0,1,0
1,14.186666665464228,6.126666669071543,1,0,1,0,0
0,13.168618423747626,6.85425438416825,1,0,0,1,0
1,11.8832196269198,5.2832196269198,1,0,1,1,0
1,12.36544144514196,7.06727927742902,1,0,0,1,0
1,12.557214053175208,5.115865105202754,1,0,1,1,0
0,12.87159475837196,7.052270161085359,1,0,0,1,0
0,14.340163056378625,6.5,0,0,1,1,0
0,13.382276472585971,6.664552945171942,0,0,0,1,0
0,11.669768792936711,6.911628132156119,0,1,1,0,0
1,13.934774108336134,6.3,1,0,0,0,0
0,13.30847184968801,6.516943699376017,0,0,0,1,0
1,11.525054200184766,7.049891599630469,0,1,1,0,0
0,13.446982748016334,6.293965496032668,0,0,1,1,0
0,12.73970542488824,6.92009819170392,1,0,0,1,0
0,13.352173137053924,6.604346274107843,0,0,0,1,0
0,13.154392833629466,6.427196416814732,0,0,1,1,0
0,14.149771565008326,6.5,0,0,1,1,0
1,14.01247339972424,6.3,1,0,0,0,0
1,14.05786386759919,6.3,1,0,0,0,0
0,14.127129718513295,6.554574056297342,1,0,0,1,0
1,11.800719046326517,5.2007190463265145,1,0,1,1,0
1,11.994832186146684,5.1090436742433045,1,1,1,0,0
1,12.676712497005736,5.107762500998088,1,0,1,1,0
0,13.005217843424518,6.305217843424519,1,0,0,1,0
1,12.7,5.358959738453604,1,0,1,1,0
1,11.737714747625674,6.912571582541892,1,0,0,1,0
0,13.363294039207291,6.468352980396354,0,0,1,1,0
1,13.95424441214215,6.3,1,0,0,0,0
1,12.049528183116546,5.274764091558273,0,1,1,1,0
0,12.255519365638849,5.766883806166905,1,1,0,1,0
0,14.065512317637427,6.5,0,0,1,1,0
0,12.71379383361282,6.928735388795727,1,0,0,1,0
0,13.124136474045043,6.883909017303304,1,0,0,1,0
1,12.09187954648505,5.295939773242525,0,1,1,1,0
1,11.869464724866711,5.269464724866711,1,0,1,1,0
0,14.124156545775772,6.469350727308419,0,0,1,1,0
1,11.959950050439735,5.369109072567369,1,0,1,1,0
0,13.004147627135625,6.352073813567811,0,0,1,1,0
0,13.377833581172702,6.655667162345401,0,0,0,1,0
1,12.408832174365212,5.205879209321741,1,0,1,1,0
1,14.583206530049004,5.430228245911795,1,0,1,0,0
1,13.904716003091036,6.304716003091035,1,1,0,0,0
1,11.727042316136451,6.950816926454581,0,1,1,0,0
1,14.124499270448908,6.373497811346724,1,0,1,0,0
1,12.165186221387922,6.95814827767349,1,0,0,1,0
0,12.939214263411715,6.239214263411717,1,0,0,1,0
1,12.010615390714726,6.938826923839341,1,0,0,1,0
0,12.940309715118126,7.006460189921249,1,0,0,1,0
0,13.44348848158952,6.428255759205241,0,0,1,1,0
1,11.533341035083698,7.033317929832605,0,1,1,0,0
1,13.948977705895397,6.3,1,0,0,0,0
1,11.9,5.273365924690053,0,1,1,1,0
1,12.98974756927028,6.61025243072972,1,1,0,0,0
1,11.766399539827324,5.250400690259014,1,0,1,1,0
0,13.277628029700583,6.577628029700585,1,0,0,1,0
1,13.208879854951544,5.285981516146391,1,1,1,0,0
0,13.318289607628218,6.536579215256434,0,0,0,1,0
0,11.991176292792554,6.965196048798759,0,1,1,0,0
0,12.24090182178963,5.795490891051849,1,1,0,1,0
1,11.549853864037996,5.61691022660334,1,0,1,1,0
0,13.888603498378671,6.066911287103996,0,0,1,1,0
0,12.254004038050686,5.729979809746573,1,1,0,1,0
0,13.45300506469803,6.423497467650986,0,0,1,1,0
0,13.441931648926907,6.429034175536547,0,0,1,1,0
1,12.7,5.176418491018119,1,0,1,1,0
1,12.96543691070194,6.634563089298061,1,1,0,0,0
0,13.557905869808204,6.350366397307254,0,0,1,1,0
1,12.097401334831009,6.9496751668538765,1,0,0,1,0
0,13.360872878933408,6.469563560533297,0,0,1,1,0
1,14.143995002146216,6.431985006438652,1,0,1,0,0
0,13.134503987616046,6.417251993808023,0,0,1,1,0
0,13.153931670076906,6.864045553282063,1,0,0,1,0
0,12.845713238025288,7.069524507983142,1,0,0,1,0
1,13.913202554616026,6.3132025546160255,1,1,0,0,0
0,13.20413721870542,6.76528759376486,1,0,0,1,0
0,13.095457627428404,6.903028248381065,1,0,0,1,0
1,12.528584975109284,7.0,1,0,0,1,0
0,11.601359163394232,6.576019372545673,0,1,1,1,0
1,11.781289496599758,6.927096498866586,1,0,0,1,0
0,13.39794629756424,6.2061611073072855,0,0,1,1,0
1,14.582066547813731,5.910247686963582,1,1,0,0,0
1,14.10515791750265,6.5051579175026495,1,1,0,0,0
1,12.196810983597196,7.065603661199065,1,0,0,1,0
0,13.598591251701396,6.3154932128273735,0,0,1,1,0
1,13.955646924532829,6.3,1,0,0,0,0
0,13.438396810376258,6.276793620752517,0,0,1,1,0
1,12.020346601343965,5.140693202687927,1,1,1,0,0
0,11.826232317047726,6.826232317047726,0,1,1,1,0
0,14.114846775210172,6.557030644957966,1,0,0,1,0
0,13.327782884648707,6.486108557675647,0,0,1,1,0
0,13.838795403117931,6.43764393367977,0,0,1,1,0
0,13.308573275542772,6.517146551085541,0,0,0,1,0
0,13.41163217165722,6.44418391417139,0,0,1,1,0
0,13.147194678586295,6.447194678586296,1,0,0,1,0
0,12.09170674366862,6.9819511239447705,0,1,1,0,0
1,13.595060701568505,6.401646432810498,1,1,0,0,0
1,14.588187384678994,5.421262707577812,1,0,1,0,0
1,12.360600211538053,6.982575026442257,1,0,0,1,0
1,12.881954734877889,6.687969823251925,1,1,1,0,0
1,12.102495694638064,5.166389367262437,1,0,1,1,0
1,11.767149489730151,6.922383163243385,1,0,0,1,0
0,12.755517645733354,6.914827451422215,1,0,0,1,0
0,13.65041764023964,6.416713071137738,0,0,1,1,0
1,11.815915329808035,6.914489416226005,1,0,0,1,0
1,11.743517925895768,5.548843629682406,1,1,1,0,0
0,14.13524790596864,6.552950418806272,1,0,0,1,0
1,14.115681318032117,6.347043954096346,1,0,1,0,0
0,13.212968241307465,6.512968241307464,1,0,0,1,0
1,14.37299692006276,6.029716045678423,1,1,0,0,0
0,12.080693829151825,6.980115638191971,0,1,1,0,0
1,13.964289903608472,6.3,1,0,0,0,0
1,11.988506354531092,6.928850635453109,1,0,0,1,0
0,13.949936036835922,6.150035535091155,0,0,1,1,0
0,11.56502870096313,6.486994259807374,0,1,1,1,0
1,12.523175742478214,6.982317574247822,1,0,0,1,0
1,12.32136296341517,7.089318518292415,1,0,0,1,0
0,14.1469679324604,6.331311954973601,1,0,1,0,0
0,13.426560880134195,6.436719559932903,0,0,1,1,0
1,12.362751534018544,7.068624232990728,1,0,0,1,0
1,14.015361238699295,6.3,1,0,0,0,0
0,14.263791657415508,6.409194438277005,1,0,1,0,0
1,12.882797703268054,6.893005741829865,1,1,0,0,0
0,11.662764114833928,6.910460685805655,0,1,1,0,0
0,13.297296834700097,6.597296834700096,1,0,0,1,0
1,11.866058354239112,5.266058354239113,1,0,1,1,0
0,12.2,5.95097996801442,1,1,0,1,0
1,12.236978967118477,6.967122370889809,1,0,0,1,0
0,13.283986588493963,6.777342274337356,1,0,0,1,0
1,13.90501182757347,6.30501182757347,1,1,0,0,0
1,12.788570894901234,6.881905473465021,1,1,0,0,0
0,12.230769334250562,5.707691997248311,1,1,0,1,0
1,11.85456483519721,7.001825934078885,0,1,1,0,0
1,11.66332899395906,5.476971274923978,1,0,1,1,0
1,12.355884694182132,7.072057652908934,1,0,0,1,0
0,12.22402165108885,7.043016238316638,0,1,1,1,0
0,13.53291540086689,6.4036572667629885,0,0,1,1,0
1,14.194980209124807,6.584940627374423,1,0,1,0,0
1,14.133685049087116,6.401055147261348,1,0,1,0,0
1,14.09697943809206,6.3,1,0,0,0,0
1,12.928045668265463,6.6959391089793785,1,1,0,0,0
0,14.161469328937317,6.547706134212537,1,0,0,1,0
0,13.0275378663585,6.3275378663585,1,0,0,1,0
0,13.34227160394106,6.642271603941061,1,0,0,1,0
1,11.597611359347772,6.904777281304454,0,1,1,0,0
0,13.05884232055326,6.813719226482247,1,0,0,1,0
0,13.78240249615655,6.62351950076869,1,0,0,1,0
1,13.283658857139644,6.505447047620119,1,1,0,0,0
1,11.71995662170037,5.320065067449447,1,0,1,1,0
1,12.926420642239457,6.689431743104219,1,1,0,0,0
1,11.938735322648697,5.246245107549565,1,0,1,1,0
0,13.15778740230403,6.457787402304031,1,0,0,1,0
0,13.987709029951864,6.582458194009627,1,0,0,1,0
0,13.923177846526588,6.037276131548638,0,0,1,1,0
1,14.158849597920744,6.476548793762233,1,0,1,0,0
1,12.088551771986404,5.277103543972804,1,1,1,0,0
0,13.366843957996847,6.29946812600946,0,0,1,1,0
1,11.613396645161473,5.479905032257791,1,0,1,1,0
1,13.106572176023382,6.6,1,1,0,0,0
0,13.016414334914096,6.316414334914096,1,0,0,1,0
1,11.927756562136054,5.213878281068027,0,1,1,1,0
0,13.019031112419803,6.319031112419803,1,0,0,1,0
0,13.192730519616113,6.838179653589259,1,0,0,1,0
1,12.7,5.633875094335377,1,0,1,1,0
1,12.44375206006402,5.193181069067628,1,0,1,1,0
1,14.24965653380542,6.030618239150244,1,0,1,0,0
0,12.710552409097508,5.97897781061376,1,1,0,1,0
0,12.899640723001832,6.866786425666056,1,0,0,1,0
0,13.450829596949289,6.424585201525356,0,0,1,1,0
1,11.963367680931386,5.173264638137228,1,1,1,0,0
0,13.997428214686328,6.455269801631815,0,0,1,1,0
1,13.945797277440343,6.3,1,0,0,0,0
0,12.816433499059546,7.089044333960303,1,0,0,1,0
1,11.77961015810598,6.92653671936866,1,0,0,1,0
1,14.11869663060637,6.3560898918191135,1,0,1,0,0
0,12.60907009187157,5.8,1,1,0,1,0
0,11.61289353210004,6.61289353210004,0,1,1,1,0
0,13.364387394701634,6.628774789403267,0,0,0,1,0
1,12.95229090346686,6.64770909653314,1,1,0,0,0
0,14.234867741068054,6.5,0,0,1,1,0
1,12.915777076373306,6.684222923626694,1,1,0,0,0
0,13.410678530333106,6.444660734833447,0,0,1,1,0
1,13.944260301717868,6.344260301717869,1,1,0,0,0
1,14.241399640992148,6.017200718015706,1,0,1,0,0
1,14.12080726025718,6.2625469315370745,1,0,1,0,0
1,12.401636355975992,6.987704544496999,1,0,0,1,0
0,12.199154114537691,6.999859019089616,0,1,1,0,0
1,13.43479916394058,6.455066945353139,1,1,0,0,0
0,13.866373219976278,6.5,0,0,1,1,0
0,13.142941313460389,6.871372457693075,1,0,0,1,0
1,12.012660676164598,5.256330338082299,0,1,1,1,0
1,14.141692688174269,6.425078064522803,1,0,1,0,0
0,13.379136792878196,6.460431603560902,0,0,1,1,0
0,12.242155562051572,5.673533313845282,1,1,0,1,0
1,12.7,5.163507667183502,1,0,1,1,0
1,13.06467419699027,6.578441934336577,1,1,0,0,0
1,12.26062063073737,5.259774316095502,1,0,1,1,0
0,13.330738504748672,6.407784485753989,0,0,1,1,0
0,14.33772627106284,6.4930806967847605,0,0,1,1,0
1,13.945685185528973,6.3456851855289695,1,1,0,0,0
0,12.283409648411975,5.599542109528149,1,1,0,1,0
0,13.32117843186055,6.542356863721099,0,0,0,1,0
1,12.51088055893552,7.0,1,0,0,1,0
0,14.240928947000729,6.393952631333818,1,0,1,0,0
0,11.527627293044942,6.61050917217977,0,1,1,0,0
1,11.582553574034948,5.562410709941755,1,0,1,1,0
1,11.55202841050837,6.995943178983261,0,1,1,0,0
0,13.255834925423612,6.748055024858796,1,0,0,1,0
1,12.35395457750173,6.9817443221877165,1,0,0,1,0
1,12.946536663713742,6.653463336286259,1,1,0,0,0
1,12.946160321677132,6.653839678322868,1,1,0,0,0
1,11.905594764789209,5.288810470421586,1,1,1,0,0
0,13.222210500321598,6.759263166559467,1,0,0,1,0
1,14.11612795914231,6.348383877426929,1,0,1,0,0
1,12.17017835723286,6.335785971320568,1,0,0,1,0
0,13.394320280260644,6.452839859869678,0,0,1,1,0
1,11.987240884933716,5.359185132751375,1,0,1,1,0
0,12.76688720942678,6.123935548243875,1,1,0,1,0
1,11.806225978056288,5.206225978056287,1,0,1,1,0
1,11.801265565748013,6.912658195718501,1,0,0,1,0
1,11.7232099168576,5.455196393869963,1,0,1,1,0
1,12.984117591626532,6.621176544497958,1,1,0,0,0
1,12.9069146877572,6.6930853122428005,1,1,0,0,0
0,11.725946664597936,6.920991110766323,0,1,1,0,0
1,11.63424461365669,5.487547413215749,1,0,1,1,0
1,14.13900556316736,6.4170166895020815,1,0,1,0,0
1,12.904114295390896,5.239094506983215,1,1,1,0,0
0,12.414224293010689,5.922413881720392,1,1,0,1,0
0,12.749517007786253,6.916827664071249,1,0,0,1,0
1,12.767974966638771,6.611983311092515,1,1,1,0,0
0,13.317395281346275,6.53479056269255,0,0,0,1,0
1,11.890030253718413,5.290030253718413,1,0,1,1,0
1,14.162251096502796,6.562251096502798,1,1,0,0,0
0,13.357806936926822,6.615613873853644,0,0,0,1,0
1,12.526442491303657,7.0,1,0,0,1,0
1,12.433840441079925,7.033079779460038,1,0,0,1,0
1,12.69996785809528,7.0,1,0,0,1,0
0,12.233669976117431,5.6989900716477,1,1,0,1,0
0,12.246231799144638,5.768841004276808,1,1,0,1,0
0,13.535073073170874,6.5,0,0,1,1,0
0,13.44143760099354,6.282875201987078,0,0,1,1,0
0,12.794016339610954,6.901994553463015,1,0,0,1,0
0,14.138431029711418,6.325620686474278,1,0,1,0,0
0,14.14206834697726,6.5,0,0,1,1,0
0,13.589252532123824,6.323497829608152,0,0,1,1,0
0,14.323009745519338,6.448673163679558,1,0,1,0,0
0,13.24073249594832,6.47036624797416,0,0,1,1,0
1,12.743077496517063,6.942563337977247,1,1,0,0,0
1,14.351158981546243,5.84791383321676,1,0,1,0,0
1,11.773316103466588,6.812020675840095,1,0,0,1,0
0,12.192480843578158,6.998746807263027,0,1,1,0,0
0,13.339161242218998,6.578322484437994,0,0,0,1,0
0,14.066585109315533,5.914355620586687,0,0,1,1,0
1,11.876968203470376,5.276968203470375,1,0,1,1,0
1,14.15195111673149,6.455853350194472,1,0,1,0,0
1,12.922587563578269,6.793531091054335,1,1,0,0,0
1,13.755374105686473,6.357850357725412,1,1,0,0,0
1,13.357174783258282,6.517130086696687,1,1,0,0,0
0,12.832065787768055,7.07862280815463,1,0,0,1,0
0,13.136230849599167,6.875846100267221,1,0,0,1,0
1,13.004069301919545,6.658372279232183,1,1,0,0,0
1,11.965789102122976,6.933223637765372,1,0,0,1,0
0,14.179011522032848,6.544197695593431,1,0,0,1,0
0,12.114561332511943,6.960920999383958,0,1,1,1,0
1,13.58507946260203,6.40497351246599,1,1,0,0,0
0,12.063540375007868,7.063540375007869,0,1,1,1,0
1,14.5431814767021,5.502273341936219,1,0,1,0,0
1,12.9,6.848470198747225,1,1,1,0,0
0,12.817931672523908,6.8940227758253645,1,0,0,1,0
0,12.52215721342933,6.992614262190224,1,0,0,1,0
1,12.788579326824424,6.867131009763363,1,1,1,0,0
1,13.70176046213459,6.366079845955136,1,1,0,0,0
1,14.507452748502486,5.566585052695525,1,0,1,0,0
1,12.223056132890996,6.965382016611375,1,0,0,1,0
0,12.295846997081862,5.52491801750883,1,1,0,1,0
0,12.284694345517687,5.576528272411569,1,1,0,1,0
0,13.245623506843565,6.545623506843562,1,0,0,1,0
0,12.93962708261481,7.006915278256793,1,0,0,1,0
1,11.90384624267836,6.6553845087859695,1,0,0,1,0
0,13.922709668235198,6.037677427226972,0,0,1,1,0
0,14.296804348136355,6.5,0,0,1,1,0
1,14.130120248428584,6.245783552828547,1,0,1,0,0
0,13.064334555047031,6.382167277523515,0,0,1,1,0
1,12.469941699024162,7.015029150487919,1,0,0,1,0
0,13.332670461367218,6.483664769316391,0,0,1,1,0
0,13.258728282451994,6.558728282451995,1,0,0,1,0
0,11.50944909786973,6.466928157455945,0,1,1,1,0
0,14.12883759874509,6.31922506583006,1,0,1,0,0
1,14.056857814104603,6.210366963368799,1,1,0,0,0
1,14.21387469720986,6.09502554502225,1,0,1,0,0
0,14.306337482800048,6.437558321866699,1,0,1,0,0
1,13.175455572418338,6.6,1,1,0,0,0
1,12.512499423914663,7.0,1,0,0,1,0
1,13.083663907298616,6.6,1,1,0,0,0
1,11.561476724528791,6.9770465509424175,0,1,1,0,0
0,13.77873714726044,6.624252570547912,1,0,0,1,0
1,12.54121058046909,5.117643268836767,1,0,1,1,0
1,12.9,6.888626985345891,1,1,1,0,0
0,11.545066636739575,6.533799977554683,0,1,1,1,0
0,14.355852874467292,6.5088294251065415,1,0,0,1,0
1,14.147727016823634,6.204545966352732,1,0,1,0,0
0,13.03927889222418,6.820240369258607,1,0,0,1,0
0,12.617787949038028,5.87075260721103,1,1,0,1,0
0,13.47338732641304,6.413306336793481,0,0,1,1,0
1,12.001818375734612,5.274545406066347,1,0,1,1,0
0,12.23975742511846,5.80121287440771,1,1,0,1,0
0,12.2,5.978988446024328,1,1,0,1,0
1,12.490361988773644,5.152409502806589,1,0,1,1,0
0,14.20234774380286,6.478038638200318,0,0,1,1,0
1,14.143225975951578,6.2221932432871565,1,0,1,0,0
1,12.530319040692106,7.0,1,0,0,1,0
1,12.353104548728988,7.073447725635506,1,0,0,1,0
0,13.695930976219016,6.291149457656103,0,0,1,1,0
0,13.366849440157475,6.63369888031495,0,0,0,1,0
1,14.13332801870502,6.399984056115054,1,0,1,0,0
0,13.665279107056644,6.418364345228516,0,0,1,1,0
1,12.822238459064147,7.011046163743416,1,1,1,0,0
1,12.579747062814684,5.14372834079466,1,0,1,1,0
1,11.766750841228651,5.379898990525616,1,1,1,0,0
0,13.280687878126802,6.580687878126802,1,0,0,1,0
1,11.9,5.495330354076862,0,1,1,1,0
1,11.973665708245475,5.152668583509048,1,1,1,0,0
1,13.709724907766311,6.376110036893476,1,1,0,0,0
0,13.333753233159928,6.633753233159928,1,0,0,1,0
1,13.116233003174584,6.6,1,1,0,0,0
0,12.687002315715516,5.951502701668104,1,1,0,1,0
0,13.179486688242216,6.479486688242217,1,0,0,1,0
1,14.560419306461798,5.471245248368764,1,0,1,0,0
0,13.846551961087684,6.207471132729065,0,0,1,1,0
0,11.915320086433482,6.952553347738914,0,1,1,0,0
0,11.57505699572551,6.800227982902035,0,1,1,0,0
0,13.22501198451091,6.525011984510909,1,0,0,1,0
0,13.33693759412944,6.38918721761168,0,0,1,1,0
0,12.51363014220886,5.979217224119348,1,1,0,1,0
0,13.160399125418255,6.779866958193915,1,0,0,1,0
0,12.236204636827456,5.818976815862713,1,1,0,1,0
1,12.90924543160185,6.721006091197534,1,1,0,0,0
1,14.366559574959176,6.033394528594757,1,1,0,0,0
1,11.9,5.512411978222911,0,1,1,1,0
0,11.65029725055097,6.469940549889806,0,1,1,1,0
0,12.572277439572186,6.975907520142605,1,0,0,1,0
1,12.542119211896557,5.152626929367814,1,0,1,1,0
1,12.405565590148097,5.16239470617663,1,1,1,0,0
1,14.036769441626337,6.3,1,0,0,0,0
0,13.300529692476804,6.600529692476804,1,0,0,1,0
1,14.02482414315065,6.42482414315065,1,1,0,0,0
0,13.474243457375197,6.412878271312403,0,0,1,1,0
1,12.631928122155175,7.0,1,0,0,1,0
0,11.764245542652496,6.92737425710875,0,1,1,0,0
0,14.190006674546446,5.808565707531617,0,0,1,1,0
1,13.394690720646285,6.502123711741486,1,1,0,0,0
0,12.2,5.986688005997961,1,1,0,1,0
1,11.78118386442072,5.228224203368923,1,0,1,1,0
1,12.16677382847645,5.277742057174517,1,0,1,1,0
1,12.7,5.6625963803693935,1,0,1,1,0
0,13.3985486968539,6.204353909438304,0,0,1,1,0
1,14.585870063301485,5.425433886057331,1,0,1,0,0
0,11.588468282583204,6.853873130332817,0,1,1,0,0
0,12.868845951320814,7.054102699119457,1,0,0,1,0
0,13.082961822689375,6.382961822689376,1,0,0,1,0
0,13.111539984152223,6.405769992076112,0,0,1,1,0
0,13.640353979284017,6.279696589185129,0,0,1,1,0
0,13.373321150921342,6.5,0,0,1,1,0
1,13.906866327174365,6.3,1,0,0,0,0
1,12.9,7.050595713578092,1,1,1,0,0
1,14.362014802986923,5.828373354623538,1,0,1,0,0
1,11.841412930587644,6.996565172235058,0,1,1,0,0
1,14.379738297555152,5.796471064400726,1,0,1,0,0
1,13.217208332647663,6.6,1,1,0,0,0
1,12.72165031586765,5.2110231255181,1,1,1,0,0
1,12.973113646087883,6.6268863539121154,1,1,0,0,0
1,13.981153994970317,6.3,1,0,0,0,0
1,11.503769123733012,7.096230876266989,1,0,0,1,0
1,14.176278182934825,6.16269927071732,1,0,1,0,0
0,13.359477612420925,6.61895522484185,0,0,0,1,0
1,13.691657732078989,6.383336907168404,1,1,0,0,0
0,13.469796736337566,6.339593472675131,0,0,1,1,0
1,14.230403962151488,6.039192075697023,1,0,1,0,0
1,11.87958166393164,5.191157592896485,1,0,1,1,0
1,14.288921639332328,5.922156721335347,1,0,1,0,0
0,12.988577129607089,6.837140956797638,1,0,0,1,0
1,14.29950553957575,5.940890028763651,1,0,1,0,0
1,12.224754889965345,5.1528050122260725,1,0,1,1,0
1,11.691306137425762,5.363040793861355,1,0,1,1,0
1,12.7,5.661523125026921,1,0,1,1,0
0,11.542443787103986,6.542443787103986,0,1,1,1,0
1,11.827560483268766,6.746927420077481,1,0,0,1,0
1,12.534418824664677,7.0,1,0,0,1,0
1,12.9,6.88113112188057,1,1,1,0,0
0,13.475603826492843,6.35120765298569,0,0,1,1,0
0,12.2,5.840483933852129,1,1,0,1,0
0,13.369424943789394,6.291725168631818,0,0,1,1,0
0,14.162496299272082,6.341664199514721,1,0,1,0,0
0,12.956008073008444,6.256008073008444,1,0,0,1,0
0,13.789447826423617,6.239195651986881,0,0,1,1,0
1,14.166052411056604,6.498157233169816,1,0,1,0,0
1,12.948754190127334,6.651245809872667,1,1,0,0,0
0,11.5375208046511,6.36867718372115,0,1,1,1,0
0,13.133431638977312,6.433431638977312,1,0,0,1,0
0,13.311347640200974,6.465957079397079,0,0,1,1,0
0,13.509664221492798,6.678067155701441,1,0,0,1,0
0,13.45108795050075,6.302175901001498,0,0,1,1,0
0,12.261872520071378,5.614382439785867,1,1,0,1,0
0,14.089945910613558,6.5620108178772885,1,0,0,1,0
0,11.542928519287052,6.542928519287051,0,1,1,1,0
1,12.56328299860244,7.0,1,0,0,1,0
0,12.2,5.821458115830762,1,1,0,1,0
0,13.204279113893358,6.765240295368881,1,0,0,1,0
1,11.846406759191307,5.2843118889704295,1,1,1,0,0
1,11.966907004209936,5.255635668069979,1,0,1,1,0
1,12.873549559562914,6.805801761748344,1,1,1,0,0
1,12.854212515708248,6.768681226437627,1,1,1,0,0
0,13.450873708320929,6.424563145839536,0,0,1,1,0
1,12.7,5.495958032443744,1,0,1,1,0
1,12.077064073300177,5.254128146600351,1,1,1,0,0
1,13.863882479545998,6.314447008181601,1,1,0,0,0
0,12.018694607005957,6.889020955254465,0,1,1,1,0
1,11.915573505820046,5.247746364814918,1,1,1,0,0
0,12.32456789114616,5.8711816520835205,1,1,0,1,0
0,13.935514901677154,6.592897019664569,1,0,0,1,0
1,14.231673679728878,6.0366526405422425,1,0,1,0,0
1,11.971597599746062,5.1340828803047245,1,1,1,0,0
1,14.1203766259532,6.3611298778596,1,0,1,0,0
0,12.322440690228142,5.869966108701796,1,1,0,1,0
0,14.385007025903278,6.490004683935518,1,0,1,0,0
1,14.142495258740114,6.223508534267794,1,0,1,0,0
1,11.917373109654392,5.208686554827196,0,1,1,1,0
0,14.163897284124952,6.473766364902772,0,0,1,1,0
1,14.218607043503194,6.062785912993612,1,0,1,0,0
0,13.376295362030143,6.461852318984928,0,0,1,1,0
0,12.455600072980872,5.946057184560498,1,1,0,1,0
0,13.843756529265136,6.209024150408259,0,0,1,1,0
1,12.54318983770202,5.157021877199265,1,0,1,1,0
0,12.2,5.955055001968208,1,1,0,1,0
1,12.64771712808282,5.117427623972393,1,0,1,1,0
1,12.7733475177763,6.889978723335548,1,1,1,0,0
0,14.261496759978504,6.484610751108723,0,0,1,1,0
0,12.988700045525986,6.344350022762993,0,0,1,1,0
1,12.9,6.914499007341467,1,1,1,0,0
0,13.48390379677966,6.367807593559322,0,0,1,1,0
1,13.992101361727626,6.3,1,0,0,0,0
0,14.32809214061706,6.5,0,0,1,1,0
1,14.258776616842743,5.982446766314514,1,0,1,0,0
0,12.288956985114568,5.5331290446563,1,1,0,1,0
1,14.1647459557662,6.494237867298596,1,0,1,0,0
1,11.751611162766132,6.83806660468064,1,0,0,1,0
1,14.102065094569248,6.296282829775354,1,0,1,0,0
1,11.95524203610893,6.925524203610893,1,0,0,1,0
0,14.297109529651784,6.431406353101188,1,0,1,0,0
0,13.396094811869236,6.702603458753844,1,0,0,1,0
0,12.2,5.816160216688189,1,1,0,1,0
1,12.7,5.428730126722863,1,0,1,1,0
0,13.769605906281306,6.429956211809034,0,0,1,1,0
0,12.02463500488669,6.970772500814449,0,1,1,0,0
0,13.53526706577239,6.36977108648081,0,0,1,1,0
1,12.222024186868678,5.21949395328283,1,0,1,1,0
1,14.189626259378576,6.568878778135732,1,0,1,0,0
0,14.137325222551164,6.470813913616796,0,0,1,1,0
0,13.424575169625369,6.437712415187317,0,0,1,1,0
1,12.094389431392663,5.298129810464221,1,0,1,1,0
0,12.2,6.0406221330024366,1,1,0,1,0
1,11.538628113755635,7.022743772488729,0,1,1,0,0
1,14.286591233193118,5.9268175336137645,1,0,1,0,0
0,13.075359344509447,6.387679672254723,0,0,1,1,0
1,12.877999400879222,6.762667465494369,1,1,0,0,0
1,14.045088584136634,6.3,1,0,0,0,0
0,13.926778013414614,6.5,0,0,1,1,0
1,13.714372102583344,6.361875965805552,1,1,0,0,0
1,11.617800325263566,6.9821996747364325,1,0,0,1,0
0,12.940988536225776,6.320494268112888,0,0,1,1,0
1,13.262493476303964,6.6,1,1,0,0,0
0,13.36135530418414,6.622710608368281,0,0,0,1,0
0,12.2,5.851626216437059,1,1,0,1,0
1,12.006466341192194,7.062586536476878,0,1,1,0,0
0,12.330872506888296,5.523154380166221,1,1,0,1,0
0,14.182938370564306,6.355292247042871,1,0,1,0,0
0,11.596087676444968,6.163693132442609,0,1,1,1,0
1,11.94149719390814,5.3758192022152205,1,0,1,1,0
0,12.2,5.929905183932197,1,1,0,1,0
0,11.519438990244584,6.5777559609783385,0,1,1,0,0
0,13.443971675436758,6.287943350873515,0,0,1,1,0
1,11.751069128683262,5.535629024804289,1,1,1,0,0
0,12.505925278451771,6.998024907182743,1,0,0,1,0
0,12.700186958865954,5.9668847853436136,1,1,0,1,0
1,12.18346329291658,6.319844048500102,1,0,0,1,0
0,12.061419859272055,6.976903309878676,0,1,1,0,0
0,13.328439742769804,6.628439742769803,1,0,0,1,0
1,13.141646658088645,5.275637947398253,1,1,1,0,0
1,14.26916551067806,5.961668978643884,1,0,1,0,0
1,12.9,6.9702155711268565,1,1,1,0,0
0,14.308802343292014,6.439201562194675,1,0,1,0,0
1,11.639826108162392,5.466956486396014,1,0,1,1,0
0,13.518481452432528,6.384158755057833,0,0,1,1,0
0,13.402245708477656,6.699550858304469,1,0,0,1,0
0,14.102435960390425,6.065313355338653,0,0,1,1,0
1,11.737858448554144,6.854569861735026,1,0,0,1,0
0,13.935792261815612,6.592841547636878,1,0,0,1,0
0,11.669329299295391,6.669329299295393,0,1,1,1,0
0,14.32294175697232,6.448627837981547,1,0,1,0,0
1,12.64755887142951,5.117480376190163,1,0,1,1,0
1,14.138852974592709,6.230064645733122,1,0,1,0,0
0,13.694260190723286,6.5,0,0,1,1,0
1,11.870444852409552,5.270444852409552,1,0,1,1,0
0,12.35558425377248,5.564848296067893,1,1,0,1,0
0,13.31675547229169,6.491622263854155,0,0,1,1,0
1,11.942639077268195,7.037055630907279,0,1,1,0,0
0,13.389768444908134,6.230694665275601,0,0,1,1,0
1,13.58437619467799,6.405207935107336,1,1,0,0,0
0,12.678526898384154,6.9404910338719485,1,0,0,1,0
0,13.343147168231198,6.586294336462394,0,0,0,1,0
1,12.279199431936284,5.146755618673746,1,0,1,1,0
1,14.53984738612969,5.9343729222116055,1,1,0,0,0
0,14.174744341712982,6.349829561141989,1,0,1,0,0
1,12.674272806963918,7.0,1,0,0,1,0
1,12.76167813513442,6.917762486487438,1,1,0,0,0
0,13.311647391329624,6.523294782659248,0,0,0,1,0
0,13.000281504123032,6.966478997251312,1,0,0,1,0
1,12.193879682824711,5.129827643511494,1,1,1,0,0
1,12.888293592712897,6.748941876382803,1,1,0,0,0
1,12.318684215281946,5.142368420524228,1,0,1,1,0
0,14.233256861261518,6.5,0,0,1,1,0
1,14.41201378249609,6.007420695716521,1,1,0,0,0
1,12.016141640485662,6.939517705060708,1,0,0,1,0
0,11.507706469540452,6.507706469540452,0,1,1,1,0
0,13.115807670596498,6.4079038352982485,0,0,1,1,0
0,11.5781737418054,6.5781737418054,0,1,1,1,0
1,12.535069982171384,7.0,1,0,0,1,0
1,11.656721952331798,6.943278047668202,1,0,0,1,0
1,12.329725193020774,7.085137403489613,1,0,0,1,0
0,13.03863351170014,6.940910992199908,1,0,0,1,0
0,12.2,6.062773676950449,1,1,0,1,0
0,12.362892733334547,5.8,1,1,0,1,0
0,14.03780571597568,6.572438856804864,1,0,0,1,0
1,11.584721629906346,6.930556740187309,0,1,1,0,0
0,14.254979663168884,6.483886629240987,0,0,1,1,0
0,13.388386894501489,6.707742070332341,1,0,0,1,0
0,14.135425132310598,6.323616754873732,1,0,1,0,0
1,12.905240362693004,6.697903854922799,1,1,0,0,0
0,13.413201461088542,6.443399269455729,0,0,1,1,0
0,13.716395787336255,6.5,0,0,1,1,0
1,14.15082407086874,6.45247221260622,1,0,1,0,0
0,12.326717399563131,5.8,1,1,0,1,0
1,12.836240318391186,6.795639522413221,1,1,1,0,0
0,13.810083749055607,6.617983250188878,1,0,0,1,0
1,11.804404061275289,6.913050507659412,1,0,0,1,0
0,12.572661910447591,5.8,1,1,0,1,0
1,12.293309093396758,5.20167272665081,1,0,1,1,0
0,12.935008591169211,6.235008591169212,1,0,0,1,0
1,12.7,5.151012945779561,1,0,1,1,0
0,13.328922900173415,6.485538549913293,0,0,1,1,0
1,12.242648115983428,5.150816876001842,1,0,1,1,0
0,13.729265649042969,6.272630194976129,0,0,1,1,0
1,11.942103430666076,6.980701143555359,1,0,0,1,0
1,14.202807995008955,6.0943840099820905,1,0,1,0,0
1,11.781273121388368,5.2312114643527226,1,0,1,1,0
0,14.016978280867258,6.576604343826548,1,0,0,1,0
0,11.595115423337656,6.904884576662344,0,1,1,0,0
1,11.896682676224858,5.204146654718929,0,1,1,1,0
1,14.399971147510994,5.760051934480211,1,0,1,0,0
0,12.962448638358058,6.991700907761294,1,0,0,1,0
0,13.756586060765958,6.257452188463358,0,0,1,1,0
0,12.47865503509759,5.633991276323193,1,1,0,1,0
0,12.2,6.037343695252931,1,1,0,1,0
1,11.86702816946105,5.241214788173687,0,1,1,1,0
1,12.288533367588908,5.24962422996767,1,0,1,1,0
1,12.835339960377672,7.011650099055823,1,1,0,0,0
0,13.11550707601777,6.41550707601777,1,0,0,1,0
0,12.636924383871971,6.954358538709343,1,0,0,1,0
1,11.896327385823495,6.965442461941166,1,0,0,1,0
0,11.99282612368608,6.401434775262784,0,1,1,1,0
1,14.040175254443206,6.440175254443206,1,1,0,0,0
0,14.0399449351048,6.57201101297904,1,0,0,1,0
0,13.36925624951589,6.6692562495158905,1,0,0,1,0
0,11.530450092095467,6.621800368381872,0,1,1,0,0
1,12.91168821757169,6.688311782428309,1,1,0,0,0
1,12.005911625470135,5.252955812735069,0,1,1,1,0
0,13.71052461981883,6.2830418778784285,0,0,1,1,0
1,12.772919670881317,6.902773772158247,1,1,0,0,0
1,12.774602320081806,6.888096519877291,1,1,1,0,0
0,13.3290713126652,6.558142625330397,0,0,0,1,0
1,14.03438691447275,6.3,1,0,0,0,0
1,11.641008952224508,6.916403580889804,0,1,1,0,0
0,13.43935614742007,6.278712294840137,0,0,1,1,0
0,12.861785811780326,7.058809458813116,1,0,0,1,0
0,13.06335096949016,6.363350969490159,1,0,0,1,0
1,11.628125023045731,5.4897727188924605,1,0,1,1,0
1,14.25851875486367,5.98296249027266,1,0,1,0,0
0,11.64256288440531,6.606922163303982,0,1,1,1,0
0,12.2,5.993713140006867,1,1,0,1,0
1,14.43276348271817,5.701025731107293,1,0,1,0,0
1,11.59347915605882,6.913041687882361,0,1,1,0,0
0,13.398015638928095,6.205953083215716,0,0,1,1,0
1,14.047800068936482,6.3,1,0,0,0,0
1,14.048226059611558,6.2152993945076815,1,1,0,0,0
1,12.663854995216104,7.0,1,0,0,1,0
1,11.80478631016834,6.774256427797993,1,0,0,1,0
0,13.58124477154844,6.663751045690312,1,0,0,1,0
1,11.9,5.745436151138103,0,1,1,1,0
1,12.751497693372102,6.922753459941846,1,1,1,0,0
1,12.902425606370333,6.843935984074168,1,1,0,0,0
1,12.03942405774731,5.173397326916966,1,0,1,1,0
1,13.41592217209868,6.461359275967107,1,1,0,0,0
0,13.317498835259515,6.53499767051903,0,0,0,1,0
0,14.112291085302454,6.308194056868302,1,0,1,0,0
1,14.210420168882049,6.079159662235908,1,0,1,0,0
1,12.884162187047895,6.754450417269471,1,1,0,0,0
0,11.897658111341512,6.949609685223586,0,1,1,0,0
1,11.9,5.92466094574944,0,1,1,1,0
1,12.550405151057342,6.985040515105735,1,0,0,1,0
1,12.038202639335058,7.012734213111686,1,0,0,1,0
1,12.169147172863608,5.1260226419790165,1,1,1,0,0
0,14.232106485144351,6.53357870297113,1,0,0,1,0
0,14.28785508662365,6.4252367244157655,1,0,1,0,0
0,12.2,5.804799808404071,1,1,0,1,0
1,14.17776784662454,6.144464306750922,1,0,1,0,0
0,14.128171436920464,6.0510158683775215,0,0,1,1,0
0,13.336724220574522,6.573448441149044,0,0,0,1,0
1,12.993014829251342,6.606985170748659,1,1,0,0,0
1,12.64122887343797,7.0,1,0,0,1,0
1,12.96336587290307,6.691585317742324,1,1,0,0,0
1,11.873375885334132,6.921671985666767,1,0,0,1,0
0,13.03531704366002,6.367658521830009,0,0,1,1,0
1,11.748398176431223,5.503203647137552,0,1,1,1,0
0,13.37539144043403,6.2738256786979125,0,0,1,1,0
1,14.017766404331317,6.3,1,0,0,0,0
0,12.56803359135471,6.977322136215096,1,0,0,1,0
1,13.763310085282187,6.354675965887125,1,1,0,0,0
0,12.712899750282864,6.929033416572379,1,0,0,1,0
1,12.945270369260362,6.736824076849098,1,1,0,0,0
1,13.869514605800555,6.310161798066482,1,1,0,0,0
0,13.948962909295895,6.590207418140821,1,0,0,1,0
1,13.245732639974923,6.6,1,1,0,0,0
1,11.9,5.257022863114668,0,1,1,1,0
0,12.06007471483403,6.976679119139005,0,1,1,0,0
0,12.231417509728974,5.705747470813078,1,1,0,1,0
1,12.41179243494779,6.988974054368474,1,0,0,1,0
1,14.147438734209285,6.4423162026278495,1,0,1,0,0
1,12.178413267494683,5.273862244168439,1,0,1,1,0
1,11.816137773368412,5.216137773368411,1,0,1,1,0
1,13.955967790069598,6.3,1,0,0,0,0
0,13.322352806224156,6.544705612448306,0,0,0,1,0
0,13.320832663942234,6.541665327884465,0,0,0,1,0
0,11.530696014857671,6.969303985142326,0,1,1,0,0
0,14.38438029181699,6.489586861211326,1,0,1,0,0
0,11.816066267487166,6.936011044581194,0,1,1,0,0
0,12.208517322471431,5.774448032585706,1,1,0,1,0
0,11.711886651498787,6.457622669700243,0,1,1,1,0
0,12.2,5.867705633228769,1,1,0,1,0
0,12.644835898994662,5.902308548827105,1,1,0,1,0
1,12.209641168158637,5.15448431464904,1,0,1,1,0
0,13.092370464195373,6.802543178601543,1,0,0,1,0
0,14.323149687463156,6.5,0,0,1,1,0
0,11.569343878567071,6.9306561214329285,0,1,1,0,0
1,14.599949842151146,5.400090284127939,1,0,1,0,0
1,11.956860374566435,5.175494344508737,1,1,1,0,0
0,13.900215695300377,6.056957975456819,0,0,1,1,0
0,13.070018636593414,6.809993787802195,1,0,0,1,0
0,13.291221007042898,6.495610503521449,0,0,1,1,0
0,11.596554455148707,6.1620594069795205,0,1,1,1,0
1,14.280183111035027,5.975670400136951,1,0,1,0,0
0,13.35008515938055,6.4749574203097255,0,0,1,1,0
1,14.255126904426668,6.097070340327619,1,1,0,0,0
0,11.518269928312856,6.981730071687145,0,1,1,0,0
0,11.690689134370846,6.690689134370847,0,1,1,1,0
0,13.1921303733868,6.838579751075467,1,0,0,1,0
1,11.711851565236064,5.57629686952787,0,1,1,1,0
1,11.72148207102836,6.907160690342788,1,0,0,1,0
1,14.308324603238896,5.925015714169987,1,0,1,0,0
1,11.9,5.227000847021967,0,1,1,1,0
1,13.841016857776632,6.31966104740779,1,1,0,0,0
1,14.03550391878799,6.3,1,0,0,0,0
0,13.098484216817456,6.399242108408727,0,0,1,1,0
0,12.261258686307832,5.73244788215301,1,1,0,1,0
1,14.056083793809217,6.456083793809214,1,1,0,0,0
0,12.286230098934816,5.541309703195556,1,1,0,1,0
0,12.936058001462394,6.854647332845869,1,0,0,1,0
0,14.046000479829887,6.5,0,0,1,1,0
1,11.55766499331412,6.984670013371758,0,1,1,0,0
0,13.176769603117831,6.774410132294055,1,0,0,1,0
1,14.354586227004576,5.84174479139176,1,0,1,0,0
1,14.032017565792698,6.3,1,0,0,0,0
1,14.162300045321825,6.175399909356351,1,0,1,0,0
0,14.098065512878684,6.466451723653187,0,0,1,1,0
1,12.816201252339248,7.035194990643014,1,1,1,0,0
0,13.349106870933223,6.716964376355593,1,0,0,1,0
0,13.438328650366005,6.276657300732008,0,0,1,1,0
0,14.271503584607784,6.414335723071855,1,0,1,0,0
1,12.276069144243111,6.972008643030389,1,0,0,1,0
0,13.40658468158434,6.213169363168683,0,0,1,1,0
1,13.073496928559935,6.6,1,1,0,0,0
1,11.98570994842789,6.935713743553487,1,0,0,1,0
1,12.626671061281955,5.10814765985756,1,0,1,1,0
1,11.832426942982243,5.415481111642821,1,0,1,1,0
1,12.079727850791931,5.2594557015838665,1,1,1,0,0
1,12.520709634547597,7.0,1,0,0,1,0
1,12.679026549458811,7.0,1,0,0,1,0
1,12.737962180945678,6.943056728581484,1,1,1,0,0
1,13.972379104039597,6.3,1,0,0,0,0
0,14.08363379714584,6.464848199682871,0,0,1,1,0
0,12.239627765567471,5.8,1,1,0,1,0
0,12.291096509344646,5.8,1,1,0,1,0
1,11.860299624938204,5.405345590931562,1,0,1,1,0
0,13.458732501939574,6.420633749030213,0,0,1,1,0
1,12.084532037129332,5.294844012376444,1,0,1,1,0
0,13.35166890663409,6.474165546682955,0,0,1,1,0
0,13.307375292365784,6.514750584731566,0,0,0,1,0
1,13.858591724089091,6.313802758636969,1,1,0,0,0
1,11.52964377850962,5.662945276862975,0,1,1,1,0
1,12.583155536394342,7.0,1,0,0,1,0
0,12.415056172735948,5.5862921295519605,1,1,0,1,0
0,11.897058129851615,6.949509688308603,0,1,1,0,0
1,12.80807145890947,6.855904721454039,1,1,0,0,0
1,14.002249268770848,6.241571846416658,1,1,0,0,0
0,13.482505084736882,6.683498983052624,1,0,0,1,0
1,12.81302168363556,7.047913265457764,1,1,1,0,0
0,13.442506782263456,6.28501356452691,0,0,1,1,0
1,14.153372185305964,6.460116555917897,1,0,1,0,0
0,12.327982559826618,5.873132891329496,1,1,0,1,0
0,11.8084475400002,6.73133565500015,0,1,1,1,0
1,12.340096402149909,5.189975899462523,1,0,1,1,0
0,13.374486136083524,6.462756931958238,0,0,1,1,0
1,13.19343432912163,6.6,1,1,0,0,0
0,12.521292805126254,5.983595888643574,1,1,0,1,0
1,12.363072862747911,7.068463568626044,1,0,0,1,0
1,11.553915855983885,7.046084144016116,1,0,0,1,0
0,11.589069936922908,6.9109300630770925,0,1,1,0,0
1,12.566135243752637,7.0,1,0,0,1,0
1,12.390076972744376,5.177480756813905,1,0,1,1,0
1,13.06169928216656,6.6,1,1,0,0,0
1,14.122397111530509,6.255205776938987,1,0,1,0,0
1,11.926818077541885,7.030727231016754,0,1,1,0,0
1,12.454312278279032,5.161421930430242,1,0,1,1,0
1,12.594747304005775,7.0,1,0,0,1,0
1,13.925554166053171,6.3,1,0,0,0,0
1,12.819008073633611,7.052479815915974,1,1,0,0,0
0,12.2,5.984399219033131,1,1,0,1,0
1,11.9,5.2941785727509565,0,1,1,1,0
0,13.05519572195285,6.81493475934905,1,0,0,1,0
1,13.756180230464093,6.357527907814363,1,1,0,0,0
1,11.504442012187162,7.091115975625674,0,1,1,0,0
1,12.183721260023482,6.960465157502935,1,0,0,1,0
0,13.849830311406302,6.100145447366027,0,0,1,1,0
1,11.594219086104111,7.005780913895889,1,0,0,1,0
0,12.845443587016346,6.168824906866484,1,1,0,1,0
1,12.664848249890236,7.0,1,0,0,1,0
0,13.267962981352126,6.5679629813521245,1,0,0,1,0
0,13.319830711969642,6.539661423939282,0,0,0,1,0
0,13.360130766321044,6.6601307663210445,1,0,0,1,0
0,13.515564179469036,6.401729353274337,0,0,1,1,0
0,14.32203313079081,6.491337014532312,0,0,1,1,0
0,13.12976680088104,6.790077733039653,1,0,0,1,0
1,14.31943560950143,5.905015902897427,1,0,1,0,0
0,12.60802164659562,6.963992784468127,1,0,0,1,0
0,12.2,5.901045557658061,1,1,0,1,0
1,14.54281145519708,5.502939380645255,1,0,1,0,0
0,13.118959049281964,6.418959049281964,1,0,0,1,0
0,13.487549917555524,6.406225041222239,0,0,1,1,0
0,14.148728696316857,6.472080966257429,0,0,1,1,0
0,11.792553388979217,6.9320922314965365,0,1,1,0,0
0,13.985165186503348,6.582966962699331,1,0,0,1,0
1,12.68519194272428,7.0,1,0,0,1,0
0,13.66337707359061,6.5,0,0,1,1,0
1,13.104397403374094,6.565200865541969,1,1,0,0,0
1,11.9,5.216478099804278,0,1,1,1,0
0,13.670930189642116,6.5,0,0,1,1,0
1,14.106010683815205,6.289180769132631,1,0,1,0,0
0,13.377990061232444,6.65598012246489,0,0,0,1,0
1,12.943617996941803,6.656382003058198,1,1,0,0,0
1,11.648260298015556,6.951739701984443,1,0,0,1,0
1,11.86731310799791,5.26731310799791,1,0,1,1,0
1,11.853715185934249,5.194031646007306,1,0,1,1,0
1,14.077302432009434,6.3,1,0,0,0,0
0,13.866905771827112,6.606618845634578,1,0,0,1,0
0,14.133101748904089,6.048276806164397,0,0,1,1,0
1,11.549924882530195,5.6167918624496735,1,0,1,1,0
0,13.957059669655438,6.008234568866767,0,0,1,1,0
1,11.532025173128302,5.659968533589622,0,1,1,1,0
1,11.95680483528128,5.186390329437439,1,1,1,0,0
0,13.365727100449584,6.665727100449584,1,0,0,1,0
1,12.58598158383978,5.14146124224008,1,0,1,1,0
0,13.184719962947602,6.771760012350799,1,0,0,1,0
0,14.169242379175456,6.546151524164909,1,0,0,1,0
0,14.312476326516112,6.5,0,0,1,1,0
1,12.497935784462957,5.173477896558925,1,0,1,1,0
0,13.550571003990298,6.5,0,0,1,1,0
0,13.339779321475282,6.380662035574156,0,0,1,1,0
1,11.82444926310322,5.224449263103219,1,0,1,1,0
0,11.720451262396407,6.455909747520719,0,1,1,1,0
0,11.992803339236833,6.992803339236833,0,1,1,1,0
1,11.651108739683558,5.448152100527405,1,0,1,1,0
1,14.21995984908856,6.060080301822882,1,0,1,0,0
1,11.672775716327322,5.654448567345354,0,1,1,1,0
0,12.534807753695404,6.988397415434865,1,0,0,1,0
0,11.69081136101818,5.832160236436371,0,1,1,1,0
1,13.987794989361566,6.387794989361566,1,1,0,0,0
1,12.34352752867867,7.078236235660665,1,0,0,1,0
1,13.943563367950617,6.3,1,0,0,0,0
1,12.241958909365833,7.08065296978861,1,0,0,1,0
1,12.389174118414608,7.055412940792696,1,0,0,1,0
1,11.841258197821965,6.996503279128786,0,1,1,0,0
1,13.662230284704526,6.379256571765158,1,1,0,0,0
0,13.249919537397776,6.8000536417348165,1,0,0,1,0
0,13.488583627421278,6.5,0,0,1,1,0
0,11.540665716624485,6.959334283375516,0,1,1,0,0
1,11.808382099977385,5.38323580004523,0,1,1,1,0
1,12.484280954046286,5.153929761488428,1,0,1,1,0
1,11.740416851461443,6.956166740584577,0,1,1,0,0
1,12.177517918465036,7.059172639488345,1,0,0,1,0
1,12.013573530758327,5.127147061516653,1,1,1,0,0
1,14.107073029027507,6.507073029027508,1,1,0,0,0
1,11.9,5.275799499777567,0,1,1,1,0
0,12.9116925103429,6.30584625517145,0,0,1,1,0
1,12.405121415852989,7.0474392920735065,1,0,0,1,0
0,13.320559899010808,6.541119798021611,0,0,0,1,0
1,13.161958276890276,6.6,1,1,0,0,0
0,14.197718329608415,5.801955717478501,0,0,1,1,0
0,12.883209442280496,7.04452703847967,1,0,0,1,0
1,12.292761365259182,5.201809658685204,1,0,1,1,0
0,13.344130303601974,6.588260607203947,0,0,0,1,0
1,11.624641144773731,5.7507177104525375,0,1,1,1,0
1,14.483215126961698,5.6102127714689445,1,0,1,0,0
1,14.563923655922029,5.464937419340353,1,0,1,0,0
0,13.454066779262671,6.422966610368665,0,0,1,1,0
0,13.204792507317222,6.504792507317222,1,0,0,1,0
1,12.888444976103797,6.878887559740513,1,1,0,0,0
0,12.549275545559786,6.983574818146738,1,0,0,1,0
1,12.02117519609864,5.142350392197281,1,1,1,0,0
1,11.848464526117448,6.721842568659061,1,0,0,1,0
1,12.021901808778832,5.143803617557666,1,1,1,0,0
1,13.027339819756389,6.6,1,1,0,0,0
1,11.9,5.271242973268494,0,1,1,1,0
1,12.9,6.789357612021282,1,1,1,0,0
0,13.56404565721311,6.40711618413479,0,0,1,1,0
0,12.282039983863852,5.553880048408444,1,1,0,1,0
0,13.013520867813057,6.356760433906527,0,0,1,1,0
1,13.829884730264018,6.32337175657866,1,1,0,0,0
0,13.333841891435814,6.398474325692559,0,0,1,1,0
0,14.104649168406835,6.5,0,0,1,1,0
1,14.18376679566326,6.551300386989782,1,0,1,0,0
1,12.810970143720434,6.83354478441935,1,1,1,0,0
0,14.3144759607537,5.9475133551368335,0,0,1,1,0
0,12.872704316806882,7.051530455462078,1,0,0,1,0
1,14.549792875424176,5.490372824236482,1,0,1,0,0
0,13.911587802858175,6.4457319780953535,0,0,1,1,0
0,13.71449776937979,6.637100446124042,1,0,0,1,0
0,12.286248133465644,5.849284647694654,1,1,0,1,0
1,12.191879863314492,5.156457792965057,1,0,1,1,0
1,13.964938052169186,6.364938052169187,1,1,0,0,0
1,13.72786302650847,6.368854789396612,1,1,0,0,0
0,13.023285383142923,6.361642691571462,0,0,1,1,0
0,13.313844509532975,6.527689019065954,0,0,0,1,0
1,11.54657877614758,5.644105468622904,1,1,1,0,0
0,13.181782779252629,6.481782779252627,1,0,0,1,0
1,12.9,6.901303233316142,1,1,1,0,0
1,14.071551513380856,6.3,1,0,0,0,0
1,11.758154228746305,5.262768656880543,1,0,1,1,0
1,12.607115480803325,7.0,1,0,0,1,0
1,11.998699810018696,5.102600379962608,1,1,1,0,0
1,14.07886238876976,6.478862388769761,1,1,0,0,0
0,12.2,6.016972718214372,1,1,0,1,0
0,11.877247955424943,6.946207992570824,0,1,1,0,0
1,12.053319074560374,5.284439691520125,1,0,1,1,0
1,13.678666064921575,6.373777978359475,1,1,0,0,0
1,12.852887628037896,6.770668557943159,1,1,1,0,0
0,13.301458982484322,6.502917964968644,0,0,0,1,0
0,12.26920704626418,5.6847577224149255,1,1,0,1,0
0,13.379621544545913,6.659243089091825,0,0,0,1,0
1,12.77992920513976,6.893427726480319,1,1,0,0,0
1,12.604319591917251,7.0,1,0,0,1,0
0,12.62010722109799,5.740080415823494,1,1,0,1,0
1,12.447649436925534,5.184116854358155,1,0,1,1,0
0,13.554997654686227,6.5,0,0,1,1,0
0,14.36720730160569,6.506558539678862,1,0,0,1,0
1,13.935579229625832,6.3,1,0,0,0,0
0,13.45495451592716,6.309909031854319,0,0,1,1,0
0,13.320978946608657,6.489510526695673,0,0,1,1,0
1,11.764958492898788,6.822049808521456,1,0,0,1,0
1,13.26122177994714,6.6,1,1,0,0,0
0,11.543603454134349,6.674413816537387,0,1,1,0,0
1,11.839978662791044,5.239978662791044,1,0,1,1,0
0,14.312427462145637,6.44161830809709,1,0,1,0,0
1,11.622866799407008,5.491684800215634,1,0,1,1,0
0,13.22053747605894,6.520537476058941,1,0,0,1,0
1,12.710072759275606,6.98489086108659,1,1,1,0,0
1,13.58191304960292,6.406028983465694,1,1,0,0,0
1,12.899955097186815,6.70017961125274,1,1,1,0,0
0,13.322978058191234,6.488510970904383,0,0,1,1,0
0,13.581641014067468,6.663671797186507,1,0,0,1,0
1,12.9,7.00938530540723,1,1,1,0,0
0,12.25340133578633,5.639795992641011,1,1,0,1,0
0,13.436876796833603,6.273753593667211,0,0,1,1,0
1,13.117868275542143,6.612852689783143,1,1,0,0,0
1,11.994360415349908,5.178404398294455,1,0,1,1,0
1,11.53612756433438,7.02774487133124,0,1,1,0,0
1,11.71076607775351,5.606159363931358,1,1,1,0,0
1,12.99154527923409,6.608454720765909,1,1,0,0,0
1,11.71658253418337,5.429271832270787,0,1,1,1,0
1,14.191380928817404,6.574142786452216,1,0,1,0,0
0,12.063190356164482,7.0631903561644815,0,1,1,1,0
0,13.074552564302383,6.916964957131745,1,0,0,1,0
1,14.199495662112644,6.598486986337935,1,0,1,0,0
0,11.526302003546434,6.9736979964535655,0,1,1,0,0
0,13.467363533239569,6.416318233380216,0,0,1,1,0
0,13.337739220301229,6.7415071864658485,1,0,0,1,0
1,12.627643157244744,7.0,1,0,0,1,0
1,11.9,5.200167380408368,0,1,1,1,0
1,14.11043334890844,6.331300046725324,1,0,1,0,0
0,13.357854395362322,6.615708790724644,0,0,0,1,0
1,11.514205331930937,7.07158933613813,0,1,1,0,0
1,11.691792515542666,6.936717006217067,0,1,1,0,0
0,12.908333749457944,6.304166874728971,0,0,1,1,0
0,13.012325658503586,6.356162829251793,0,0,1,1,0
0,13.352499275674145,6.342502172977575,0,0,1,1,0
0,13.302486507489062,6.602486507489062,1,0,0,1,0
0,12.037400079941516,7.037400079941515,0,1,1,1,0
1,11.9,5.225169679915616,0,1,1,1,0
0,12.851107463848276,7.065928357434482,1,0,0,1,0
1,11.9,5.273149221837635,0,1,1,1,0
0,13.452333468873418,6.304666937746834,0,0,1,1,0
1,12.96956433849516,6.640580882006455,1,1,0,0,0
0,13.382543635022282,6.252369094933154,0,0,1,1,0
0,12.81505036950654,6.894983210164487,1,0,0,1,0
0,12.71968773049242,6.09696441742424,1,1,0,1,0
1,12.928386476731486,6.6716135232685145,1,1,0,0,0
0,14.151902211065208,6.334601474043472,1,0,1,0,0
0,12.623661466634102,6.958779511121966,1,0,0,1,0
1,12.000191201165697,5.100382402331391,1,1,1,0,0
1,11.902991258451822,7.021196503380729,0,1,1,0,0
1,14.242914609563543,6.04275370278562,1,0,1,0,0
1,13.32507291856206,6.491642360479314,1,1,0,0,0
1,14.21298905961318,6.074021880773644,1,0,1,0,0
0,14.283618952836564,6.422412635224377,1,0,1,0,0
1,11.838480224137326,6.99539208965493,0,1,1,0,0
0,12.2,5.836212304416974,1,1,0,1,0
1,11.691216262270553,5.3631756065941705,1,0,1,1,0
0,13.958795115430602,6.588240976913879,1,0,0,1,0
0,13.950021064976166,6.014267658591857,0,0,1,1,0
1,12.109925535818332,5.116911620895127,1,1,1,0,0
0,13.086446677382757,6.909035548411496,1,0,0,1,0
1,11.761500452199131,5.264165913001451,1,0,1,1,0
1,14.24623793334364,6.00752413331272,1,0,1,0,0
1,12.57410129868038,7.0,1,0,0,1,0
1,14.1805584576853,6.5416753730559005,1,0,1,0,0
1,14.084854849147249,6.3,1,0,0,0,0
0,13.796365360363184,6.145972548260128,0,0,1,1,0
1,12.66755408754586,5.103605101383793,1,0,1,1,0
0,13.20737464081904,6.507374640819039,1,0,0,1,0
1,11.658880502859729,5.411679245710407,1,0,1,1,0
1,12.52386861103247,5.164047777806374,1,0,1,1,0
1,11.863533404591603,5.4041696710575975,1,0,1,1,0
0,14.063577623408714,6.5672844753182575,1,0,0,1,0
1,13.939699517643175,6.277314561346755,1,1,0,0,0
1,12.281383352879974,6.972672919109997,1,0,0,1,0
0,12.995086536941756,6.3475432684708775,0,0,1,1,0
0,12.552438923106,6.982520358964667,1,0,0,1,0
1,14.277842159002176,5.944315681995653,1,0,1,0,0
1,13.813172906312886,6.328942364562372,1,1,0,0,0
0,12.2,5.85936673365936,1,1,0,1,0
1,12.89571304423782,6.739049274349574,1,1,0,0,0
1,12.657239165156698,6.9957239165156695,1,0,0,1,0
0,14.263870219186016,6.409246812790678,1,0,1,0,0
1,14.241774472583211,6.044805949350218,1,0,1,0,0
0,12.927273138978048,7.015151240681301,1,0,0,1,0
1,12.431577506513834,7.034211246743083,1,0,0,1,0
0,11.533906828263026,6.381326101079406,0,1,1,1,0
0,14.393332069201392,6.495554712800928,1,0,1,0,0
1,11.978972651589563,5.14205469682087,1,1,1,0,0
0,14.227013675712165,6.384675783808111,1,0,1,0,0
0,13.398482353532795,6.69696470706559,0,0,0,1,0
1,14.368818511064289,5.816126680084282,1,0,1,0,0
0,13.3625410251999,6.312376924400298,0,0,1,1,0
1,12.7,5.513577010713326,1,0,1,1,0
0,14.274560868519664,5.969688406377966,0,0,1,1,0
1,13.223854933770731,6.6,1,1,0,0,0
0,13.329107720261014,6.5582154405220265,0,0,0,1,0
1,12.71485943514701,6.980187419803986,1,1,0,0,0
0,13.416544709855204,6.233089419710406,0,0,1,1,0
1,11.710971892776122,5.605799187641787,1,1,1,0,0
1,14.595690943586408,5.4077563015444685,1,0,1,0,0
1,11.978867541678582,5.18012582870238,1,0,1,1,0
1,14.168853414869616,6.506560244608848,1,0,1,0,0
0,13.536012212755406,6.369132389066796,0,0,1,1,0
0,14.384085542552276,6.489390361701517,1,0,1,0,0
0,11.557988964274546,6.942011035725453,0,1,1,0,0
1,11.612865289888727,6.905146115955492,0,1,1,0,0
1,12.024838928680625,5.149677857361246,1,1,1,0,0
1,13.536277499997675,6.421240833334108,1,1,0,0,0
1,14.112792056744103,6.27441588651179,1,0,1,0,0
1,14.1131947328704,6.3395841986112025,1,0,1,0,0
1,12.662808197262049,7.0,1,0,0,1,0
1,13.297696177141942,6.6,1,1,0,0,0
0,13.045684026080345,6.372842013040172,0,0,1,1,0
0,11.504664640711638,6.518658562846551,0,1,1,0,0
0,12.2,6.084713112659463,1,1,0,1,0
1,11.86447315938228,5.264473159382279,1,0,1,1,0
0,13.115809196697349,6.794730267767552,1,0,0,1,0
1,11.972555523193405,5.154888953613192,1,1,1,0,0
0,11.769274724259969,6.9282124540433285,0,1,1,0,0
0,13.346811892960496,6.359564321118512,0,0,1,1,0
1,12.85308682767648,6.795884229764694,1,1,0,0,0
0,12.89932327644679,6.866892241184404,1,0,0,1,0
1,13.11260211637961,5.271169556366094,1,1,1,0,0
0,12.212606071380009,5.936969643099957,1,1,0,1,0
0,14.037849409649246,6.5,0,0,1,1,0
0,13.042749453716077,6.342749453716075,1,0,0,1,0
1,12.058909831882332,7.0835639327529325,0,1,1,0,0
0,14.050142806126802,6.461126978458534,0,0,1,1,0
0,11.534753601699204,6.965246398300796,0,1,1,0,0
1,13.130396694649267,6.607841322140294,1,1,0,0,0
1,14.09504229259483,6.3,1,0,0,0,0
0,14.26477124274066,6.40984749516044,1,0,1,0,0
0,13.442636013031173,6.428681993484415,0,0,1,1,0
1,12.946349488726728,6.653650511273272,1,1,0,0,0
1,11.51309397627276,5.684287228472689,1,1,1,0,0
1,14.035209972288758,6.222737158692138,1,1,0,0,0
0,13.318829713230096,6.490585143384953,0,0,1,1,0
0,11.56501305142324,6.760052205692965,0,1,1,0,0
0,13.36125504091988,6.316234877240358,0,0,1,1,0
0,13.869820427520114,6.5,0,0,1,1,0
1,13.97986836010299,6.37986836010299,1,1,0,0,0
0,11.53479329480474,6.526094971103556,0,1,1,1,0
0,11.545337024466322,6.954662975533679,0,1,1,0,0
0,12.4112272851446,5.8,1,1,0,1,0
1,14.148413301241373,6.445239903724122,1,0,1,0,0
0,12.380281715513616,5.8,1,1,0,1,0
0,13.047359198014489,6.347359198014488,1,0,0,1,0
0,13.91294733196282,6.445883036884758,0,0,1,1,0
1,12.900009252335536,6.849976869161166,1,1,0,0,0
1,12.61991833472168,5.129120605555752,1,0,1,1,0
0,13.320406416194563,6.540812832389129,0,0,0,1,0
1,13.678404819064635,6.373865060311788,1,1,0,0,0
1,11.828319796772684,5.2094399322575615,1,0,1,1,0
0,13.379914451742843,6.460042774128578,0,0,1,1,0
1,13.22668521481861,6.6,1,1,0,0,0
0,13.45687536359928,6.3137507271985625,0,0,1,1,0
1,11.849634823765095,6.720438211481884,1,0,0,1,0
0,13.12922372631192,6.429223726311919,1,0,0,1,0
1,11.904627238950884,5.202313619475443,0,1,1,1,0
1,12.591326959949113,6.989132695994911,1,0,0,1,0
0,13.301851133633829,6.503702267267656,0,0,0,1,0
0,13.322256239450866,6.544512478901729,0,0,0,1,0
0,13.37416057622063,6.64832115244126,0,0,0,1,0
0,13.34210281187947,6.373691564361596,0,0,1,1,0
0,13.424360345345402,6.248720690690805,0,0,1,1,0
0,13.82917812518709,6.5,0,0,1,1,0
1,14.183711384256066,6.5511341527681966,1,0,1,0,0
1,14.051706509221322,6.3,1,0,0,0,0
1,12.424339017403303,7.037830491298348,1,0,0,1,0
1,12.11058320676877,5.16549075480347,1,0,1,1,0
1,12.008317035175528,5.116634070351057,1,1,1,0,0
0,14.304827046690484,6.436551364460322,1,0,1,0,0
1,11.997190042181398,6.543371949382323,1,0,0,1,0
0,13.512632720411482,6.677473455917704,1,0,0,1,0
1,12.63948112213479,5.115129719466302,1,0,1,1,0
0,12.91658128673716,7.022279142175227,1,0,0,1,0
0,13.638737461132756,6.415415273459195,0,0,1,1,0
1,12.802318359081545,7.090726563673824,1,1,1,0,0
0,13.304456415420637,6.508912830841267,0,0,0,1,0
1,12.11025644993052,6.407692260083377,1,0,0,1,0
0,13.497856978820035,6.401071510589983,0,0,1,1,0
1,13.842773592588532,6.322890562964587,1,1,0,0,0
1,12.9214123770634,6.796469057341503,1,1,0,0,0
1,12.81519877941952,6.82720183087072,1,1,1,0,0
1,12.10271094012028,7.0342369800400935,1,0,0,1,0
1,11.77120717614706,6.968482870458825,0,1,1,0,0
0,14.006176088565214,6.4562417876183575,0,0,1,1,0
0,13.02774648167614,6.32774648167614,1,0,0,1,0
0,12.25320069227619,5.830400395586395,1,1,0,1,0
1,12.19501495065292,6.961876868831615,1,0,0,1,0
1,11.787615826589398,6.9292052755298,1,0,0,1,0
1,11.98788275407724,5.124234491845519,1,1,1,0,0
0,13.336893248078091,6.481553375960955,0,0,1,1,0
0,13.352712357100678,6.473643821449661,0,0,1,1,0
1,13.770256309485845,6.343247896838052,1,1,0,0,0
0,13.222706249744954,6.759097916751682,1,0,0,1,0
0,13.450425945805843,6.424787027097078,0,0,1,1,0
1,12.004109073486209,5.268036357828736,1,0,1,1,0
1,12.882854445977442,6.892863885056395,1,1,0,0,0
1,11.76230394451242,5.372120069359475,0,1,1,1,0
1,13.102626137670912,5.269634790410909,1,1,1,0,0
0,13.185144310168806,6.485144310168805,1,0,0,1,0
1,13.147218357039144,6.601112657184342,1,1,0,0,0
1,12.506780672456618,5.170261573652138,1,0,1,1,0
0,13.687269032752717,6.420807670305857,0,0,1,1,0
1,14.195193273222358,6.595193273222358,1,1,0,0,0
0,11.70518347788757,6.458963304422486,0,1,1,1,0
1,11.932237797359956,6.929029724669995,1,0,0,1,0
1,11.94499505280875,5.210009894382502,1,1,1,0,0
1,11.959273945301865,6.986424648433955,1,0,0,1,0
1,12.862214953125122,6.944462617187197,1,1,0,0,0
1,14.01825974175823,6.3,1,0,0,0,0
0,11.870558741541156,6.425888251691769,0,1,1,1,0
1,12.82230804450273,6.6482053630018205,1,1,1,0,0
0,12.265524286039364,5.706854283763821,1,1,0,1,0
1,12.43056990579652,7.034715047101741,1,0,0,1,0
0,12.929710823029868,6.229710823029869,1,0,0,1,0
1,13.045673969377107,6.6,1,1,0,0,0
0,14.392363840827604,6.5,0,0,1,1,0
1,13.02140189735342,6.6,1,1,0,0,0
0,11.54292951123947,6.542929511239469,0,1,1,1,0
1,12.519058340427126,5.160313886524291,1,0,1,1,0
0,11.552136999553673,6.489572600089266,0,1,1,1,0
0,12.133536843315325,6.988922807219221,0,1,1,0,0
0,13.072582354680131,6.918278430213246,1,0,0,1,0
1,14.120866761067374,6.362600283202122,1,0,1,0,0
1,13.91813091523528,6.289639477008411,1,1,0,0,0
0,11.992226687680276,6.965371114613379,0,1,1,0,0
1,11.740575264670277,5.518849470659446,0,1,1,1,0
0,12.876267290023812,7.049155139984126,1,0,0,1,0
1,12.97998492018532,6.62001507981468,1,1,0,0,0
0,12.2,5.941015348891679,1,1,0,1,0
1,11.819416926738786,5.219416926738785,1,0,1,1,0
0,13.492498988221955,6.384997976443913,0,0,1,1,0
1,12.885837920151817,6.885405199620461,1,1,0,0,0
1,12.690506194381598,7.0,1,0,0,1,0
1,11.9,5.743309971059052,0,1,1,1,0
1,13.921029489657789,6.3210294896577865,1,1,0,0,0
0,12.696068083093738,5.797051062320304,1,1,0,1,0
0,12.986186310318928,6.286186310318928,1,0,0,1,0
1,11.866830779337365,6.699803064795161,1,0,0,1,0
0,14.399342836674885,6.499561891116589,1,0,1,0,0
1,11.686248234329376,5.370627648505935,1,0,1,1,0
1,12.768609448155384,6.6124062987702565,1,1,1,0,0
1,12.594504750670737,5.1351650831097535,1,0,1,1,0
0,13.313707937543176,6.527415875086353,0,0,0,1,0
0,13.031033383005258,6.945977744663161,1,0,0,1,0
1,11.552714447053962,7.047285552946038,1,0,0,1,0
1,13.372704282953102,6.475765239015632,1,1,0,0,0
0,12.288148067967857,5.571111592192867,1,1,0,1,0
0,11.579122703166895,6.920877296833105,0,1,1,0,0
1,11.690977327416508,5.64078967702111,1,1,1,0,0
0,11.583063637840633,6.832254551362534,0,1,1,0,0
0,14.327820801750432,6.514435839649914,1,0,0,1,0
0,14.385581668107754,6.490387778738502,1,0,1,0,0
0,13.74000798325554,6.42666755369506,0,0,1,1,0
1,11.693780940148812,5.635883354739579,1,1,1,0,0
0,13.47292252384958,6.34584504769916,0,0,1,1,0
0,13.408291808151644,6.698341638369671,1,0,0,1,0
1,12.993993010208262,5.252922001570502,1,1,1,0,0
1,13.464515029292407,6.445161656902531,1,1,0,0,0
1,13.940230567207523,6.3,1,0,0,0,0
0,13.449969751353713,6.425015124323144,0,0,1,1,0
1,12.635610083207863,7.0,1,0,0,1,0
0,13.39103360682232,6.682067213644636,0,0,0,1,0
1,11.514009009157482,7.071981981685038,0,1,1,0,0
1,12.177023386789427,7.059007795596475,1,0,0,1,0
1,12.976840122262374,6.623159877737627,1,1,0,0,0
0,13.370759973047914,6.464620013476043,0,0,1,1,0
0,13.384866852622917,6.457566573688543,0,0,1,1,0
1,13.754294747510796,6.358282100995681,1,1,0,0,0
1,14.379205788232106,5.797429581182207,1,0,1,0,0
0,11.53066769408155,6.622670776326202,0,1,1,0,0
1,11.62340599939354,6.976594000606459,1,0,0,1,0
1,14.44572644366773,5.677692401398083,1,0,1,0,0
0,14.1962137690179,6.54075724619642,1,0,0,1,0
0,13.459301314945886,6.318602629891772,0,0,1,1,0
1,11.898299013863843,5.391527631322238,1,0,1,1,0
0,11.5518478319166,6.707391327666398,0,1,1,0,0
0,12.2,5.990503267741216,1,1,0,1,0
1,11.879438379292964,6.9224297974116205,1,0,0,1,0
0,13.682554737553762,6.243524510668204,0,0,1,1,0
1,11.634115835002028,6.913646334000812,0,1,1,0,0
1,14.049637645363878,6.3,1,0,0,0,0
0,13.461852426995376,6.323704853990751,0,0,1,1,0
0,14.048140122864762,6.570371975427048,1,0,0,1,0
0,13.303225660594167,6.732258113135278,1,0,0,1,0
1,12.405906659402843,5.132677037844128,1,0,1,1,0
1,14.328105626544684,5.88940987221957,1,0,1,0,0
1,14.13197064736735,6.236058705265299,1,0,1,0,0
0,13.344958720403314,6.644958720403313,1,0,0,1,0
0,13.516538957305954,6.390811690385581,0,0,1,1,0
1,14.194083711928556,6.111832576142888,1,0,1,0,0
0,13.592945585747971,6.41032728730533,0,0,1,1,0
1,12.999265637921102,6.600979149438529,1,1,0,0,0
1,14.147542385374368,6.442627156123106,1,0,1,0,0
0,12.2,5.887067441703146,1,1,0,1,0
1,12.58750826048264,7.0,1,0,0,1,0
0,13.466027552887756,6.416986223556123,0,0,1,1,0
0,14.002180379293316,6.5,0,0,1,1,0
1,14.198009353460632,6.103981293078737,1,0,1,0,0
1,14.43250049579916,5.701499107561508,1,0,1,0,0
0,14.116850974325818,6.311233982883879,1,0,1,0,0
0,12.213229748324926,5.760310755025221,1,1,0,1,0
1,12.43334076898761,7.033329615506195,1,0,0,1,0
0,12.09710309003135,6.982850515005225,0,1,1,0,0
1,14.439640952224796,5.991633741585831,1,1,0,0,0
1,12.665612259689093,7.0,1,0,0,1,0
1,11.62406548362372,5.493224193960465,1,0,1,1,0
0,13.136700475340035,6.418350237670018,0,0,1,1,0
1,11.9,5.959776792568457,0,1,1,1,0
1,12.93433167948811,6.665668320511889,1,1,0,0,0
1,12.064706016482605,5.1705882203908216,1,0,1,1,0
1,11.9,5.918358053959331,0,1,1,1,0
1,13.001648913790085,5.254099832890781,1,1,1,0,0
1,14.410891562098332,6.008061964515239,1,1,0,0,0
0,14.382677655363889,5.9096235247978415,0,0,1,1,0
0,13.030713865842868,6.946190756104755,1,0,0,1,0
1,13.134083675003804,6.6,1,1,0,0,0
1,11.59573020353661,5.58512375575607,1,1,1,0,0
0,12.617752176052248,6.960749274649251,1,0,0,1,0
0,14.22045393792369,6.535909212415263,1,0,0,1,0
1,14.273535602587334,5.952928794825333,1,0,1,0,0
0,14.152600628245285,6.335067085496855,1,0,1,0,0
1,12.310844637259844,6.961084463725984,1,0,0,1,0
1,13.134316764916464,6.6,1,1,0,0,0
1,13.993890792121295,6.3,1,0,0,0,0
0,12.929817467979769,7.013455021346822,1,0,0,1,0
0,14.249935140147404,6.5,0,0,1,1,0
0,13.465360333275171,6.417319833362414,0,0,1,1,0
0,12.222931861303048,5.885340693484757,1,1,0,1,0
1,11.9,5.261977884404236,0,1,1,1,0
0,12.297100832118248,5.517395007290527,1,1,0,1,0
0,13.135019209732627,6.7883269300891245,1,0,0,1,0
1,12.42624605179252,5.19125131606916,1,0,1,1,0
0,13.379131338572105,6.706956220475965,1,0,0,1,0
1,14.157661972611375,6.47298591783413,1,0,1,0,0
1,13.077401641564256,6.574199452811914,1,1,0,0,0
1,11.519725970695434,7.060548058609131,0,1,1,0,0
0,13.362722270886184,6.311833187341452,0,0,1,1,0
1,12.206450905422894,7.068816968474298,1,0,0,1,0
0,12.208642835484904,5.8,1,1,0,1,0
0,12.236599854286828,5.817000728565862,1,1,0,1,0
1,14.142529440802544,6.223447006555423,1,0,1,0,0
0,14.238717854772624,6.482079761641403,0,0,1,1,0
1,14.160752021885688,6.482256065657062,1,0,1,0,0
0,12.28611371048405,5.541658868547849,1,1,0,1,0
1,14.45051038274526,5.985422638431281,1,1,0,0,0
1,13.908470530177572,6.3,1,0,0,0,0
1,14.427030615960712,5.711344891270719,1,0,1,0,0
1,14.170236510213384,6.510709530640157,1,0,1,0,0
1,14.238433786168487,6.0231324276630245,1,0,1,0,0
0,14.37893893821534,6.485959292143559,1,0,1,0,0
1,13.964009448606458,6.3,1,0,0,0,0
1,11.898504063059098,6.9661680210197,1,0,0,1,0
1,12.199737451610886,6.962467181451361,1,0,0,1,0
0,13.21103895177589,6.762987016074704,1,0,0,1,0
1,12.092416695723008,5.284833391446017,1,1,1,0,0
1,14.597256073593172,5.40493906753229,1,0,1,0,0
0,12.621041505254468,6.9596528315818444,1,0,0,1,0
1,12.275702838231322,5.241432387256226,1,0,1,1,0
0,12.890522239038727,6.869825920320424,1,0,0,1,0
1,14.212114540843563,6.075770918312874,1,0,1,0,0
1,12.10650150194088,6.412198197670945,1,0,0,1,0
1,11.840510335319262,6.731387597616884,1,0,0,1,0
1,11.725026474353308,6.90834215811777,1,0,0,1,0
0,13.059954590928395,6.92669693938107,1,0,0,1,0
0,14.345322206619027,6.463548137746019,1,0,1,0,0
0,13.36559098609592,6.467204506952041,0,0,1,1,0
1,11.75086256085323,6.906357820106654,1,0,0,1,0
0,14.331162516912752,6.492351390768084,0,0,1,1,0
0,13.448183365096428,6.296366730192855,0,0,1,1,0
1,12.03345995476328,6.94168249434541,1,0,0,1,0
0,12.304827738903365,5.503620804177522,1,1,0,1,0
1,11.9,5.443433486811872,0,1,1,1,0
1,12.945939657913732,6.654060342086266,1,1,0,0,0
0,13.35769830475612,6.615396609512238,0,0,0,1,0
1,11.960671867719514,5.253557289239838,1,0,1,1,0
1,12.821561958498132,6.837917388669157,1,1,0,0,0
0,13.062032418074017,6.362032418074015,1,0,0,1,0
0,12.246419600105584,5.8,1,1,0,1,0
1,13.393886357296696,6.468704547567768,1,1,0,0,0
1,12.023769888482557,6.940471236060319,1,0,0,1,0
1,11.99038342152526,7.056153368610104,0,1,1,0,0
0,13.462259756488567,6.324519512977138,0,0,1,1,0
1,11.9,5.267967335520366,0,1,1,1,0
1,14.16697986661999,6.16604026676002,1,0,1,0,0
0,12.240071043367154,5.67978686989854,1,1,0,1,0
1,12.7,5.306064106945071,1,0,1,1,0
0,12.2,5.975561595024769,1,1,0,1,0
1,14.137733214391009,6.413199643173029,1,0,1,0,0
0,13.696109185677788,6.29105045240123,0,0,1,1,0
1,11.601703458948272,5.57287067631466,0,1,1,1,0
0,11.594294954462203,6.905705045537798,0,1,1,0,0
1,13.090239252565771,6.6,1,1,0,0,0
1,14.14287571259248,6.428627137777443,1,0,1,0,0
1,14.125494770148643,6.254109413732439,1,0,1,0,0
0,13.394904433156029,6.452547783421986,0,0,1,1,0
1,12.654376672212944,7.0,1,0,0,1,0
1,11.9,5.956925697431154,0,1,1,1,0
1,14.139220124415749,6.163302786048145,1,1,0,0,0
1,12.28792717558646,7.095975725195486,1,0,0,1,0
1,14.456470494269103,5.658353110315613,1,0,1,0,0
0,13.51788845602229,6.401987606224699,0,0,1,1,0
0,12.2,5.919360590456017,1,1,0,1,0
0,12.837532834616106,6.887489055127965,1,0,0,1,0
0,12.53108036961658,6.989639876794473,1,0,0,1,0
1,13.595138809221917,6.421944476311234,1,1,0,0,0
1,11.55993205428998,7.040067945710019,1,0,0,1,0
0,13.962582387907728,6.003500810364806,0,0,1,1,0
1,11.515277547845036,7.069444904309928,0,1,1,0,0
0,11.723134266244411,6.920522377707402,0,1,1,0,0
1,11.9,5.2338786505383545,0,1,1,1,0
1,12.633847355427736,7.0,1,0,0,1,0
0,14.32025510085843,6.44683673390562,1,0,1,0,0
0,12.265860222496068,5.670698887519663,1,1,0,1,0
0,13.318674504887811,6.53734900977562,0,0,0,1,0
0,11.865623902063566,6.426875219587287,0,1,1,1,0
1,12.9,6.756911563474316,1,1,1,0,0
1,14.16055521546725,6.1788895690655,1,0,1,0,0
0,14.397911901160017,6.498607934106677,1,0,1,0,0
1,13.849847301214016,6.316717566261994,1,1,0,0,0
0,13.9381892999188,6.5,0,0,1,1,0
1,12.317153015640695,5.195711746089826,1,0,1,1,0
1,11.521388082558415,7.05722383488317,0,1,1,0,0
0,13.303660265184805,6.507320530369604,0,0,0,1,0
0,12.2,6.035210086881263,1,1,0,1,0
0,13.237107633320203,6.468553816660101,0,0,1,1,0
1,13.15847467495526,6.547175108348246,1,1,0,0,0
1,13.573036259383668,6.408987913538777,1,1,0,0,0
0,13.72547089110604,6.634905821778792,1,0,0,1,0
1,13.04984950228936,6.640060199084257,1,1,0,0,0
1,11.84942985395405,5.216476617984683,1,0,1,1,0
1,14.10596320581382,6.317889617441463,1,0,1,0,0
0,11.727771785498255,6.454445642900349,0,1,1,1,0
1,12.251853292631676,5.262962439043027,1,0,1,1,0
1,12.996583039799802,6.603416960200198,1,1,0,0,0
0,13.448452083227354,6.5,0,0,1,1,0
0,12.663704878361283,5.8,1,1,0,1,0
1,14.100578663699348,6.298842672601305,1,0,1,0,0
1,12.206020055364553,5.264659981545148,1,0,1,1,0
0,13.046012744133495,6.373006372066747,0,0,1,1,0
0,13.374942522797111,6.649885045594221,0,0,0,1,0
1,13.87816568643826,6.30727810452058,1,1,0,0,0
1,12.084719274782575,5.168364525024159,1,0,1,1,0
1,11.715611275470208,6.901951409433776,1,0,0,1,0
0,13.982794400869066,5.9861762278265145,0,0,1,1,0
1,13.992581537680945,6.3,1,0,0,0,0
0,13.349409510441957,6.475295244779023,0,0,1,1,0
0,12.994500714823008,6.835166428392332,1,0,0,1,0
1,11.9,5.776770502587338,0,1,1,1,0
0,13.352121708244924,6.343634875265235,0,0,1,1,0
1,12.034937497616305,5.266265625595924,1,0,1,1,0
1,12.015255917873167,7.066102367149266,0,1,1,0,0
1,12.388490687368575,6.968849068736858,1,0,0,1,0
0,13.448445253131652,6.296890506263304,0,0,1,1,0
1,11.869847222164598,7.007938888865839,0,1,1,0,0
0,14.350914802630914,5.927269554093937,0,0,1,1,0
0,13.402292481122476,6.448853759438762,0,0,1,1,0
1,13.282644956205749,6.6,1,1,0,0,0
0,14.258571207823929,6.4057141385492855,1,0,1,0,0
1,12.359350756615871,6.982418844576984,1,0,0,1,0
1,13.715535083010195,6.361488305663268,1,1,0,0,0
0,14.146380815963486,5.8459593006027255,0,0,1,1,0
0,13.468414000151904,6.336828000303806,0,0,1,1,0
0,13.479266177683174,6.684146764463366,1,0,0,1,0
1,12.35722785678853,5.138085793690164,1,0,1,1,0
0,13.47520871021913,6.412395644890435,0,0,1,1,0
0,13.247951571654449,6.473975785827223,0,0,1,1,0
0,13.332259346682497,6.483870326658752,0,0,1,1,0
0,14.031326914490393,6.5,0,0,1,1,0
1,12.047824319253728,7.079129727701491,0,1,1,0,0
0,13.309848924286584,6.519697848573165,0,0,0,1,0
1,11.914048511269652,5.296487872182587,1,0,1,1,0
0,13.4565585253034,6.313117050606801,0,0,1,1,0
1,11.858672713493052,6.952890904497684,1,0,0,1,0
1,12.553511640514373,5.185155637002211,1,1,1,0,0
1,12.9,7.097468258767954,1,1,1,0,0
0,12.92725522572698,6.857581591424339,1,0,0,1,0
1,12.5752480096782,7.0,1,0,0,1,0
1,12.560844102804388,5.146385299065203,1,0,1,1,0
1,12.979973034913302,6.620026965086698,1,1,0,0,0
1,12.000727747086058,5.354280819241433,1,0,1,1,0
0,13.94764914594776,6.151306030029024,0,0,1,1,0
1,14.263931829393194,5.972136341213615,1,0,1,0,0
0,12.107538282128376,6.984589713688063,0,1,1,0,0
0,13.37504264227549,6.462478678862255,0,0,1,1,0
0,13.64663855630439,6.31853413538645,0,0,1,1,0
1,12.22182305663918,7.073941018879727,1,0,0,1,0
1,12.01026842061632,5.350811483412247,1,0,1,1,0
1,13.222740879552502,6.6,1,1,0,0,0
0,13.377003702369125,6.268988892892635,0,0,1,1,0
0,13.35177545852859,6.603550917057176,0,0,0,1,0
0,13.757514922507417,6.256936154162548,0,0,1,1,0
1,12.669864553752497,7.0,1,0,0,1,0
0,13.30373183014109,6.507463660282175,0,0,0,1,0
1,12.628531898275808,5.123822700574729,1,0,1,1,0
0,13.6319214819378,6.326710287812333,0,0,1,1,0
0,14.311025737156616,6.517794852568677,1,0,0,1,0
1,11.9,5.233440792879757,0,1,1,1,0
1,12.959034559253444,6.640965440746558,1,1,0,0,0
1,13.985440667795608,6.3,1,0,0,0,0
0,13.978178481662624,6.584364303667475,1,0,0,1,0
0,13.708426270994003,6.221348910576568,0,0,1,1,0
1,12.785240079168132,6.623493386112088,1,1,1,0,0
1,12.216835290284145,6.964604411285518,1,0,0,1,0
0,12.280560997849582,5.558317006451254,1,1,0,1,0
1,13.994942124090992,6.24574735766229,1,1,0,0,0
1,12.9,6.846898335299848,1,1,1,0,0
0,14.228009957219138,6.5,0,0,1,1,0
1,12.69600630568162,5.100998423579595,1,0,1,1,0
1,14.009260041520674,6.3,1,0,0,0,0
0,12.73205342350632,6.922648858831227,1,0,0,1,0
0,13.392348535535543,6.222954393393365,0,0,1,1,0
0,11.53469032195271,6.965309678047292,0,1,1,0,0
0,13.357772164101917,6.615544328203828,0,0,0,1,0
0,12.909418198499898,7.027054534333401,1,0,0,1,0
1,13.629258186510508,6.408296725395797,1,1,0,0,0
1,13.11322020645908,6.562259931180306,1,1,0,0,0
0,11.575521893902682,6.802087575610731,0,1,1,0,0
1,14.281862027161967,5.9362759456760665,1,0,1,0,0
0,13.0616806650473,6.8127731116509,1,0,0,1,0
0,11.519053634771696,6.576214539086786,0,1,1,0,0
1,12.340900251228,7.079549874385999,1,0,0,1,0
0,11.570017745500254,6.9299822544997465,0,1,1,0,0
1,11.736936180976254,5.29459572853562,1,0,1,1,0
0,13.191447539316815,6.769517486894395,1,0,0,1,0
0,12.978361263106589,6.339180631553294,0,0,1,1,0
1,13.88850366099635,6.303832113001216,1,1,0,0,0
1,13.10076124306288,6.6196955027748485,1,1,0,0,0
0,12.927649252988354,6.313824626494177,0,0,1,1,0
1,13.71738478400034,6.360871738666553,1,1,0,0,0
1,12.626676534121142,7.0,1,0,0,1,0
1,11.902734857694144,6.656718170767026,1,0,0,1,0
0,13.341020217877103,6.479489891061448,0,0,1,1,0
1,14.097886410542657,6.497886410542656,1,1,0,0,0
1,11.905293834089893,5.388984060330948,1,0,1,1,0
0,13.135675467366536,6.876216355088975,1,0,0,1,0
0,14.380373959164588,6.4869159727763925,1,0,1,0,0
1,13.297606228503785,6.500797923832072,1,1,0,0,0
1,14.15877373238474,6.182452535230519,1,0,1,0,0
1,13.999415430884808,6.243191182351539,1,1,0,0,0
0,13.940789392318358,6.5,0,0,1,1,0
1,14.31070097874526,6.06531372643128,1,1,0,0,0
1,11.86940009971672,5.269400099716719,1,0,1,1,0
0,14.077120877339537,5.905324962280398,0,0,1,1,0
0,14.180136598014895,6.475570733112766,0,0,1,1,0
0,12.2,5.911939950024489,1,1,0,1,0
1,14.18094396227262,6.542831886817863,1,0,1,0,0
0,13.395180828593556,6.214457514219334,0,0,1,1,0
0,13.073851558201689,6.373851558201686,1,0,0,1,0
1,11.512074246083827,7.075851507832345,0,1,1,0,0
1,12.7,5.1222668411760255,1,0,1,1,0
0,12.456366291013824,5.946495023436471,1,1,0,1,0
0,12.2,5.905206874761412,1,1,0,1,0
0,13.483097066228432,6.408451466885784,0,0,1,1,0
0,12.79611738954996,6.0788036211416205,1,1,0,1,0
1,11.682481075053424,5.481022709935891,1,1,1,0,0
1,12.764688441155606,6.609792294103737,1,1,1,0,0
0,13.837891180542282,6.5,0,0,1,1,0
0,12.20430836533193,5.787074904004211,1,1,0,1,0
1,14.12198910452543,6.260419611854227,1,0,1,0,0
0,12.975545291585354,6.841484902804882,1,0,0,1,0
1,13.256688479405971,6.514437173531342,1,1,0,0,0
1,12.125123224707828,6.389852130350606,1,0,0,1,0
1,11.806776556425532,5.331868132289361,1,1,1,0,0
1,14.149539760814683,6.448619282444058,1,0,1,0,0
0,11.525014460460184,6.600057841840735,0,1,1,0,0
0,13.306765773649142,6.4797026790525765,0,0,1,1,0
1,12.021308099787076,5.273769366595692,1,0,1,1,0
1,12.955283458452678,6.711791353868306,1,1,0,0,0
0,13.48002819314131,6.409985903429345,0,0,1,1,0
0,14.192110445979957,6.361406963986637,1,0,1,0,0
0,12.672083516953276,5.934097436445489,1,1,0,1,0
1,11.9,5.894643659627601,0,1,1,1,0
1,12.080360641157448,5.293453547052483,1,0,1,1,0
1,12.5806109938526,7.0,1,0,0,1,0
1,13.105996260795107,6.617601495681957,1,1,0,0,0
1,14.23798032096724,6.051635422258966,1,0,1,0,0
0,13.372898617637087,6.463550691181457,0,0,1,1,0
1,12.951896970460847,6.664137372718868,1,1,0,0,0
0,13.428274060630116,6.256548121260232,0,0,1,1,0
1,11.922166365082026,5.255667269835949,1,1,1,0,0
1,11.611250532697008,5.48312420095449,1,0,1,1,0
1,14.228618071889812,6.042763856220377,1,0,1,0,0
1,12.081904557961954,5.263809115923908,1,1,1,0,0
0,11.65161198654298,6.908601997757164,0,1,1,0,0
1,11.530574693174056,7.069425306825944,1,0,0,1,0
0,14.040776292036044,6.460086254670672,0,0,1,1,0
0,11.59127112023261,6.865084480930445,0,1,1,0,0
1,12.292755523662052,6.9740944404577565,1,0,0,1,0
1,11.85272061626564,6.919090077033205,1,0,0,1,0
1,12.14540406510332,5.284865311632227,1,0,1,1,0
0,13.16710575805494,6.777631413981688,1,0,0,1,0
1,12.058146967458145,5.279073483729071,0,1,1,1,0
1,12.043494901279695,6.4878061184643645,1,0,0,1,0
0,13.098990434122474,6.3994952170612365,0,0,1,1,0
1,14.20576271676694,6.088474566466121,1,0,1,0,0
1,14.187304058981768,6.561912176945307,1,0,1,0,0
1,12.876977606833591,6.734533589749611,1,1,1,0,0
0,13.464979824792938,6.329959649585874,0,0,1,1,0
1,12.803104701134671,7.087581195461317,1,1,1,0,0
1,12.236817276510378,6.967102159563797,1,0,0,1,0
0,14.254221313161816,6.402814208774544,1,0,1,0,0
0,13.329705514721008,6.41088345583698,0,0,1,1,0
0,12.26558855314214,5.672057234289298,1,1,0,1,0
1,12.69451582137894,5.101371044655265,1,0,1,1,0
1,12.084140798957916,5.292070399478957,0,1,1,1,0
0,13.339591818521802,6.480204090739099,0,0,1,1,0
1,12.913164722677845,6.686835277322157,1,1,0,0,0
1,11.557189355606328,7.042810644393671,1,0,0,1,0
0,12.806028082379704,6.897990639206766,1,0,0,1,0
0,11.523674427626384,6.594697710505539,0,1,1,0,0
1,14.208536651976944,6.082926696046112,1,0,1,0,0
0,12.2,5.85174870529793,1,1,0,1,0
1,12.625793746872928,5.108245139236341,1,0,1,1,0
0,12.616864581167532,5.8,1,1,0,1,0
0,13.493296739769368,6.386593479538735,0,0,1,1,0
0,13.388997369706336,6.455501315146833,0,0,1,1,0
0,13.395181362552512,6.690362725105023,0,0,0,1,0
0,12.036806507016582,6.972801084502764,0,1,1,0,0
1,13.140849641777717,6.553050119407429,1,1,0,0,0
0,13.714446694985634,6.216188547155171,0,0,1,1,0
0,11.6738883946375,6.4652223210725,0,1,1,1,0
1,14.170510927285491,6.511532781856473,1,0,1,0,0
0,11.65376298243055,6.653762982430551,0,1,1,1,0
1,11.8007463019033,5.200746301903298,1,0,1,1,0
0,13.326488281158348,6.552976562316695,0,0,0,1,0
1,12.095608038290129,7.09824321531605,0,1,1,0,0
0,12.284141404891864,5.579292975540685,1,1,0,1,0
0,13.45367483590024,6.3073496718004805,0,0,1,1,0
0,13.385131658505122,6.670263317010244,0,0,0,1,0
0,11.553979649834828,6.311071225578103,0,1,1,1,0
1,12.147303894374913,5.238174026406272,1,0,1,1,0
0,11.77901300856239,6.444197398287522,0,1,1,1,0
0,13.478274606237443,6.410862696881279,0,0,1,1,0
0,13.309910114500482,6.519820229000963,0,0,0,1,0
0,12.275934917332476,5.572195248002574,1,1,0,1,0
0,14.103349676796732,6.467038852977415,0,0,1,1,0
1,14.116721153693089,6.176159340746807,1,1,0,0,0
0,13.360959986821426,6.621919973642851,0,0,0,1,0
1,11.582856489036894,5.600572213155727,1,1,1,0,0
0,13.357154550849696,6.471422724575152,0,0,1,1,0
1,12.878702108177812,6.785191567288757,1,1,1,0,0
1,11.995745930417868,7.058298372167148,0,1,1,0,0
1,12.628000615682389,7.0,1,0,0,1,0
0,13.157729097924754,6.780756967358416,1,0,0,1,0
1,12.7,5.407199098221499,1,0,1,1,0
1,12.818716662946224,6.8417111160717,1,1,0,0,0
1,12.9,6.935998116544833,1,1,1,0,0
1,13.960981656147222,6.3,1,0,0,0,0
1,12.9,6.840961319280379,1,1,1,0,0
1,12.63807502427239,7.0,1,0,0,1,0
0,12.26291630352644,5.611251089420683,1,1,0,1,0
1,11.995902016640429,5.265300672213477,1,0,1,1,0
1,11.840325417738564,5.195519398029049,1,0,1,1,0
0,12.223192398144452,5.960845611133289,1,1,0,1,0
1,12.262929300480776,6.970366162560097,1,0,0,1,0
0,11.56510392353936,6.760415694157443,0,1,1,0,0
0,13.368329480965292,6.636658961930585,0,0,0,1,0
0,13.704890418981256,6.224379640873208,0,0,1,1,0
1,12.70301269121082,6.9959830783855725,1,1,0,0,0
0,14.203282606808765,6.5,0,0,1,1,0
0,13.331478467995868,6.4055645960124,0,0,1,1,0
1,14.27734841470902,5.945303170581963,1,0,1,0,0
1,14.151094450031632,6.197811099936735,1,0,1,0,0
1,12.160330261886733,5.159963304234807,1,0,1,1,0
1,14.293798772733927,5.951162209078931,1,0,1,0,0
0,11.960542991598688,6.960090498599782,0,1,1,0,0
1,14.1972052008939,6.591615602681699,1,0,1,0,0
1,14.020370448738872,6.3,1,0,0,0,0
1,12.414997630567491,7.0425011847162535,1,0,0,1,0
1,14.595661768690835,5.902478989319522,1,1,0,0,0
0,12.24378976367294,5.668630708981175,1,1,0,1,0
1,11.520950316802193,7.079049683197807,1,0,0,1,0
1,11.644456419500177,5.459239300833044,1,0,1,1,0
1,14.29152092363473,5.916958152730541,1,0,1,0,0
0,11.799304332993106,6.799304332993106,0,1,1,1,0
1,14.121921885693466,6.365765657080396,1,0,1,0,0
1,12.981686729384366,6.645783176539084,1,1,0,0,0
1,13.263790016187707,6.6,1,1,0,0,0
1,11.67849782796998,6.931399131187992,0,1,1,0,0
0,12.673459289055131,6.942180236981622,1,0,0,1,0
1,14.167121006307031,6.501363018921094,1,0,1,0,0
1,11.738184304354656,5.449751162052852,1,0,1,1,0
0,13.477613804092528,6.411193097953737,0,0,1,1,0
1,11.905398474309925,6.925674809288741,1,0,0,1,0
0,12.65190140347335,6.949366198842217,1,0,0,1,0
0,14.237014814852603,5.990547325081886,0,0,1,1,0
1,12.715598075902044,6.976602886146933,1,1,1,0,0
1,14.26826547105784,5.997122152095885,1,0,1,0,0
0,13.149203445271992,6.867197703152006,1,0,0,1,0
1,12.569413598775668,5.14352880040811,1,0,1,1,0
1,12.027175783400263,7.070870313360106,0,1,1,0,0
1,11.875428398228674,5.249143203542652,0,1,1,1,0
1,14.115755087784985,6.347265263354953,1,0,1,0,0
0,14.058764678229496,6.089575178761391,0,0,1,1,0
1,14.51383102748151,5.949239412867709,1,1,0,0,0
0,13.912287084311943,6.597542583137612,1,0,0,1,0
0,13.320498934700904,6.489750532649548,0,0,1,1,0
1,12.725747137102893,6.58383142473526,1,1,1,0,0
0,13.329039092148596,6.412882723554212,0,0,1,1,0
0,13.09465873589756,6.39465873589756,1,0,0,1,0
0,12.5057576611961,5.8,1,1,0,1,0
0,13.395926773613494,6.212219679159519,0,0,1,1,0
1,11.58298462484689,6.93403075030622,0,1,1,0,0
0,12.466992639954832,5.625244479966125,1,1,0,1,0
1,11.504369653389958,7.095630346610042,1,0,0,1,0
0,12.917638824211869,6.860787058596044,1,0,0,1,0
0,14.340273209148249,6.460182139432164,1,0,1,0,0
0,13.302200692941977,6.732599769019342,1,0,0,1,0
1,11.690799525575418,5.641100830243019,1,1,1,0,0
0,13.34228534584056,6.47885732707972,0,0,1,1,0
0,13.35758227187636,6.47120886406182,0,0,1,1,0
1,12.7,5.342056214429331,1,0,1,1,0
0,12.2,5.854497414557809,1,1,0,1,0
1,12.759396775492515,6.910904836761227,1,1,1,0,0
0,13.38713351176711,6.238599464698668,0,0,1,1,0
0,14.158856223819388,6.473206247091043,0,0,1,1,0
1,11.9,5.266624827040329,0,1,1,1,0
1,14.25312655432502,5.993746891349963,1,0,1,0,0
0,11.674240215148942,5.890159246978701,0,1,1,1,0
1,11.9,5.258432643446339,0,1,1,1,0
0,13.302521183223943,6.492436450328172,0,0,1,1,0
0,13.53350274561085,6.371283360904987,0,0,1,1,0
1,12.519675395545816,7.0,1,0,0,1,0
0,13.202868470134398,6.765710509955201,1,0,0,1,0
0,11.584084575391982,6.836338301567929,0,1,1,0,0
1,11.893518343706925,6.964506114568974,1,0,0,1,0
1,12.364902075878078,7.067548962060961,1,0,0,1,0
1,13.927927376325568,6.3,1,0,0,0,0
1,12.445552040591975,6.974555204059198,1,0,0,1,0
1,12.066159502009084,6.460608597589098,1,0,0,1,0
1,12.155575432210338,6.956946929026293,1,0,0,1,0
1,12.917240618677216,6.80689845330696,1,1,0,0,0
1,12.0200831477467,7.06803325909868,0,1,1,0,0
0,13.365007786200987,6.467496106899506,0,0,1,1,0
0,12.35111816028577,5.559637853666731,1,1,0,1,0
1,13.717653194122278,6.372938722351089,1,1,0,0,0
0,13.108983083036218,6.894011277975856,1,0,0,1,0
0,13.384794346177136,6.245616961468591,0,0,1,1,0
1,11.55390177171696,5.632622785353801,0,1,1,1,0
1,13.982732475337077,6.3,1,0,0,0,0
0,13.08070271539838,6.39035135769919,0,0,1,1,0
0,14.395446997594984,6.500910600481003,1,0,0,1,0
0,13.308712615702357,6.517425231404707,0,0,0,1,0
1,12.173089070007572,7.05769635666919,1,0,0,1,0
0,14.361795826931258,6.474530551287506,1,0,1,0,0
0,14.172360904823984,5.823690653008012,0,0,1,1,0
1,11.92688142171061,5.246237156578782,1,1,1,0,0
0,13.45192915160645,6.424035424196775,0,0,1,1,0
0,13.701640686204072,6.227165126110795,0,0,1,1,0
0,11.531286682324492,6.625146729297971,0,1,1,0,0
1,12.946852521313373,6.6708633049155015,1,1,0,0,0
1,12.115029647777682,5.294990117407439,1,0,1,1,0
1,12.629239181078972,5.107862313213447,1,0,1,1,0
1,11.864612146595734,5.270775706808532,0,1,1,1,0
0,11.546709046008742,6.953290953991258,0,1,1,0,0
0,13.01377616884088,6.356888084420439,0,0,1,1,0
1,13.977866213428644,6.3,1,0,0,0,0
0,13.742657295691878,6.5,0,0,1,1,0
0,13.333071011788247,6.566142023576492,0,0,0,1,0
1,12.90845287756435,6.691547122435649,1,1,0,0,0
0,13.37328332431923,6.280150027042313,0,0,1,1,0
1,12.919479327609483,6.680520672390517,1,1,0,0,0
1,12.057473684095124,6.944684210511891,1,0,0,1,0
1,13.292351623263782,6.502549458912072,1,1,0,0,0
0,13.301716811644896,6.601716811644897,1,0,0,1,0
1,12.355176093539775,5.186205976615056,1,0,1,1,0
1,13.723284156754412,6.358905281081863,1,1,0,0,0
1,14.036377852113432,6.3,1,0,0,0,0
0,14.298566375865397,6.432377583910265,1,0,1,0,0
0,13.301585091601488,6.499207454199257,0,0,1,1,0
1,14.193653620903731,6.580960862711199,1,0,1,0,0
0,12.2,5.992637564107011,1,1,0,1,0
1,12.7,5.106010954364549,1,0,1,1,0
0,13.367215541478238,6.29835337556529,0,0,1,1,0
1,14.1494421272266,6.201115745546798,1,0,1,0,0
1,12.05154909109868,5.283849697032894,1,0,1,1,0
0,12.2,5.944408443133926,1,1,0,1,0
0,13.763410811573738,6.174219304365367,0,0,1,1,0
1,12.753494856591423,6.928673524544768,1,1,0,0,0
1,14.009420218839272,6.237474160663273,1,1,0,0,0
0,12.2,5.874360337758999,1,1,0,1,0
0,13.709799623656918,6.5,0,0,1,1,0
1,13.182575043936646,6.539141652021117,1,1,0,0,0
0,12.674731710897936,5.781048783173453,1,1,0,1,0
1,12.33734432127104,5.19066391968224,1,0,1,1,0
0,13.323193971530742,6.546387943061483,0,0,0,1,0
1,11.867127270055278,6.92089090875691,1,0,0,1,0
1,11.606258411289058,5.5724899064531295,1,1,1,0,0
1,13.974634630832886,6.3,1,0,0,0,0
1,12.33722273955294,5.2319190037989305,1,0,1,1,0
1,14.317220109901225,5.909003802177795,1,0,1,0,0
0,13.363351145349284,6.468324427325358,0,0,1,1,0
1,12.44160774739328,6.974160774739328,1,0,0,1,0
1,12.025595187969158,7.070238075187663,0,1,1,0,0
0,11.567267669615614,6.932732330384385,0,1,1,0,0
1,12.522008318955857,5.119776853449349,1,0,1,1,0
0,12.219049994401123,5.810885711086357,1,1,0,1,0
0,12.2,5.8701407299622,1,1,0,1,0
1,11.83768644999059,6.917210806248824,1,0,0,1,0
1,11.81481586522447,5.20493862174149,1,0,1,1,0
1,12.296267134538375,6.959626713453838,1,0,0,1,0
1,13.7545450167057,6.348484994431433,1,1,0,0,0
0,12.381871450715163,5.903926543265808,1,1,0,1,0
1,12.078984460396718,6.94737305754959,1,0,0,1,0
1,14.243480496857316,6.013039006285369,1,0,1,0,0
0,12.36249565626842,5.546871742201315,1,1,0,1,0
1,11.671805778257127,5.485242777178592,0,1,1,1,0
0,12.753387016801364,6.028951519601591,1,1,0,1,0
1,12.804391783506786,7.089020541233039,1,1,0,0,0
1,14.02106672188724,6.3,1,0,0,0,0
0,13.379733153764404,6.460133423117799,0,0,1,1,0
1,11.866842229021602,5.2222807430072,1,0,1,1,0
0,13.216854837137827,6.458427418568913,0,0,1,1,0
1,13.956558241053592,6.3,1,0,0,0,0
1,11.94745525567675,5.223727627838375,0,1,1,1,0
1,12.422151024759,5.201035990996727,1,0,1,1,0
1,11.71841097768001,5.322383533479985,1,0,1,1,0
0,12.246959501599582,5.659121495201256,1,1,0,1,0
1,14.51054803792441,5.56101353173606,1,0,1,0,0
1,12.600131941540049,5.133289352819984,1,0,1,1,0
0,13.368740575456098,6.465629712271952,0,0,1,1,0
0,13.347743449462728,6.734837700358182,1,0,0,1,0
0,13.3252965359544,6.550593071908798,0,0,0,1,0
1,12.970983752926932,6.629016247073069,1,1,0,0,0
0,12.220512537348212,5.738462387955366,1,1,0,1,0
1,11.994800881677127,5.276299779580718,1,0,1,1,0
0,13.994070654351694,6.581185869129661,1,0,0,1,0
1,11.877241488551013,6.917724148855101,1,0,0,1,0
0,12.236802101365186,5.689593695904444,1,1,0,1,0
1,11.743875975880496,6.90438759758805,1,0,0,1,0
0,13.250896759331248,6.550896759331247,1,0,0,1,0
1,14.272210854251052,5.955578291497899,1,0,1,0,0
1,12.4776960351076,7.0111519824462,1,0,0,1,0
1,11.9,5.829529546700412,0,1,1,1,0
0,13.384890456255564,6.245328631233311,0,0,1,1,0
0,13.945146011693549,6.44946066796595,0,0,1,1,0
1,12.0742438759507,5.327547681472471,1,0,1,1,0
0,12.965024528041791,6.26502452804179,1,0,0,1,0
0,14.19961202119869,6.36640801413246,1,0,1,0,0
1,11.765303613284155,5.2578273111930764,1,0,1,1,0
0,13.34931006097302,6.35206981708094,0,0,1,1,0
1,13.961475694200857,6.3,1,0,0,0,0
1,11.996724575975536,6.543930508829357,1,0,0,1,0
0,13.705507289155737,6.22385089500937,0,0,1,1,0
0,13.35299561920979,6.473502190395106,0,0,1,1,0
0,12.226326934770102,5.721019195689696,1,1,0,1,0
0,12.502646719822495,6.999117760059168,1,0,0,1,0
1,12.108579693423978,6.4097043678912256,1,0,0,1,0
1,12.7,5.383488883037461,1,0,1,1,0
1,12.513114746511397,5.1207650281654,1,0,1,1,0
1,11.79759663273991,5.328004209075112,0,1,1,1,0
0,12.210431299234438,5.768706102296683,1,1,0,1,0
0,12.2,5.846458598200859,1,1,0,1,0
1,12.677143829066509,7.0,1,0,0,1,0
1,13.783759549208568,6.338746816930477,1,1,0,0,0
1,14.126428595857757,6.379285787573264,1,0,1,0,0
0,13.345347524806511,6.590695049613022,0,0,0,1,0
1,11.857683780504464,5.257683780504465,1,0,1,1,0
1,11.538291954441204,7.0234160911175945,0,1,1,0,0
1,12.448473444408224,5.191464202033373,1,0,1,1,0
1,14.06378142270749,6.3,1,0,0,0,0
0,11.863297627680238,6.943882937946706,0,1,1,0,0
0,13.433723961527106,6.267447923054212,0,0,1,1,0
0,12.301427160968142,5.501665021129499,1,1,0,1,0
0,13.764011749347704,6.173704214844826,0,0,1,1,0
1,12.962109435558697,6.637890564441305,1,1,0,0,0
0,13.393519116421087,6.693519116421088,1,0,0,1,0
1,11.514328276910442,7.085671723089557,1,0,0,1,0
0,13.114589627730224,6.890273581513184,1,0,0,1,0
0,12.444714863141346,5.608536147356009,1,1,0,1,0
1,12.108991788176848,7.036330596058949,1,0,0,1,0
0,12.535521027526167,5.676640770644627,1,1,0,1,0
1,12.72865496112911,6.957017558306336,1,1,1,0,0
1,14.04205726774278,6.3,1,0,0,0,0
1,13.14868784156334,6.6,1,1,0,0,0
0,13.433629092921809,6.433185453539096,0,0,1,1,0
0,12.418958930195688,5.638785418561636,1,1,0,1,0
0,11.511880173994395,6.988119826005603,0,1,1,0,0
0,12.752030249652528,6.027368624594614,1,1,0,1,0
1,14.063028764359464,6.206840706080307,1,1,0,0,0
1,12.1896450445229,5.270118318492366,1,0,1,1,0
1,13.48619580234175,6.437934732552749,1,1,0,0,0
1,12.405893980641755,6.98823674758022,1,0,0,1,0
1,14.343466424284316,5.861760436288231,1,0,1,0,0
1,12.041296797628476,5.270648398814238,0,1,1,1,0
1,14.17378530946116,6.573785309461159,1,1,0,0,0
1,12.495514226312464,7.002242886843768,1,0,0,1,0
0,13.26546671606635,6.789688855955768,1,0,0,1,0
1,14.07617456068298,6.3,1,0,0,0,0
0,13.48300798876731,6.408496005616345,0,0,1,1,0
1,11.586043242138215,7.013956757861782,1,0,0,1,0
1,11.544675057405335,7.010649885189326,0,1,1,0,0
1,14.137315441617949,6.232832205087691,1,0,1,0,0
1,11.727606473645835,5.308590289531244,1,0,1,1,0
0,12.981231905045076,6.839589364984976,1,0,0,1,0
0,13.37184162052263,6.64368324104526,0,0,0,1,0
1,11.84735458508422,5.283174497898938,1,1,1,0,0
1,13.927922532070594,6.3,1,0,0,0,0
0,11.59148342300097,6.8659336920038765,0,1,1,0,0
1,12.62852141153105,5.107942065385439,1,0,1,1,0
0,12.297297080383112,5.508108758850668,1,1,0,1,0
1,11.666754252299263,6.933245747700736,1,0,0,1,0
0,13.63249378058742,6.28643390235364,0,0,1,1,0
0,13.185867472015568,6.842755018656288,1,0,0,1,0
0,13.7736508461204,6.430405649568933,0,0,1,1,0
1,11.828238502125954,5.228238502125953,1,0,1,1,0
0,13.05405102710356,6.815316324298813,1,0,0,1,0
0,13.660131074608149,6.5,0,0,1,1,0
0,12.352534070830428,5.53940055312282,1,1,0,1,0
1,12.90221890226929,6.697781097730711,1,1,0,0,0
0,12.57064383557976,6.011796477474149,1,1,0,1,0
1,14.156138055345124,6.1877238893097495,1,0,1,0,0
1,12.019065742163264,5.1381314843265296,1,1,1,0,0
0,11.536318177233172,6.372886379683901,0,1,1,1,0
0,13.37620296058554,6.461898519707231,0,0,1,1,0
0,13.377004261569304,6.654008523138603,0,0,0,1,0
1,12.617065570610048,7.0,1,0,0,1,0
0,14.323982154663833,6.449321436442554,1,0,1,0,0
0,13.175035312188411,6.849976458541059,1,0,0,1,0
1,12.51669901416297,7.0,1,0,0,1,0
0,11.503734958612064,6.503734958612064,0,1,1,1,0
1,11.952612673867954,5.156864791358455,1,1,1,0,0
0,13.273523574333217,6.573523574333215,1,0,0,1,0
1,11.87146083300284,5.271460833002839,1,0,1,1,0
1,12.19517681718134,5.130027202643283,1,1,1,0,0
0,13.267090485945282,6.744303171351572,1,0,0,1,0
0,13.331527829833114,6.405416510500661,0,0,1,1,0
1,14.128826088717757,6.386478266153269,1,0,1,0,0
0,13.641930703935431,6.278345110912485,0,0,1,1,0
0,13.827311041787487,6.614537791642503,1,0,0,1,0
1,12.14755568457839,6.944755568457839,1,0,0,1,0
1,14.15264092977847,6.194718140443061,1,0,1,0,0
0,14.10535005555954,6.063694413578035,0,0,1,1,0
1,12.9,7.0406505748368335,1,1,1,0,0
1,13.949955613160158,6.349955613160158,1,1,0,0,0
1,12.482722891548343,5.1241419009390725,1,0,1,1,0
1,12.707192474295727,6.990410034272362,1,1,0,0,0
1,12.64072837248994,5.198573595767683,1,1,1,0,0
0,12.232010057347535,5.703969827957394,1,1,0,1,0
1,14.382972556779336,5.7906493977971945,1,0,1,0,0
0,11.65826880915894,6.468346238168213,0,1,1,1,0
1,12.804558475935258,7.088603810161856,1,1,0,0,0
0,13.342747012637622,6.585494025275243,0,0,0,1,0
0,11.570909281261711,6.783637125046844,0,1,1,0,0
1,11.92498705930818,5.250025881383636,1,1,1,0,0
1,11.9,5.278280923605281,0,1,1,1,0
1,14.11124680389042,6.333740411671264,1,0,1,0,0
0,14.15084893775838,6.5,0,0,1,1,0
1,13.146244638081756,6.5512517873060805,1,1,0,0,0
1,12.719266630071765,6.579511086714509,1,1,1,0,0
1,12.018768079023284,5.272922693007761,1,0,1,1,0
0,13.647865283092289,6.416429475899143,0,0,1,1,0
1,14.506505653623485,5.568289823477731,1,0,1,0,0
0,12.2,6.000823874362753,1,1,0,1,0
0,12.238567638787403,5.8,1,1,0,1,0
1,14.312827717603634,5.916910108313458,1,0,1,0,0
0,12.757451210386977,6.033693078784804,1,1,0,1,0
1,11.67152478783849,5.494170254593813,1,1,1,0,0
1,11.959808759596314,6.986602919865438,1,0,0,1,0
1,14.13168014002819,6.395040420084566,1,0,1,0,0
0,13.255779023880876,6.555779023880877,1,0,0,1,0
1,12.835920982411592,7.010197543971023,1,1,0,0,0
0,14.302048510406108,6.4346990069374055,1,0,1,0,0
1,12.84153163493582,6.78770254759627,1,1,1,0,0
0,13.607739341187887,6.307651993267524,0,0,1,1,0
0,13.36217948663085,6.6243589732617,0,0,0,1,0
1,11.578286401901968,7.021713598098032,1,0,0,1,0
1,11.614756732184947,5.508738779691752,1,0,1,1,0
0,12.68387143176932,6.93870952274356,1,0,0,1,0
1,13.931461366303363,6.3314613663033645,1,1,0,0,0
0,11.599875159027942,6.599875159027941,0,1,1,1,0
1,11.594883442638851,6.910233114722293,0,1,1,0,0
0,13.339518550763788,6.5790371015275735,0,0,0,1,0
1,14.122970658654124,6.368911975962376,1,0,1,0,0
1,14.172388382494336,6.517165147483003,1,0,1,0,0
1,13.016578273912629,6.6,1,1,0,0,0
0,13.301952015098946,6.503904030197891,0,0,0,1,0
0,13.059076296212384,6.813641234595872,1,0,0,1,0
0,13.38358195318257,6.24925414045229,0,0,1,1,0
0,13.463202168364893,6.418398915817554,0,0,1,1,0
0,11.745577617115602,6.745577617115603,0,1,1,1,0
0,14.352260733246476,6.4946956370273865,0,0,1,1,0
1,14.23345514607242,6.109454202244332,1,1,0,0,0
0,13.29119753467014,6.49559876733507,0,0,1,1,0
0,11.50263007025494,6.9973699297450604,0,1,1,0,0
1,12.584822981914682,7.0,1,0,0,1,0
1,11.708095795241269,5.450285045710481,1,1,1,0,0
1,11.9,5.321484222554414,0,1,1,1,0
0,13.451338591093467,6.424330704453266,0,0,1,1,0
1,11.712160354264528,6.901520044283067,1,0,0,1,0
1,12.946021316574395,6.653978683425605,1,1,0,0,0
1,13.79168660804836,6.33610446398388,1,1,0,0,0
1,12.348548360196276,5.217150546601241,1,0,1,1,0
1,14.010687024056235,6.3,1,0,0,0,0
1,12.979754554277196,6.668098178289123,1,1,0,0,0
0,13.58125563850906,6.354857978606079,0,0,1,1,0
1,14.271898134245983,5.990583358357226,1,0,1,0,0
1,11.907479396043884,6.651024724747338,1,0,0,1,0
0,13.379371494830808,6.460314252584596,0,0,1,1,0
0,13.318453034415777,6.444640896752671,0,0,1,1,0
0,13.916843652946874,6.04270544033125,0,0,1,1,0
0,14.130616767369958,6.320411178246638,1,0,1,0,0
1,12.9,6.724393326869577,1,1,1,0,0
0,11.604826908513491,6.479034618297302,0,1,1,1,0
1,12.143105536584269,6.955388192073034,1,0,0,1,0
1,13.910422767388404,6.3,1,0,0,0,0
1,14.497472010169862,5.958587422760079,1,1,0,0,0
1,14.028898258513834,6.3,1,0,0,0,0
0,12.285674724255598,5.571626378722014,1,1,0,1,0
0,13.352226743228185,6.343319770315454,0,0,1,1,0
0,11.559237274557104,6.292669539050128,0,1,1,1,0
1,12.930025776208854,6.669974223791146,1,1,0,0,0
1,11.720866529949362,6.948346611979745,0,1,1,0,0
0,14.35150421203516,6.509699157592968,1,0,0,1,0
1,14.398004881174389,5.763591213886103,1,0,1,0,0
1,11.558832847546157,6.982334304907689,0,1,1,0,0
1,12.051576420951926,5.172047064338675,1,0,1,1,0
1,13.989704291897278,6.3,1,0,0,0,0
1,12.535617333619168,7.0,1,0,0,1,0
1,12.896299558866534,6.859251102833664,1,1,0,0,0
1,14.27204532661831,5.955909346763381,1,0,1,0,0
0,13.239503881556836,6.469751940778417,0,0,1,1,0
1,11.9,5.20099997954558,0,1,1,1,0
1,14.101421443691924,6.297441401354535,1,0,1,0,0
1,13.21990518566776,6.526698271444079,1,1,0,0,0
1,12.70741223640851,6.571608157605674,1,1,1,0,0
0,14.191396806041189,5.80737416625041,0,0,1,1,0
1,13.65683831220456,6.397264675118176,1,1,0,0,0
1,12.0064758275035,5.25323791375175,0,1,1,1,0
0,13.479803011729617,6.35960602345923,0,0,1,1,0
0,11.958862016597378,6.959810336099563,0,1,1,0,0
0,12.263426688553578,5.6828665572321135,1,1,0,1,0
1,12.004510754182586,5.177276582868601,1,0,1,1,0
0,12.885941019276808,6.871352993574398,1,0,0,1,0
0,12.818785533541616,7.087476310972257,1,0,0,1,0
1,11.785746480569706,5.223755865717157,1,0,1,1,0
1,12.806156456070775,6.840765315893835,1,1,1,0,0
1,12.706217948771595,6.570811965847732,1,1,1,0,0
1,11.85339381238754,7.001357524955016,0,1,1,0,0
0,14.349310909688691,5.928160605728506,0,0,1,1,0
0,13.345671034495968,6.591342068991935,0,0,0,1,0
0,13.34620000107373,6.361399996778815,0,0,1,1,0
0,13.427847152891154,6.255694305782308,0,0,1,1,0
1,12.165020901133264,5.233744774716683,1,0,1,1,0
0,13.337476137477289,6.74168257501514,1,0,0,1,0
1,11.98618585032185,5.1165769796137806,1,1,1,0,0
1,12.9,6.926771204614533,1,1,1,0,0
1,14.13197744631251,6.395932338937528,1,0,1,0,0
1,13.704318914549985,6.378272434180006,1,1,0,0,0
1,12.882080967044848,6.771676131820606,1,1,1,0,0
0,13.977606097005316,5.990623345424013,0,0,1,1,0
1,13.91211710755117,6.3,1,0,0,0,0
0,12.29877144043491,5.506142797825449,1,1,0,1,0
0,12.265602817264648,5.603191548206054,1,1,0,1,0
1,11.903371586258736,5.234457195419578,1,0,1,1,0
1,14.588351727000417,5.420966891399249,1,0,1,0,0
0,13.07896625124689,6.80701124958437,1,0,0,1,0
1,11.9,5.52376461107874,0,1,1,1,0
1,12.99661914919304,6.608452127017398,1,1,0,0,0
1,12.51539316884463,7.0,1,0,0,1,0
0,13.285536854377913,6.585536854377912,1,0,0,1,0
1,12.088808394119416,5.277616788238828,1,1,1,0,0
1,12.88248262588811,6.770069496447562,1,1,1,0,0
1,14.344338565663945,5.8601905818049005,1,0,1,0,0
1,13.290695400152204,6.6,1,1,0,0,0
1,12.2820922855829,7.094030761860966,1,0,0,1,0
0,13.397142809321522,6.451428595339239,0,0,1,1,0
1,11.830624291809734,6.9130624291809735,1,0,0,1,0
1,11.566395743740332,6.9672085125193375,0,1,1,0,0
0,13.176333106097736,6.438166553048868,0,0,1,1,0
1,14.188184897824897,6.141267183915188,1,0,1,0,0
1,14.390225378043526,6.0198712125465565,1,1,0,0,0
0,11.536425894531956,6.645703578127829,0,1,1,0,0
1,12.31586595171342,6.9769832439641775,1,0,0,1,0
1,12.82544111276491,6.650294075176607,1,1,1,0,0
0,13.388752905601072,6.233741283196784,0,0,1,1,0
0,12.224056725432416,5.879716372837922,1,1,0,1,0
0,11.554972434327652,6.945027565672347,0,1,1,0,0
1,11.970114229927562,5.235057114963781,0,1,1,1,0
1,14.106271589751014,6.318814769253041,1,0,1,0,0
0,13.150136106358785,6.425068053179392,0,0,1,1,0
0,13.226738843539945,6.463369421769972,0,0,1,1,0
1,13.257813943965203,6.556874422413919,1,1,0,0,0
0,13.3963778495628,6.701207383479067,1,0,0,1,0
1,11.921748389402838,5.186472401177463,1,0,1,1,0
0,12.3617292565107,5.892416718006115,1,1,0,1,0
0,13.89345899372194,6.601308201255612,1,0,0,1,0
0,13.320184648482298,6.5403692969645935,0,0,0,1,0
1,14.596472260115757,5.40634993179164,1,0,1,0,0
0,14.281770376646303,6.5,0,0,1,1,0
0,13.263240405597708,6.791173062934861,1,0,0,1,0
1,12.021752510560994,6.513896987326807,1,0,0,1,0
1,13.90583477274761,6.305834772747609,1,1,0,0,0
1,12.850315735862852,6.898737056548597,1,1,1,0,0
1,13.96380761823104,6.363807618231038,1,1,0,0,0
1,14.149282418938393,6.549282418938391,1,1,0,0,0
0,12.852432016207938,6.882522661264021,1,0,0,1,0
0,12.906911556388575,6.206911556388577,1,0,0,1,0
0,11.696051592297424,5.813819426959015,0,1,1,1,0
1,13.396534228877892,6.467821923707369,1,1,0,0,0
0,11.526388665593863,6.9736113344061375,0,1,1,0,0
0,14.23021820183346,6.5,0,0,1,1,0
0,13.800741203347757,6.232921553695692,0,0,1,1,0
0,12.921620205090804,7.018919863272798,1,0,0,1,0
1,11.667677295278276,5.420537841202876,1,0,1,1,0
0,13.689750888778956,6.64204982224421,1,0,0,1,0
0,12.199697667441123,6.999949611240187,0,1,1,0,0
1,11.798604558963463,6.912325569870434,1,0,0,1,0
0,12.878868697983842,6.187924970276481,1,1,0,1,0
1,14.090542193383012,6.3,1,0,0,0,0
1,14.56415842377172,5.464514837210902,1,0,1,0,0
0,11.875653018247682,6.424869396350464,0,1,1,1,0
0,13.39825642177682,6.70058119274106,1,0,0,1,0
1,12.761021680169936,6.607347786779957,1,1,1,0,0
0,13.35621912254201,6.331342632373973,0,0,1,1,0
1,14.031634527051194,6.3,1,0,0,0,0
1,13.56987231207123,6.4320510751715085,1,1,0,0,0
1,13.245709036511576,6.6,1,1,0,0,0
1,14.023652350133078,6.423652350133078,1,1,0,0,0
1,11.75573054916174,5.266404176257391,1,0,1,1,0
1,11.913785067258502,5.272429865482995,1,1,1,0,0
0,12.465415897760206,5.624061923320155,1,1,0,1,0
1,12.620373983410769,5.1088473351765815,1,0,1,1,0
1,13.26176253460882,6.6,1,1,0,0,0
0,13.670347341072477,6.253987993366448,0,0,1,1,0
1,14.574617031125635,5.445689343973852,1,0,1,0,0
1,12.9356012727149,6.6643987272851,1,1,0,0,0
1,12.330374115452914,5.141069542727454,1,0,1,1,0
1,12.9270648013218,6.672935198678198,1,1,0,0,0
0,12.925799912327289,6.225799912327288,1,0,0,1,0
1,12.808855474404552,7.07786131398862,1,1,0,0,0
0,13.996420494623967,6.580715901075207,1,0,0,1,0
0,12.702254072437588,6.087002327107194,1,1,0,1,0
1,14.099186814010467,6.3,1,0,0,0,0
1,12.957002645018862,6.707493387452843,1,1,0,0,0
0,14.194190883539152,6.014338398033805,0,0,1,1,0
1,14.017832136349442,6.3,1,0,0,0,0
1,11.711978662655143,5.332032006017286,1,0,1,1,0
1,12.2935719269569,5.201607018260774,1,0,1,1,0
1,13.150672486317545,6.599731005472982,1,1,0,0,0
0,13.31262089839112,6.4621373048266415,0,0,1,1,0
1,11.9,5.702685783862854,0,1,1,1,0
0,13.354376685143247,6.6087533702864985,0,0,0,1,0
1,14.367104527209603,6.033083127308797,1,1,0,0,0
0,13.41552197625122,6.44223901187439,0,0,1,1,0
1,12.7,5.410638567190921,1,0,1,1,0
1,12.040059763503642,5.180119527007283,1,1,1,0,0
1,14.38396108932188,5.788870039220619,1,0,1,0,0
0,13.85268427217207,6.609463145565586,1,0,0,1,0
0,13.40786157433466,6.215723148669315,0,0,1,1,0
1,11.505637301171811,5.69060449804698,1,0,1,1,0
1,11.899087376044978,6.661095148746027,1,0,0,1,0
0,13.322000015071415,6.544000030142829,0,0,0,1,0
1,11.879395721150676,5.19117825320548,1,0,1,1,0
0,11.62341189514344,6.592558921357581,0,1,1,1,0
1,12.87891089086439,6.761452145514147,1,1,0,0,0
1,13.97746337938905,6.3,1,0,0,0,0
0,13.888159478277222,6.602368104344556,1,0,0,1,0
1,14.159714549341606,6.180570901316786,1,0,1,0,0
0,13.401788861590902,6.44910556920455,0,0,1,1,0
0,13.352974958271218,6.473512520864391,0,0,1,1,0
1,12.27376720065076,5.242077599783079,1,0,1,1,0
0,14.39130405941111,6.501739188117778,1,0,0,1,0
1,12.7,5.2205197828434615,1,0,1,1,0
0,12.2,5.821929580947852,1,1,0,1,0
1,12.259618874737765,7.086539624912588,1,0,0,1,0
1,12.882761980997095,6.893095047507256,1,1,0,0,0
1,12.81105395863826,7.055784165446958,1,1,1,0,0
1,14.13148734031244,6.394462020937327,1,0,1,0,0
1,11.93318859579293,6.929148574474117,1,0,0,1,0
0,13.39151417436288,6.683028348725758,0,0,0,1,0
1,12.50871478044406,5.121253913283993,1,0,1,1,0
1,13.440268212137486,6.453243929287504,1,1,0,0,0
1,12.55238249564767,7.0,1,0,0,1,0
0,13.218980568936736,6.459490284468368,0,0,1,1,0
0,13.277317941613305,6.488658970806652,0,0,1,1,0
1,11.795625505629214,5.206561741556179,1,0,1,1,0
0,13.407728720894385,6.446135639552809,0,0,1,1,0
1,12.433933780697748,5.188688739767417,1,0,1,1,0
0,13.207316649832462,6.828455566778358,1,0,0,1,0
0,12.903697223781778,6.301848611890889,0,0,1,1,0
0,12.50980187588823,5.657351406916174,1,1,0,1,0
1,13.99089030105875,6.390890301058749,1,1,0,0,0
1,11.830961929056016,5.230961929056014,1,0,1,1,0
0,13.950035303418552,6.450003922602062,0,0,1,1,0
1,12.886109915371186,6.755560338515254,1,1,1,0,0
0,14.372465978187924,6.481643985458617,1,0,1,0,0
0,12.031986964087125,6.971997827347854,0,1,1,0,0
0,13.830991759480778,6.216115689177346,0,0,1,1,0
1,12.7,5.359750491024018,1,0,1,1,0
1,12.7,5.185412823915008,1,0,1,1,0
0,12.615920046029558,5.736940034522169,1,1,0,1,0
1,11.736258270743848,5.527483458512303,0,1,1,1,0
0,12.622769843099867,5.876564816949848,1,1,0,1,0
0,13.751621680888832,6.260210177283981,0,0,1,1,0
0,12.18672026529966,7.015040198974744,0,1,1,1,0
1,12.656408549941393,7.0,1,0,0,1,0
0,14.175010057919842,6.024994412266755,0,0,1,1,0
1,12.44018917789187,7.029905411054065,1,0,0,1,0
1,12.277802806278354,7.092600935426118,1,0,0,1,0
1,12.443814317005907,6.974381431700591,1,0,0,1,0
1,12.381232594650676,6.968123259465068,1,0,0,1,0
1,13.026471506101531,6.591176164632822,1,1,0,0,0
1,11.80123308992435,6.933744363308117,1,0,0,1,0
0,12.21854886375736,5.744353408727921,1,1,0,1,0
1,14.139921954122832,6.419765862368498,1,0,1,0,0
1,12.081353973701226,5.293784657900408,1,0,1,1,0
1,11.62215307446084,5.491944336559694,1,0,1,1,0
0,13.451292358031496,6.302584716062988,0,0,1,1,0
0,14.276579030791634,6.41771935386109,1,0,1,0,0
0,13.38163752706158,6.6632750541231625,0,0,0,1,0
0,14.337064654654055,6.5125870690691885,1,0,0,1,0
1,14.35139522710476,5.847488591211433,1,0,1,0,0
0,13.334367599635122,6.482816200182439,0,0,1,1,0
1,13.343890136839931,6.485369954386689,1,1,0,0,0
0,11.590530096507976,6.862120386031905,0,1,1,0,0
1,11.82563066012952,6.915703832516191,1,0,0,1,0
0,12.285139688552189,5.589161868686887,1,1,0,1,0
0,11.552892611520148,6.947107388479853,0,1,1,0,0
0,13.46109205007566,6.41945397496217,0,0,1,1,0
1,12.90956206578207,6.720583912290573,1,1,0,0,0
1,11.804961599600505,5.204961599600503,1,0,1,1,0
0,13.347223369256197,6.717592210247935,1,0,0,1,0
0,14.199273726205236,6.011514596552647,0,0,1,1,0
1,11.718520144954615,6.902315018119327,1,0,0,1,0
0,12.962648504889628,6.331324252444814,0,0,1,1,0
1,14.173814225918123,6.573814225918124,1,1,0,0,0
0,12.2,5.829937204535576,1,1,0,1,0
1,11.9,5.224215600951474,0,1,1,1,0
1,12.351922537567972,6.9814903171959966,1,0,0,1,0
1,13.602586070492166,6.418965571803134,1,1,0,0,0
1,14.139266624241934,6.221466751516132,1,0,1,0,0
0,13.631328085766503,6.414592009529612,0,0,1,1,0
0,13.3067293312503,6.479812006249103,0,0,1,1,0
1,12.867063783087518,6.6780425220583455,1,1,1,0,0
0,13.464138792237236,6.417930603881382,0,0,1,1,0
0,13.9779574637107,5.990322173962257,0,0,1,1,0
1,13.516890674823197,6.427703108392268,1,1,0,0,0
0,13.89167729290846,6.601664541418308,1,0,0,1,0
0,13.37796250035318,6.707345833215608,1,0,0,1,0
1,12.2368916042294,6.967111450528675,1,0,0,1,0
0,13.316291724854327,6.532583449708652,0,0,0,1,0
1,12.677088705532256,7.0,1,0,0,1,0
1,12.022593348804891,7.069037339521956,0,1,1,0,0
0,13.315344124504366,6.530688249008729,0,0,0,1,0
1,11.819875848019011,6.7561489823771845,1,0,0,1,0
0,11.542822842483234,6.957177157516766,0,1,1,0,0
1,11.621652664088092,5.467521003867862,1,0,1,1,0
1,11.879816719011368,6.959938906337123,1,0,0,1,0
0,13.306701299836144,6.4966493500819285,0,0,1,1,0
1,12.201031459013503,6.950103145901351,1,0,0,1,0
1,14.25231054291414,6.098679689763348,1,1,0,0,0
1,11.927436806820417,5.242478935606806,1,0,1,1,0
0,13.69108786190835,6.293840076717584,0,0,1,1,0
0,11.724770506764331,6.724770506764331,0,1,1,1,0
1,11.920837548272155,5.258324903455685,1,1,1,0,0
0,13.404110699664592,6.208221399329185,0,0,1,1,0
0,14.11932255380472,6.556135489239056,1,0,0,1,0
0,13.23975735516244,6.753414214945853,1,0,0,1,0
0,13.694207294797687,6.233536604459124,0,0,1,1,0
1,13.042756581654976,6.6,1,1,0,0,0
1,14.164579960442744,6.493739881328235,1,0,1,0,0
0,13.716867087223898,6.5,0,0,1,1,0
0,14.19042684901894,6.360284566012628,1,0,1,0,0
1,12.281040240980955,7.093680080326984,1,0,0,1,0
0,11.620169242777196,6.903361540462867,0,1,1,0,0
0,13.32612189566404,6.421634313007879,0,0,1,1,0
1,11.710250637284984,6.901281329660623,1,0,0,1,0
0,11.972375821450724,6.405524835709856,0,1,1,1,0
1,14.014971720718396,6.3,1,0,0,0,0
0,11.525246221202115,6.600984884808461,0,1,1,0,0
0,12.231211763507403,5.84394118246297,1,1,0,1,0
1,12.065456215168965,5.2884854050563215,1,0,1,1,0
0,11.898212585652118,6.949702097608687,0,1,1,0,0
1,12.070932494897912,7.023644164965971,1,0,0,1,0
0,12.2,5.941771087585908,1,1,0,1,0
0,13.10461597021176,6.404615970211759,1,0,0,1,0
1,12.06996851568038,7.023322838560127,1,0,0,1,0
0,12.905796443143752,7.029469037904165,1,0,0,1,0
0,13.447608126543413,6.426195936728294,0,0,1,1,0
0,13.11115567203062,6.892562885312919,1,0,0,1,0
1,13.107763832755731,6.616894466897707,1,1,0,0,0
1,14.259007547166624,5.98198490566675,1,0,1,0,0
1,11.634070157125912,5.731859685748175,0,1,1,1,0
0,11.539506561138694,6.658026244554777,0,1,1,0,0
1,14.149490169864723,6.201019660270551,1,0,1,0,0
1,12.891999115555276,6.712001326667088,1,1,1,0,0
0,13.311522831277095,6.523045662554188,0,0,0,1,0
1,13.475711657166508,6.441429447611164,1,1,0,0,0
1,11.53936264137548,5.652764830349423,1,1,1,0,0
1,14.11692281923383,6.350768457701493,1,0,1,0,0
0,13.371790083812837,6.64358016762567,0,0,0,1,0
0,13.332463270944393,6.5,0,0,1,1,0
1,14.194461074832002,6.111077850335997,1,0,1,0,0
0,14.374123886346108,6.505175222730779,1,0,0,1,0
1,11.914885836976405,5.385496059281307,1,0,1,1,0
0,12.937365035708712,6.854211654763763,1,0,0,1,0
0,12.937537642642992,6.237537642642992,1,0,0,1,0
1,14.151411518519136,6.156336275131923,1,1,0,0,0
0,14.37867731681959,6.504264536636082,1,0,0,1,0
1,11.69380783058658,5.37698694902237,1,0,1,1,0
0,13.344481940035635,6.588963880071272,0,0,0,1,0
0,11.605493257010757,6.130773600462356,0,1,1,1,0
1,12.338020006227786,5.231629088644441,1,0,1,1,0
1,12.032151841300848,7.072860736520338,0,1,1,0,0
1,14.164833999059637,6.170332001880728,1,0,1,0,0
0,13.67404035258295,6.419337816953661,0,0,1,1,0
1,14.072269041597766,6.3,1,0,0,0,0
1,14.187274085302867,6.125451829394266,1,0,1,0,0
0,13.468416614794648,6.415791692602677,0,0,1,1,0
1,12.9,6.886975119774882,1,1,1,0,0
0,13.373570330478758,6.708809889840414,1,0,0,1,0
1,12.958520809726346,6.641479190273653,1,1,0,0,0
1,12.13808587465741,5.162434902815844,1,0,1,1,0
1,12.489382396529408,7.005308801735296,1,0,0,1,0
1,12.56555184477741,7.0,1,0,0,1,0
1,12.00362946569729,5.10725893139458,1,1,1,0,0
0,13.513183134303866,6.40146479270043,0,0,1,1,0
0,13.37648659359615,6.461756703201925,0,0,1,1,0
0,12.857473811835924,7.061684125442717,1,0,0,1,0
1,11.854567255784795,7.001826902313918,0,1,1,0,0
1,12.7,5.411460883320067,1,0,1,1,0
1,11.935829787907997,5.228340424184006,1,1,1,0,0
1,12.59328498282538,5.111857224130513,1,0,1,1,0
1,12.54983775702822,6.984983775702823,1,0,0,1,0
0,13.05032410453668,6.816558631821106,1,0,0,1,0
0,12.202221295759069,5.988893521204664,1,1,0,1,0
1,12.038644878837976,6.942330609854747,1,0,0,1,0
1,11.610045431272148,6.904018172508859,0,1,1,0,0
1,12.49474992235976,5.168416692546747,1,0,1,1,0
1,11.972225835403368,6.927222583540337,1,0,0,1,0
1,12.592708001509308,5.135763999496897,1,0,1,1,0
1,12.976902497641866,6.623097502358133,1,1,0,0,0
0,13.09895706739838,6.90069528840108,1,0,0,1,0
0,13.229571997092153,6.756809334302615,1,0,0,1,0
1,11.732132767747329,5.301800848379007,1,0,1,1,0
1,11.981308006474167,5.137383987051661,1,1,1,0,0
1,14.0984534066367,6.3,1,0,0,0,0
0,14.285927340217327,6.423951560144884,1,0,1,0,0
0,13.668896279686408,6.255231760268794,0,0,1,1,0
1,13.903092154940923,6.3,1,0,0,0,0
0,13.421909523537506,6.243819047075012,0,0,1,1,0
1,12.954908143782532,6.645091856217468,1,1,0,0,0
1,14.019274706133482,6.3,1,0,0,0,0
0,12.292188463517505,5.539057682412486,1,1,0,1,0
1,14.007343995404764,6.3,1,0,0,0,0
0,14.05485121389493,6.461650134877215,0,0,1,1,0
1,12.621810990253785,5.126063003248738,1,0,1,1,0
1,12.324154383497278,7.087922808251361,1,0,0,1,0
0,13.37452917005306,6.7084902766489805,1,0,0,1,0
0,12.233010966057195,5.834945169714015,1,1,0,1,0
1,12.993529816105166,6.606470183894833,1,1,0,0,0
1,11.865280105217636,6.701663873738836,1,0,0,1,0
1,11.517092632647849,5.6794888408225805,1,1,1,0,0
1,11.562729741624556,6.974540516750888,0,1,1,0,0
1,13.091979667273058,6.56934011090898,1,1,0,0,0
1,12.923906475340312,6.701458032879584,1,1,0,0,0
1,12.473561370143935,6.977356137014394,1,0,0,1,0
1,12.9,7.045481561511162,1,1,1,0,0
0,13.311004484309867,6.4669865470704,0,0,1,1,0
1,14.093890841252902,6.3,1,0,0,0,0
0,13.332768944944265,6.5655378898885255,0,0,0,1,0
1,11.84612714329278,6.914612714329278,1,0,0,1,0
0,13.63494194264631,6.284335477731734,0,0,1,1,0
1,11.892162912265643,6.924020364033206,1,0,0,1,0
1,11.543192044915822,5.628013258473632,1,0,1,1,0
0,12.990356881857949,6.2903568818579485,1,0,0,1,0
1,14.221917324285547,6.0561653514289056,1,0,1,0,0
0,13.397343404136237,6.451328297931882,0,0,1,1,0
0,13.01245101818117,6.312451018181171,1,0,0,1,0
1,12.823310735246276,6.835585686338296,1,1,0,0,0
1,13.931183787805589,6.3,1,0,0,0,0
0,12.602544581697927,5.8,1,1,0,1,0
0,14.137914280411405,6.045603177549221,0,0,1,1,0
1,14.197655300559566,6.592965901678698,1,0,1,0,0
1,13.956713096502936,6.3,1,0,0,0,0
0,13.362650416830109,6.625300833660211,0,0,0,1,0
1,11.612971428381206,5.48054285742819,1,0,1,1,0
1,14.14762378833514,6.442871365005417,1,0,1,0,0
1,12.635378123317764,7.0,1,0,0,1,0
1,12.952252699166626,6.663663067777832,1,1,0,0,0
0,13.37525563810184,6.6505112762036775,0,0,0,1,0
0,12.553660420247006,6.982113193250998,1,0,0,1,0
1,14.068054563044235,6.3,1,0,0,0,0
0,13.02370304949222,6.825432316835927,1,0,0,1,0
0,13.33050412125814,6.561008242516278,0,0,0,1,0
1,12.460005175462388,7.019997412268806,1,0,0,1,0
0,13.492316421160844,6.4038417894195785,0,0,1,1,0
1,12.7,5.407967599351396,1,0,1,1,0
1,12.699994773529252,7.0,1,0,0,1,0
1,12.945696998721486,6.6724040017046855,1,1,0,0,0
0,12.09883498772678,7.098834987726778,0,1,1,1,0
0,13.417949819145472,6.235899638290943,0,0,1,1,0
1,11.622739011273268,5.754521977453463,0,1,1,1,0
1,11.9,5.42675425819338,0,1,1,1,0
1,12.014115292233596,7.004705097411199,1,0,0,1,0
0,13.304772198370026,6.50954439674005,0,0,0,1,0
0,12.245650728481117,5.8260956291133015,1,1,0,1,0
0,13.066685519119462,6.3833427595597305,0,0,1,1,0
1,12.433228459074464,6.991653557384308,1,0,0,1,0
1,11.608219356565067,5.487670965152399,1,0,1,1,0
1,13.279377808486034,5.296827355151697,1,1,1,0,0
1,12.067965106473313,5.258008723381671,1,0,1,1,0
1,14.11178144643134,6.335344339294024,1,0,1,0,0
0,13.791436187787532,6.238091006784704,0,0,1,1,0
1,11.958803814238747,5.229401907119375,0,1,1,1,0
0,12.617498879900936,6.960833706699687,1,0,0,1,0
1,12.415297905881271,6.9894122382351584,1,0,0,1,0
1,13.196861078165629,6.6,1,1,0,0,0
1,11.939715672582311,5.184476036379743,1,0,1,1,0
1,12.831761745473925,7.020595636315195,1,1,0,0,0
1,14.13145872623237,6.243374292781732,1,0,1,0,0
1,13.163327628452,6.6,1,1,0,0,0
1,11.762482660741972,5.256276008887044,1,0,1,1,0
0,12.879717091286098,6.873427636237968,1,0,0,1,0
1,11.548062196528557,7.003875606942887,0,1,1,0,0
1,14.224600392034764,6.114514061694422,1,1,0,0,0
0,13.404422123382115,6.208844246764229,0,0,1,1,0
1,11.842624150570664,6.917828018821333,1,0,0,1,0
1,14.579340963445944,5.911805163745175,1,1,0,0,0
1,12.7,5.2175181313834464,1,0,1,1,0
1,14.412702678506951,5.737135178687486,1,0,1,0,0
0,13.393949578652247,6.687899157304496,0,0,0,1,0
0,11.935998360944549,6.8269987707084105,0,1,1,1,0
0,13.848285997463984,6.101469145030871,0,0,1,1,0
1,11.88128342261333,6.960427807537777,1,0,0,1,0
0,11.515267282469036,6.561069129876136,0,1,1,0,0
0,11.591132856264377,6.908867143735626,0,1,1,0,0
0,13.346692901083552,6.4766535494582245,0,0,1,1,0
1,13.20112125150629,6.532959582831237,1,1,0,0,0
1,11.813645893683235,5.198483789590751,1,0,1,1,0
0,13.6826030662337,6.2434830860854,0,0,1,1,0
1,13.28811111120577,6.6,1,1,0,0,0
1,13.075837461087971,6.629665015564811,1,1,0,0,0
0,12.893307953406431,7.037794697729044,1,0,0,1,0
0,13.365396949040548,6.630793898081094,0,0,0,1,0
0,11.51071833613909,6.542873344556365,0,1,1,0,0
0,13.460929404714603,6.5,0,0,1,1,0
1,13.10279082596532,6.6,1,1,0,0,0
0,14.327935536041648,6.451957024027765,1,0,1,0,0
0,12.962291480938475,6.991805679374349,1,0,0,1,0
1,11.61794190260336,5.768601670444119,1,1,1,0,0
1,12.634068281390077,5.1219772395366405,1,0,1,1,0
0,11.581367998980705,6.825471995922819,0,1,1,0,0
1,13.294680066416127,6.6,1,1,0,0,0
0,13.10230015687016,6.89846656208656,1,0,0,1,0
1,12.28945383981233,7.096484613270776,1,0,0,1,0
1,13.99440193326933,6.246056038131811,1,1,0,0,0
0,13.896684180226927,6.444076020025214,0,0,1,1,0
0,13.031157781333114,6.331157781333114,1,0,0,1,0
1,12.875190578883467,6.79923768446613,1,1,1,0,0
0,13.3919621300836,6.683924260167199,0,0,0,1,0
0,13.417412342390335,6.441293828804833,0,0,1,1,0
1,12.458011089472166,6.975801108947216,1,0,0,1,0
1,13.517849325291968,6.42738355823601,1,1,0,0,0
1,12.904498792385112,6.695501207614889,1,1,0,0,0
0,13.18760368971424,6.841597540190507,1,0,0,1,0
1,14.021047044033631,6.3,1,0,0,0,0
1,11.986404876703643,6.928640487670365,1,0,0,1,0
0,13.381429794388255,6.459285102805872,0,0,1,1,0
1,13.084009986606455,6.57199667113118,1,1,0,0,0
1,12.853433571660243,6.668955714440163,1,1,1,0,0
0,13.1631180799972,6.857921280001866,1,0,0,1,0
1,11.58366280516322,7.01633719483678,1,0,0,1,0
1,12.368020335515949,6.983502541939494,1,0,0,1,0
1,13.103686784746465,6.565437738417845,1,1,0,0,0
1,11.53899309638025,7.022013807239501,0,1,1,0,0
1,13.936179874404871,6.3,1,0,0,0,0
1,11.9,5.226187802704333,0,1,1,1,0
1,12.760975289714986,6.918699613713351,1,1,0,0,0
0,13.415561897795,6.4422190511025,0,0,1,1,0
1,13.166639717315595,6.593344113073762,1,1,0,0,0
0,12.950171496027922,6.999885669314719,1,0,0,1,0
1,12.7,5.18584621563163,1,0,1,1,0
0,13.832293934324287,6.613541213135143,1,0,0,1,0
0,11.681396307803336,6.913566051300556,0,1,1,0,0
1,12.15695797606179,7.052319325353929,1,0,0,1,0
0,11.518660670006604,6.574642680026422,0,1,1,0,0
1,12.962922878678071,6.69269280330482,1,1,0,0,0
0,13.450190178832845,6.424904910583578,0,0,1,1,0
0,13.584019475865018,6.327983306401413,0,0,1,1,0
1,12.91842720860815,6.708763721855799,1,1,0,0,0
0,13.47482610659454,6.41258694670273,0,0,1,1,0
0,13.30957846683972,6.49521076658014,0,0,1,1,0
1,11.975251358038216,5.143310123433123,1,1,1,0,0
0,11.593413400883286,6.873653603533144,0,1,1,0,0
1,13.394646790490706,6.468451069836432,1,1,0,0,0
0,13.747835168485643,6.2623137952857535,0,0,1,1,0
1,13.2399524309498,6.6,1,1,0,0,0
0,13.317000635413756,6.534001270827513,0,0,0,1,0
1,13.431370183772756,6.456209938742415,1,1,0,0,0
1,14.274751064380403,5.950497871239193,1,0,1,0,0
0,13.832851179803,6.215082677887223,0,0,1,1,0
0,13.369114589559718,6.720590273626855,1,0,0,1,0
1,11.565187021889608,5.591354963517319,1,0,1,1,0
0,11.521353446785543,6.585413787142183,0,1,1,0,0
1,11.620581623555774,6.979418376444226,1,0,0,1,0
0,12.2,5.803836561320663,1,1,0,1,0
0,14.27623618725188,6.417490791501254,1,0,1,0,0
0,13.304361825516612,6.508723651033223,0,0,0,1,0
0,13.221914413779064,6.521914413779063,1,0,0,1,0
1,14.416867668118917,6.004647046789192,1,1,0,0,0
0,12.254961699347144,5.635114901958572,1,1,0,1,0
0,13.873541904691727,6.192476719615707,0,0,1,1,0
1,12.702143088538143,6.996785367192782,1,1,1,0,0
0,13.455661773141202,6.4221691134294,0,0,1,1,0
0,12.228104010922136,5.859479945389317,1,1,0,1,0
0,14.149749872564607,5.843071537801765,0,0,1,1,0
1,12.141517808661275,6.370178629606467,1,0,0,1,0
1,12.62562634903641,7.0,1,0,0,1,0
1,12.312277486865243,5.229240837711585,1,0,1,1,0
0,13.44441421913414,6.42779289043293,0,0,1,1,0
0,12.6991728971375,5.8,1,1,0,1,0
1,13.53247898319497,6.422507005601676,1,1,0,0,0
0,13.383069715557324,6.711286856295119,1,0,0,1,0
0,13.839253013353035,6.5,0,0,1,1,0
0,13.975739387684396,5.992223381984802,0,0,1,1,0
1,12.317771569288444,7.091114215355779,1,0,0,1,0
0,12.2393229751603,5.864062149038202,1,1,0,1,0
0,11.526019144377756,6.973980855622244,0,1,1,0,0
1,12.707116024320015,6.990511967573311,1,1,0,0,0
1,11.614071528083976,5.775374825853042,1,1,1,0,0
0,13.206496286607308,6.829002475595128,1,0,0,1,0
1,14.151244159235569,6.197511681528864,1,0,1,0,0
1,11.53455685938532,7.030886281229362,0,1,1,0,0
1,13.106986034697655,6.564337988434114,1,1,0,0,0
1,12.71626181466336,6.975607278004958,1,1,1,0,0
0,11.737289951206083,6.922881658534347,0,1,1,0,0
0,13.547613756226736,6.670477248754652,1,0,0,1,0
0,13.320708310322916,6.541416620645834,0,0,0,1,0
0,12.936460297478185,6.236460297478182,1,0,0,1,0
1,14.000705632443974,6.400705632443975,1,1,0,0,0
1,14.0902982305898,6.3,1,0,0,0,0
0,13.464713892612178,6.417643053693912,0,0,1,1,0
1,12.85545142077462,6.878194316901516,1,1,1,0,0
1,12.666552931295197,5.111149022901601,1,0,1,1,0
1,11.771274267361065,5.500270032118138,1,1,1,0,0
1,11.85043756252718,7.000175025010872,0,1,1,0,0
0,13.42394696727056,6.43802651636472,0,0,1,1,0
0,14.144751629433198,6.329834419622132,1,0,1,0,0
0,12.864236949427664,7.057175367048224,1,0,0,1,0
1,12.847902691627963,6.802796411162714,1,1,0,0,0
1,12.7,5.214514852729358,1,0,1,1,0
0,13.34003573515013,6.71998808828329,1,0,0,1,0
1,12.411630286097736,7.044184856951133,1,0,0,1,0
1,11.777356876334558,5.237738539442406,1,0,1,1,0
0,11.567211433132467,6.264759984036364,0,1,1,1,0
0,11.969921136297522,6.4060157727404965,0,1,1,1,0
0,12.833661265847184,7.077559156101878,1,0,0,1,0
1,13.191728497681613,6.6,1,1,0,0,0
0,13.65204755639006,6.416894172932229,0,0,1,1,0
0,11.938429226269164,6.956404871044861,0,1,1,0,0
0,13.06169427591846,6.361694275918459,1,0,0,1,0
0,13.100108549217556,6.799963816927482,1,0,0,1,0
0,12.570228687042505,6.976590437652499,1,0,0,1,0
1,12.09823109321421,6.949778886651776,1,0,0,1,0
1,12.390778548260965,7.054610725869519,1,0,0,1,0
1,12.866340517534582,6.934148706163548,1,1,0,0,0
1,12.260852946817309,5.209786763295673,1,0,1,1,0
0,14.34616034898152,6.464106899321013,1,0,1,0,0
0,12.267752449695744,5.596742650912768,1,1,0,1,0
0,11.532679648725852,6.6307185949034135,0,1,1,0,0
1,12.034378692000088,6.933437869200009,1,0,0,1,0
0,14.347260321608776,5.929299821328457,0,0,1,1,0
0,12.597301904140384,6.967566031953205,1,0,0,1,0
0,12.286517047348632,5.540448857954101,1,1,0,1,0
1,12.06045287160214,5.280226435801071,0,1,1,1,0
1,12.617235678025391,5.127588107324869,1,0,1,1,0
0,13.351708130055776,6.344875609832672,0,0,1,1,0
0,13.04039794096193,6.370198970480964,0,0,1,1,0
1,11.674407649599528,6.925592350400471,1,0,0,1,0
1,13.637573374072463,6.387475541975846,1,1,0,0,0
1,14.376458676403225,5.802374382474199,1,0,1,0,0
1,12.028683743419323,6.941085467927416,1,0,0,1,0
0,13.33023910924024,6.746507260506506,1,0,0,1,0
0,13.373134253706464,6.463432873146768,0,0,1,1,0
0,12.553118605151717,5.79530503934367,1,1,0,1,0
1,13.785254576272742,6.338248474575752,1,1,0,0,0
1,12.973113955864772,6.626886044135228,1,1,0,0,0
1,11.514827829999788,7.070344340000428,0,1,1,0,0
1,11.907282332868066,5.2112612005583205,1,1,1,0,0
1,12.904440667754551,6.695559332245448,1,1,0,0,0
0,12.416980384703471,5.636477115487383,1,1,0,1,0
0,11.518898556231504,6.575594224926016,0,1,1,0,0
0,13.379545283101216,6.460227358449392,0,0,1,1,0
1,13.959188933047669,6.3,1,0,0,0,0
0,11.562225480814108,6.748901923256431,0,1,1,0,0
1,11.825846119771676,5.1971282089142585,1,0,1,1,0
1,14.118564713552278,6.262870572895444,1,0,1,0,0
0,12.2,5.9197657831826325,1,1,0,1,0
1,12.418137628582958,7.040931185708521,1,0,0,1,0
1,11.98751790562471,5.278120523593822,1,0,1,1,0
1,14.139900236800994,6.220199526398013,1,0,1,0,0
0,14.312053727083654,6.441369151389103,1,0,1,0,0
0,11.59805428828015,6.892217153120597,0,1,1,0,0
0,13.660461683401012,6.417829075933446,0,0,1,1,0
0,12.238599479913969,5.6842015602581,1,1,0,1,0
0,13.97477624567227,6.585044750865546,1,0,0,1,0
0,13.33645966160954,6.572919323219078,0,0,0,1,0
0,12.946344665584409,6.851218444805198,1,0,0,1,0
0,12.689301798321448,5.791976348741085,1,1,0,1,0
0,12.857873844478872,7.061417437014085,1,0,0,1,0
1,13.30133175098893,6.499556083003689,1,1,0,0,0
0,14.156885748359375,6.337923832239583,1,0,1,0,0
0,11.646122368257736,5.988571711097927,0,1,1,1,0
0,13.257751607972144,6.557751607972143,1,0,0,1,0
0,14.3909470013559,6.493964667570601,1,0,1,0,0
0,12.786899989847615,6.135371422770067,1,1,0,1,0
1,12.02065040562841,6.515219513245907,1,0,0,1,0
0,12.597261354341368,6.9675795485528775,1,0,0,1,0
1,11.783192760438288,6.910399095054786,1,0,0,1,0
0,13.353060242266135,6.606120484532273,0,0,0,1,0
0,14.1941189246294,6.3627459497529335,1,0,1,0,0
1,12.480259998855892,7.009870000572054,1,0,0,1,0
1,12.730697945923078,6.953953081115382,1,1,1,0,0
1,12.41755238096561,5.202708225103415,1,0,1,1,0
1,11.898495447538208,5.391456200895197,1,0,1,1,0
1,11.98307925557097,5.1296113027508,1,1,1,0,0
1,11.675767028969991,5.648465942060016,0,1,1,1,0
1,13.00996618821888,6.596677937260373,1,1,0,0,0
1,12.674171147659214,6.549447431772809,1,1,1,0,0
1,12.026021691187074,5.152043382374148,1,1,1,0,0
1,11.637482837453154,6.962517162546846,1,0,0,1,0
0,13.333842354267016,6.483078822866493,0,0,1,1,0
0,13.397529847497522,6.697529847497521,1,0,0,1,0
1,13.782296937724851,6.347081224910059,1,1,0,0,0
1,12.31596953894002,5.148610698298464,1,1,1,0,0
0,12.2,5.80134066639974,1,1,0,1,0
0,11.653872575590745,6.469225484881852,0,1,1,1,0
1,14.160834939308884,6.17833012138223,1,0,1,0,0
0,13.611090212229144,6.3047798180893055,0,0,1,1,0
0,14.053604047356016,6.092442195913325,0,0,1,1,0
1,12.511920868227689,7.0,1,0,0,1,0
0,11.595129288752329,6.1670474893668565,0,1,1,1,0
0,13.336028310759795,6.481985844620103,0,0,1,1,0
1,11.666644842042896,5.500026189548523,1,1,1,0,0
1,13.609094446499874,6.396968517833375,1,1,0,0,0
0,13.614329116693302,6.302003614262885,0,0,1,1,0
1,14.190552866935722,6.571658600807165,1,0,1,0,0
0,13.331950503371582,6.404148489885256,0,0,1,1,0
1,13.977084553474254,6.377084553474254,1,1,0,0,0
1,12.425194112371972,7.037402943814014,1,0,0,1,0
1,11.747462186494756,5.278806720257867,1,0,1,1,0
1,11.9,5.298355274887777,0,1,1,1,0
0,14.149974319827042,6.038903155651644,0,0,1,1,0
0,12.93868282678458,7.007544782143614,1,0,0,1,0
0,13.413180037749452,6.69736399245011,1,0,0,1,0
1,14.11536079543314,6.269278409133719,1,0,1,0,0
1,14.221770347419485,6.056459305161036,1,0,1,0,0
0,12.260990360346796,5.734057837919215,1,1,0,1,0
1,14.298393164870726,5.903213670258549,1,0,1,0,0
0,13.637788421111573,6.6524423157776855,1,0,0,1,0
1,11.9,5.238486469646217,0,1,1,1,0
1,11.822836914524828,6.989134765809931,0,1,1,0,0
0,13.691014724053316,6.236273093668587,0,0,1,1,0
0,13.719133084354343,6.424348120483817,0,0,1,1,0
1,12.475860223798248,6.996982527974781,1,0,0,1,0
1,12.530684435020117,5.142328891244971,1,0,1,1,0
1,13.900854428908266,6.3,1,0,0,0,0
1,11.622191540037097,6.977808459962905,1,0,0,1,0
1,13.729396392287171,6.368241443085131,1,1,0,0,0
1,14.54329396886763,5.932403446361354,1,1,0,0,0
0,13.192186380731204,6.492186380731203,1,0,0,1,0
0,13.487881672866616,6.375763345733232,0,0,1,1,0
0,13.709022835455926,6.423224759495104,0,0,1,1,0
0,13.41928802258142,6.238576045162838,0,0,1,1,0
1,13.14654288669,6.551152371103333,1,1,0,0,0
1,14.12051065832068,6.263080815022776,1,0,1,0,0
1,11.99533278421297,5.356242623922556,1,0,1,1,0
1,12.865764849836468,6.836940600654131,1,1,1,0,0
1,14.040439044066858,6.3,1,0,0,0,0
1,12.858960963099154,6.76155855535127,1,1,1,0,0
0,13.378204514533987,6.6564090290679765,0,0,0,1,0
1,12.316834337575065,6.977104292196883,1,0,0,1,0
1,11.571736891885775,5.61032888514278,0,1,1,1,0
0,13.391237489151653,6.226287532545042,0,0,1,1,0
1,11.886682232084976,6.962227410694992,1,0,0,1,0
0,12.885167492596194,7.043221671602538,1,0,0,1,0
1,12.7,5.432344789985168,1,0,1,1,0
0,12.2,5.952410835907754,1,1,0,1,0
0,14.393002958097886,6.49533530539859,1,0,1,0,0
1,12.281244615945443,6.972655576993181,1,0,0,1,0
0,14.191107679197982,5.807621989258872,0,0,1,1,0
0,12.881710223318937,7.045526517787375,1,0,0,1,0
0,12.160203038647415,6.995152278985562,0,1,1,1,0
1,12.15412468070406,6.355050383155128,1,0,0,1,0
1,12.44298406728,5.128557325857777,1,0,1,1,0
1,14.424107898939347,5.716605781909175,1,0,1,0,0
1,12.666854394731663,7.0,1,0,0,1,0
1,12.149521052719326,5.16116432747563,1,0,1,1,0
1,12.131922454636737,5.242019386340816,1,0,1,1,0
0,14.355914699327435,6.470609799551624,1,0,1,0,0
0,13.342857988539384,6.478571005730308,0,0,1,1,0
1,12.665500053671884,7.0,1,0,0,1,0
1,12.31695377684137,7.091523111579315,1,0,0,1,0
0,12.552790800395394,6.982403066534869,1,0,0,1,0
0,11.72242251381354,6.455515497237292,0,1,1,1,0
0,13.335908702494212,6.482045648752894,0,0,1,1,0
1,12.94875123645632,6.6512487635436806,1,1,0,0,0
1,11.588987353497242,7.011012646502758,1,0,0,1,0
1,12.819966261218427,7.020134955126292,1,1,1,0,0
0,14.236521983824446,6.532695603235111,1,0,0,1,0
1,14.082901808543731,6.3,1,0,0,0,0
1,14.119155280230723,6.357465840692169,1,0,1,0,0
1,11.9,5.279939574233484,0,1,1,1,0
1,12.686820051564249,6.998682005156425,1,0,0,1,0
1,14.188627338688647,6.140470790360435,1,0,1,0,0
1,14.14566598023284,6.436997940698521,1,0,1,0,0
0,12.256248646649825,5.631254060050531,1,1,0,1,0
1,12.446568856964449,7.026715571517776,1,0,0,1,0
0,14.277287838797571,6.486365315421953,0,0,1,1,0
1,11.837795032821004,5.1958005519087775,1,0,1,1,0
0,13.479989857854456,6.410005071072772,0,0,1,1,0
1,12.587926754679977,7.0,1,0,0,1,0
0,13.383977263888044,6.458011368055978,0,0,1,1,0
0,13.49689711937095,6.3937942387419,0,0,1,1,0
1,12.9,7.012663287758024,1,1,1,0,0
0,13.303134290665117,6.498432854667442,0,0,1,1,0
1,12.217609044255688,5.2607969852481045,1,0,1,1,0
1,11.92600476018623,5.381452814477735,1,0,1,1,0
0,13.372495973568748,6.6449919471374965,0,0,0,1,0
0,13.389075802864918,6.703641399045027,1,0,0,1,0
1,12.7,5.469556352901355,1,0,1,1,0
0,14.116991577027202,6.311327718018134,1,0,1,0,0
0,11.57595601643255,6.8038240657302005,0,1,1,0,0
0,13.302654986865692,6.498672506567154,0,0,1,1,0
1,12.829070362818555,7.02732409295361,1,1,0,0,0
1,12.587880332368266,5.137373222543911,1,0,1,1,0
1,12.538776624663493,5.117913708370723,1,0,1,1,0
0,12.116883706291892,6.986147284381983,0,1,1,0,0
0,13.689480069817886,6.294733294545619,0,0,1,1,0
0,13.43510711993476,6.27021423986952,0,0,1,1,0
0,11.507236742068567,6.528946968274279,0,1,1,0,0
1,13.821739199815308,6.3260869333948975,1,1,0,0,0
0,12.767532353355394,6.045454412247959,1,1,0,1,0
0,11.522916436547373,6.977083563452626,0,1,1,0,0
0,14.347435823971104,6.494159535996789,0,0,1,1,0
1,11.822008009908654,5.222008009908652,1,0,1,1,0
1,14.129355864207746,6.241288271584507,1,0,1,0,0
0,12.122304140259946,6.966728105194958,0,1,1,1,0
0,12.220748036535708,5.975511780785747,1,1,0,1,0
0,13.470498515140443,6.414750742429778,0,0,1,1,0
1,14.031505406939422,6.3,1,0,0,0,0
0,11.595034523105165,6.880138092420657,0,1,1,0,0
1,11.514667538387211,7.070664923225578,0,1,1,0,0
0,13.471126067753437,6.342252135506869,0,0,1,1,0
1,12.407921664489397,5.17301958387765,1,0,1,1,0
1,13.805225934026938,6.331591355324354,1,1,0,0,0
1,12.422550323449862,5.130827741838904,1,0,1,1,0
0,13.213810405804445,6.513810405804445,1,0,0,1,0
1,11.9758774566923,6.991959152230767,1,0,0,1,0
1,12.683604169023612,5.104098957744096,1,0,1,1,0
1,11.873502247787885,5.251797302654541,1,1,1,0,0
1,13.048329545090958,6.6,1,1,0,0,0
1,14.572529399494028,5.915697486003412,1,1,0,0,0
0,13.374294696506732,6.674294696506732,1,0,0,1,0
1,11.959105697333388,5.181788605333226,1,1,1,0,0
0,13.34437121170726,6.366886364878227,0,0,1,1,0
0,11.542027166719766,6.5315203750398245,0,1,1,1,0
1,14.31971696358211,6.060161735095937,1,1,0,0,0
1,12.7,5.264888239641598,1,0,1,1,0
1,11.742626106534194,6.90426261065342,1,0,0,1,0
1,12.237247959600271,5.254250680133242,1,0,1,1,0
1,12.025820320776235,5.174908853247085,1,0,1,1,0
0,11.50598306809417,6.994016931905828,0,1,1,0,0
1,14.11429823520241,6.27426317663566,1,0,1,0,0
1,13.678157241009982,6.373947586330005,1,1,0,0,0
1,11.55621914733049,7.04378085266951,1,0,0,1,0
1,12.893934778049074,6.865163054877318,1,1,0,0,0
1,14.16556507879971,6.565565078799712,1,1,0,0,0
1,12.20285525531112,6.96285690691389,1,0,0,1,0
0,12.07333994510186,7.073339945101861,0,1,1,1,0
0,14.122486470453794,6.555502705909242,1,0,0,1,0
1,14.08133790441418,6.196378340334753,1,1,0,0,0
1,11.519397127321644,7.061205745356716,0,1,1,0,0
1,13.728325187838411,6.357224937387195,1,1,0,0,0
0,13.346761528692555,6.59352305738511,0,0,0,1,0
0,13.31710676602848,6.755262155981014,1,0,0,1,0
1,14.038866862563967,6.3,1,0,0,0,0
1,13.835098812381284,6.321633729206239,1,1,0,0,0
1,14.14979556086987,6.200408878260258,1,0,1,0,0
0,14.158433162051312,5.835628718241731,0,0,1,1,0
0,12.681761800981926,6.939412733006025,1,0,0,1,0
1,14.228769985516053,6.068214026071104,1,0,1,0,0
1,11.9,5.280629516190749,0,1,1,1,0
1,12.972548802495735,6.627451197504263,1,1,0,0,0
0,12.2,5.910538490765748,1,1,0,1,0
1,13.030705925365536,6.589764691544821,1,1,0,0,0
1,14.006237236037224,6.3,1,0,0,0,0
0,12.23266616159646,5.702001515210615,1,1,0,1,0
0,13.485151025005813,6.407424487497094,0,0,1,1,0
0,13.33174928923651,6.404752132290473,0,0,1,1,0
0,13.518652299698646,6.402072477744294,0,0,1,1,0
0,13.831547462964876,6.5,0,0,1,1,0
1,12.55071603520856,5.1542850781059775,1,0,1,1,0
1,11.9304824051821,5.21524120259105,0,1,1,1,0
1,13.248139260927658,6.6,1,1,0,0,0
1,14.002054114143728,6.3,1,0,0,0,0
1,11.571286434008403,5.614456279189917,1,1,1,0,0
0,14.399518131415451,6.500096373716909,1,0,0,1,0
0,13.929906065412997,6.16116329699278,0,0,1,1,0
0,12.80186728831587,6.143924164751926,1,1,0,1,0
1,13.557843935761632,6.41405202141279,1,1,0,0,0
1,11.953439288303926,5.193121423392149,1,1,1,0,0
1,11.90801697880006,6.926002122350008,1,0,0,1,0
0,11.672495113303286,6.629371334977465,0,1,1,1,0
0,12.737854837605555,6.920715054131481,1,0,0,1,0
0,13.378989455049496,6.657978910098996,0,0,0,1,0
1,14.195156842003524,6.585470526010574,1,0,1,0,0
1,14.050913234909368,6.450913234909368,1,1,0,0,0
1,14.456799996202392,5.6577600068356935,1,0,1,0,0
0,13.160917853084689,6.859388097943542,1,0,0,1,0
1,12.933938840923382,6.666061159076618,1,1,0,0,0
1,14.541781402999412,5.933267769714622,1,1,0,0,0
1,14.519088708916025,5.5456403239511545,1,0,1,0,0
0,13.22714215276189,6.527142152761892,1,0,0,1,0
0,11.584901950145476,6.915098049854524,0,1,1,0,0
0,13.793143588567496,6.5,0,0,1,1,0
0,12.650007575458387,6.949997474847204,1,0,0,1,0
0,13.496031755140388,6.401984122429806,0,0,1,1,0
1,14.056947124452323,6.3,1,0,0,0,0
1,13.061717450864617,6.6,1,1,0,0,0
0,11.53103889801317,6.624155592052683,0,1,1,0,0
0,13.674956504481994,6.302801941954448,0,0,1,1,0
0,11.638735154103982,6.90645585901733,0,1,1,0,0
0,12.2,5.970046153593092,1,1,0,1,0
1,12.292082160031256,5.201979459992186,1,0,1,1,0
0,13.377064016994352,6.654128033988704,0,0,0,1,0
0,13.373093104547412,6.5,0,0,1,1,0
1,13.987220268537587,6.387220268537587,1,1,0,0,0
1,12.643575637718676,5.199011636572104,1,1,1,0,0
0,11.555702627784894,6.555702627784894,0,1,1,1,0
1,12.682634956894615,7.0,1,0,0,1,0
0,14.2994122844657,6.488823587162855,0,0,1,1,0
1,13.627844984903732,6.408862006038507,1,1,0,0,0
0,13.690161874379845,6.5,0,0,1,1,0
0,13.315276246254442,6.53055249250888,0,0,0,1,0
0,12.294605971159354,5.532364173043874,1,1,0,1,0
0,12.756233904328282,6.914588698557239,1,0,0,1,0
0,12.871394016261693,6.183653723578109,1,1,0,1,0
0,12.221875870995826,5.734372387012522,1,1,0,1,0
1,11.931028678649575,6.928878584831198,1,0,0,1,0
1,14.139947927710033,6.419843783130098,1,0,1,0,0
0,13.382461261616672,6.664922523233344,0,0,0,1,0
0,12.22985515638774,5.8,1,1,0,1,0
1,11.915650951947304,5.26869809610539,1,1,1,0,0
0,13.340687976183505,6.479656011908249,0,0,1,1,0
1,11.650850541212291,6.949149458787708,1,0,0,1,0
0,13.381200668037032,6.662401336074063,0,0,0,1,0
0,12.2,5.990809461112946,1,1,0,1,0
1,12.95282272026551,6.647177279734489,1,1,0,0,0
0,14.386456571820428,6.502708685635914,1,0,0,1,0
1,12.883349747132698,6.891625632168258,1,1,0,0,0
0,13.35236687869669,6.715877707101104,1,0,0,1,0
1,13.112425662224249,6.6,1,1,0,0,0
1,11.733340530526284,6.903334053052629,1,0,0,1,0
1,11.893006685036584,5.208741643704272,0,1,1,1,0
1,14.22936630856743,6.041267382865143,1,0,1,0,0
1,14.507075424617067,5.567264235689279,1,0,1,0,0
1,14.4403654268734,5.6873422316278806,1,0,1,0,0
0,13.091473503411306,6.391473503411306,1,0,0,1,0
1,14.181502854855667,6.136994290288663,1,0,1,0,0
0,11.55046421577983,6.701856863119318,0,1,1,0,0
0,13.93464684125755,6.158529532634695,0,0,1,1,0
1,14.2958705827349,5.908258834530199,1,0,1,0,0
1,12.806349811597643,6.858200251203141,1,1,0,0,0
0,13.311154873085531,6.46653538074341,0,0,1,1,0
1,11.8417166149747,6.947238871658234,1,0,0,1,0
0,13.57263512526353,6.5,0,0,1,1,0
1,13.956799074404044,6.3,1,0,0,0,0
1,14.230926383050766,6.038147233898467,1,0,1,0,0
1,11.749199246027914,6.840960904766503,1,0,0,1,0
1,12.06067804215767,5.259830489460582,1,0,1,1,0
0,13.662738009352088,6.418082001039121,0,0,1,1,0
0,12.956825947284308,6.847724684238564,1,0,0,1,0
1,12.9,7.082494800838954,1,1,1,0,0
0,11.849064653150528,6.849064653150529,0,1,1,1,0
1,11.731843345219282,5.42178798573686,1,1,1,0,0
0,13.044469730950922,6.818510089683026,1,0,0,1,0
0,13.533480471658097,6.371302452864489,0,0,1,1,0
1,14.15661521960533,6.198092604710407,1,0,1,0,0
0,13.34377618071616,6.587552361432315,0,0,0,1,0
1,13.511463467792582,6.429512177402472,1,1,0,0,0
0,12.605132979169404,6.964955673610199,1,0,0,1,0
1,12.7,5.285785073014568,1,0,1,1,0
0,12.245687537316684,5.825874776099899,1,1,0,1,0
0,13.828102770907751,6.614379445818449,1,0,0,1,0
0,13.312398333584554,6.524796667169106,0,0,0,1,0
0,13.714090664980262,6.216493715731204,0,0,1,1,0
0,13.948773898932764,6.590245220213448,1,0,0,1,0
1,14.16903045523459,6.146268311294519,1,1,0,0,0
1,13.912128286593916,6.3,1,0,0,0,0
1,14.023663060446308,6.3,1,0,0,0,0
1,14.423777602752114,5.7172003150461945,1,0,1,0,0
1,12.105440070158382,7.035146690052794,1,0,0,1,0
0,12.923884759923853,6.311942379961926,0,0,1,1,0
0,13.446955577852616,6.293911155705232,0,0,1,1,0
0,14.165599294314926,6.343732862876617,1,0,1,0,0
1,12.974968342899274,6.625031657100725,1,1,0,0,0
1,12.633578509827728,7.0,1,0,0,1,0
1,12.565107760816064,7.0,1,0,0,1,0
0,12.506492650395105,6.997835783201633,1,0,0,1,0
0,11.851913657206255,6.763935242904692,0,1,1,1,0
0,14.137585337573398,6.325056891715598,1,0,1,0,0
0,11.953940427595128,6.953940427595128,0,1,1,1,0
1,13.910193050576344,6.3,1,0,0,0,0
1,12.933539488356296,6.766151279109259,1,1,0,0,0
0,11.533819512969329,6.635278051877315,0,1,1,0,0
1,11.925926984088404,7.030370793635361,0,1,1,0,0
1,12.478176773504975,5.173941075498341,1,0,1,1,0
0,12.314873804693304,5.511155353519978,1,1,0,1,0
0,13.499899299861289,6.399798599722574,0,0,1,1,0
1,14.16779472958666,6.503384188759984,1,0,1,0,0
1,12.249861487418489,5.263686731847822,1,0,1,1,0
0,12.597638770492752,5.8,1,1,0,1,0
0,12.643096611904491,6.9523011293651695,1,0,0,1,0
1,12.64517889444656,7.0,1,0,0,1,0
1,12.868167140631217,6.775777145825045,1,1,0,0,0
1,13.834205529644636,6.321931490118455,1,1,0,0,0
0,13.851210143257568,6.609757971348487,1,0,0,1,0
0,13.445384067716205,6.427307966141898,0,0,1,1,0
0,13.675589568072844,6.644882086385431,1,0,0,1,0
1,13.18822295553372,6.537259014822093,1,1,0,0,0
0,13.044193798576115,6.344193798576114,1,0,0,1,0
0,13.317584933560395,6.535169867120788,0,0,0,1,0
0,12.96641273625148,6.989058175832347,1,0,0,1,0
1,11.9,5.221488472926644,0,1,1,1,0
1,11.66148421793649,5.677031564127018,0,1,1,1,0
0,13.209045933420128,6.827302711053248,1,0,0,1,0
0,12.017253782299669,7.017253782299669,0,1,1,1,0
1,14.505360958272748,5.954079452415574,1,1,0,0,0
1,14.083145780184422,6.3,1,0,0,0,0
1,12.065662136057355,7.086264854422943,0,1,1,0,0
0,13.403629150137013,6.2072583002740265,0,0,1,1,0
0,13.488497458387917,6.405751270806042,0,0,1,1,0
0,13.008983434337702,6.354491717168851,0,0,1,1,0
0,12.207673650332334,6.053958098005993,1,1,0,1,0
0,11.570239209521256,6.9297607904787455,0,1,1,0,0
0,12.680026496104912,6.9399911679650295,1,0,0,1,0
1,14.20380798791744,6.126395435475748,1,1,0,0,0
1,12.446806910422705,5.128132565508588,1,0,1,1,0
0,13.305031756492316,6.497484121753842,0,0,1,1,0
1,11.54969777870548,7.00060444258904,0,1,1,0,0
0,13.18411431363882,6.8439237909074535,1,0,0,1,0
1,11.958975633840366,6.932371954230046,1,0,0,1,0
0,13.377117001012882,6.461441499493559,0,0,1,1,0
1,12.149426843729346,6.956178355466168,1,0,0,1,0
1,14.028136464763286,6.3,1,0,0,0,0
0,13.76879026227215,6.4298655846969055,0,0,1,1,0
1,12.07661354001004,5.28830677000502,0,1,1,1,0
1,11.894831914770233,6.666201702275719,1,0,0,1,0
0,13.286277783974189,6.493138891987094,0,0,1,1,0
0,13.371674652822806,6.643349305645611,0,0,0,1,0
1,12.23979207795908,5.267348335287607,1,0,1,1,0
0,13.390146922839426,6.680293845678851,0,0,0,1,0
1,13.997551752525546,6.3,1,0,0,0,0
1,13.412408796960976,6.462530401013008,1,1,0,0,0
1,11.70492406301982,6.900615507877478,1,0,0,1,0
1,11.807354865316386,5.437128985696324,1,1,1,0,0
1,12.948809515622104,6.651190484377897,1,1,0,0,0
0,12.556411349706746,5.8,1,1,0,1,0
1,12.861062170743311,6.9473445731417165,1,1,0,0,0
1,12.563115688043178,5.149776113438844,1,0,1,1,0
0,12.627233935343856,5.745425451507892,1,1,0,1,0
0,12.487850513523068,5.8,1,1,0,1,0
1,13.924407540225292,6.3,1,0,0,0,0
1,14.029351680551898,6.226084753970344,1,1,0,0,0
1,14.203632457526943,6.092735084946109,1,0,1,0,0
1,11.95787502358701,5.252625007862337,1,0,1,1,0
0,14.144705404751056,6.041830330693859,0,0,1,1,0
1,12.7,5.617417519680501,1,0,1,1,0
0,13.217743120389333,6.821504586407111,1,0,0,1,0
0,12.2,5.925166694192091,1,1,0,1,0
1,13.620982316234636,6.411607073506146,1,1,0,0,0
0,13.452356955649844,6.3047139112996895,0,0,1,1,0
1,12.010591938702822,5.350693840471701,1,0,1,1,0
1,14.134430354417384,6.534430354417384,1,1,0,0,0
0,12.95075284745923,6.25075284745923,1,0,0,1,0
0,14.018932873356404,6.5,0,0,1,1,0
1,12.736796656502795,6.950937791329605,1,1,0,0,0
1,11.925498652187118,5.1894016173754585,1,1,1,0,0
0,13.368062767398378,6.636125534796754,0,0,0,1,0
1,11.786695561316364,6.9086695561316365,1,0,0,1,0
1,12.274131044782688,5.142174006889644,1,1,1,0,0
1,13.247753763157824,6.6,1,1,0,0,0
1,14.186388074846956,6.144501465275477,1,0,1,0,0
1,12.522859394569,5.119682289492333,1,0,1,1,0
1,12.9,7.094568844632356,1,1,1,0,0
0,14.393700523388205,6.501259895322359,1,0,0,1,0
0,13.331531532685428,6.405405401943717,0,0,1,1,0
1,11.9,5.955346828948545,0,1,1,1,0
1,11.903272343763566,5.201636171881783,0,1,1,1,0
1,12.7,5.376856767674872,1,0,1,1,0
0,14.39441124051932,5.903104866378157,0,0,1,1,0
0,11.936669042930491,6.412666191413901,0,1,1,1,0
1,11.9,5.287438867926346,0,1,1,1,0
1,12.604767496185744,5.110581389312695,1,0,1,1,0
0,13.259420021465768,6.7937199856894885,1,0,0,1,0
0,13.470494092852569,6.685901181429487,1,0,0,1,0
1,14.173262670644702,6.168127192839537,1,0,1,0,0
0,13.144251733426104,6.870498844382597,1,0,0,1,0
0,13.3468651370059,6.717711620998034,1,0,0,1,0
1,14.013654801160472,6.3,1,0,0,0,0
1,14.109716431704364,6.3291492951130985,1,0,1,0,0
0,11.752916606841517,6.925486101140253,0,1,1,0,0
1,12.794867968462915,6.873509375382778,1,1,0,0,0
1,14.153882436044412,6.461647308133239,1,0,1,0,0
1,11.906360851423909,5.203180425711954,0,1,1,1,0
0,12.2,5.812808490896995,1,1,0,1,0
0,13.933189135376136,6.448132126152904,0,0,1,1,0
1,14.22283338002979,6.078899915946376,1,0,1,0,0
1,12.034936780911275,6.933493678091128,1,0,0,1,0
0,13.313177756309898,6.460466731070306,0,0,1,1,0
0,13.477848027963208,6.355696055926418,0,0,1,1,0
0,13.346673641286037,6.646673641286035,1,0,0,1,0
1,12.7,5.27908430663027,1,0,1,1,0
0,13.427933112791264,6.255866225582525,0,0,1,1,0
0,11.618292278616252,6.085977024843113,0,1,1,1,0
1,11.975793333931549,5.148413332136904,1,1,1,0,0
1,11.755106351288108,5.274822747853154,1,0,1,1,0
0,13.077769920885483,6.388884960442742,0,0,1,1,0
0,12.96249101026029,6.331245505130145,0,0,1,1,0
1,13.321563065261934,6.492812311579355,1,1,0,0,0
1,11.705416298342469,6.900541629834248,1,0,0,1,0
1,14.144348977432587,6.211302045134823,1,0,1,0,0
0,14.081762900323772,6.5,0,0,1,1,0
1,14.16175265890297,6.176494682194062,1,0,1,0,0
0,13.916335799056387,6.168702333857564,0,0,1,1,0
1,11.590259909062672,6.919480181874654,0,1,1,0,0
0,13.440949069947754,6.2818981398955085,0,0,1,1,0
1,11.907385506573304,7.022954202629322,0,1,1,0,0
0,11.61340122478598,6.61340122478598,0,1,1,1,0
0,13.35425292404742,6.337241227857745,0,0,1,1,0
0,12.271195897179815,5.840683369817037,1,1,0,1,0
1,14.199611480393107,6.100777039213785,1,0,1,0,0
0,13.932553931335018,6.448061547926113,0,0,1,1,0
0,13.27247793849718,6.486238969248589,0,0,1,1,0
1,12.48155255323391,6.997694069154239,1,0,0,1,0
0,12.997924457578309,6.834025180807231,1,0,0,1,0
0,13.487650389585353,6.375300779170702,0,0,1,1,0
0,13.114105993288566,6.7952980022371445,1,0,0,1,0
0,13.45012847391868,6.4249357630406605,0,0,1,1,0
1,12.155729842176326,6.956966230272041,1,0,0,1,0
0,13.127774063132057,6.413887031566027,0,0,1,1,0
1,12.428611036260971,7.0356944818695135,1,0,0,1,0
1,12.92948670072924,6.776283248176903,1,1,0,0,0
0,13.671069195740948,6.304961557921696,0,0,1,1,0
1,13.377311934353358,6.509075226258657,1,1,0,0,0
1,11.54347696421438,5.627538392976031,1,0,1,1,0
0,13.920209073956316,6.595958185208737,1,0,0,1,0
0,14.101649486250826,6.301099657500551,1,0,1,0,0
1,12.660775039917976,7.0,1,0,0,1,0
0,13.344754021055786,6.3657379368326446,0,0,1,1,0
0,13.930594145800267,6.593881170839946,1,0,0,1,0
0,12.845298542091284,7.069800971939144,1,0,0,1,0
0,13.376523712886776,6.653047425773551,0,0,0,1,0
1,11.93751528982746,5.290621177543135,1,0,1,1,0
0,13.756855153137955,6.628628969372409,1,0,0,1,0
1,14.048608033841688,6.3,1,0,0,0,0
0,13.626031509027223,6.414003501003025,0,0,1,1,0
0,14.106002569551189,6.304001713034126,1,0,1,0,0
1,11.8471157967307,5.367547355721274,1,1,1,0,0
1,12.7,5.5827112945726585,1,0,1,1,0
1,11.686567609977043,5.468520869099256,1,0,1,1,0
0,13.361780262977284,6.469109868511358,0,0,1,1,0
0,13.083265877854153,6.391632938927075,0,0,1,1,0
1,14.11647052512838,6.267058949743236,1,0,1,0,0
0,11.539518839298802,6.539518839298803,0,1,1,1,0
0,11.699601589913495,6.699601589913498,0,1,1,1,0
0,14.18676053906582,6.018466367185655,0,0,1,1,0
0,12.32790668896048,5.532557803787227,1,1,0,1,0
0,11.63913553514266,6.013025627000687,0,1,1,1,0
0,13.748722348800284,6.630255530239943,1,0,0,1,0
1,12.855327738582384,6.79289634855682,1,1,0,0,0
1,12.610980218757318,7.0,1,0,0,1,0
1,14.074595285460571,6.3,1,0,0,0,0
0,11.547026497917845,6.952973502082156,0,1,1,0,0
1,14.14728153190109,6.441844595703271,1,0,1,0,0
1,12.10449424362865,6.940449424362865,1,0,0,1,0
0,11.555403962443734,6.944596037556267,0,1,1,0,0
0,12.791132626393766,6.902955791202078,1,0,0,1,0
1,14.5050881779072,5.570841279767038,1,0,1,0,0
0,14.345189302120229,6.5,0,0,1,1,0
1,13.944577754730396,6.3,1,0,0,0,0
1,13.142959138501578,6.552346953832807,1,1,0,0,0
1,11.98617132063136,5.12765735873728,1,1,1,0,0
1,14.003063267178272,6.3,1,0,0,0,0
1,11.637077864490085,6.962922135509916,1,0,0,1,0
0,13.379275343775795,6.658550687551588,0,0,0,1,0
0,13.244267833659292,6.544267833659294,1,0,0,1,0
1,14.023704875415142,6.3,1,0,0,0,0
1,12.74823125845644,6.598820838970959,1,1,1,0,0
0,11.562890538869258,6.751562155477029,0,1,1,0,0
1,11.9,5.285884571966934,0,1,1,1,0
0,13.39089314962133,6.2273205511360095,0,0,1,1,0
1,12.36361132188044,5.222323155679839,1,0,1,1,0
1,14.24152608367347,6.01694783265306,1,0,1,0,0
0,14.383171284004526,6.488780856003016,1,0,1,0,0
1,12.28641103745666,6.973301379682082,1,0,0,1,0
1,13.124325479409096,6.558558173530301,1,1,0,0,0
0,14.152648928084302,5.840586633070598,0,0,1,1,0
0,12.468918328121251,5.626688746090939,1,1,0,1,0
0,14.3271918550399,5.940448969422279,0,0,1,1,0
0,12.226404526884709,5.815088301076977,1,1,0,1,0
1,12.585685282584077,5.138104905805307,1,0,1,1,0
1,12.261945857116933,5.246018047627689,1,0,1,1,0
1,12.926136402818264,6.673863597181735,1,1,0,0,0
1,14.136257358429985,6.234736754826028,1,0,1,0,0
0,13.94182857863539,6.021289789741093,0,0,1,1,0
1,12.223957169496805,5.219010707625799,1,0,1,1,0
0,12.546296899580817,6.984567700139728,1,0,0,1,0
0,13.093208557723486,6.802263814092171,1,0,0,1,0
0,12.2,5.960581828079963,1,1,0,1,0
1,12.016209320201304,5.132418640402612,1,1,1,0,0
0,11.595409641940094,6.166066253209669,0,1,1,1,0
1,14.405317002494597,5.750429395509729,1,0,1,0,0
1,13.677005353988047,6.37433154867065,1,1,0,0,0
1,12.683211702481218,5.104197074379695,1,0,1,1,0
1,11.630484826111068,6.969515173888931,1,0,0,1,0
1,12.7,5.665555131492416,1,0,1,1,0
0,12.970028881379058,6.270028881379057,1,0,0,1,0
0,14.131877354971476,6.553624529005705,1,0,0,1,0
1,12.402582182684434,6.987822772835554,1,0,0,1,0
1,12.176236607552193,5.290459415435566,1,0,1,1,0
1,14.033102516541833,6.3,1,0,0,0,0
1,11.827972538858695,6.942657512952899,1,0,0,1,0
1,13.55443102445706,6.415189658514313,1,1,0,0,0
1,12.45814523242892,7.02092738378554,1,0,0,1,0
1,12.613294668568551,7.0,1,0,0,1,0
0,11.531966604824182,6.968033395175818,0,1,1,0,0
1,11.947992037850431,6.930999004731304,1,0,0,1,0
1,13.968668442488886,6.3,1,0,0,0,0
0,13.328520139226692,6.557040278453381,0,0,0,1,0
1,12.956663429642184,6.643336570357816,1,1,0,0,0
1,13.157967760370594,6.547344079876468,1,1,0,0,0
0,13.6868064370712,6.64263871258576,1,0,0,1,0
1,12.51226436777864,5.146933908055339,1,0,1,1,0
0,13.309312202460289,6.518624404920573,0,0,0,1,0
1,11.747571687022864,6.959028674809146,0,1,1,0,0
1,11.809594275469331,5.203198091823111,1,0,1,1,0
0,13.395338173440056,6.69067634688011,0,0,0,1,0
0,13.099521344663998,6.399521344663998,1,0,0,1,0
1,12.037531269718649,7.012510423239549,1,0,0,1,0
1,11.654416211621449,5.442639647297588,1,0,1,1,0
0,13.404614013538236,6.447692993230882,0,0,1,1,0
1,11.9,5.615012983107561,0,1,1,1,0
1,11.889967202697,6.923745900337125,1,0,0,1,0
1,11.648159871024747,5.7036802579505,0,1,1,1,0
1,14.09068793877696,6.3,1,0,0,0,0
0,12.292857196784375,5.535714016078126,1,1,0,1,0
1,12.541010186038529,5.157814477804172,1,0,1,1,0
0,14.27953235308375,6.5,0,0,1,1,0
1,12.510145337823802,5.169038058973162,1,0,1,1,0
1,12.760074807038352,6.606716538025569,1,1,1,0,0
0,12.60463111632002,5.728473337240015,1,1,0,1,0
1,12.1764935953337,6.959561699416713,1,0,0,1,0
0,11.54698962229106,6.687958489164243,0,1,1,0,0
0,12.501098640931124,6.999633786356292,1,0,0,1,0
1,11.91820254399305,5.384289984002527,1,0,1,1,0
0,14.257558943965778,6.405039295977185,1,0,1,0,0
0,14.00371561229235,6.5,0,0,1,1,0
0,14.31792440589182,6.445282937261213,1,0,1,0,0
0,14.284490560654309,5.964171910747607,0,0,1,1,0
1,12.951771308048542,6.648228691951458,1,1,0,0,0
0,13.254312217640011,6.748562594119996,1,0,0,1,0
0,13.9791966134077,6.584160677318461,1,0,0,1,0
1,14.468836125869938,5.636094973434113,1,0,1,0,0
1,12.670412396297358,5.203140368661132,1,1,1,0,0
1,12.7,5.584213750685301,1,0,1,1,0
1,13.38957280387278,6.504170878450887,1,1,0,0,0
0,11.94666522772634,6.9466652277263385,0,1,1,1,0
0,13.36511684002038,6.723255439986414,1,0,0,1,0
1,11.928069763480403,5.380701904188944,1,0,1,1,0
0,11.654777190744127,6.909129531790688,0,1,1,0,0
1,12.128288405745122,6.942828840574513,1,0,0,1,0
0,13.756475024818563,6.428497224979841,0,0,1,1,0
1,12.026201469206,5.1524029384119965,1,1,1,0,0
0,13.277308222849452,6.740897259050183,1,0,0,1,0
1,11.621086045975302,6.908434418390121,0,1,1,0,0
0,13.093436061530625,6.396718030765311,0,0,1,1,0
1,11.92791321753466,5.244173564930682,1,1,1,0,0
0,13.422032613203967,6.438983693398017,0,0,1,1,0
0,11.504993599535332,6.995006400464669,0,1,1,0,0
1,12.628618246920231,5.117845438269941,1,0,1,1,0
0,11.583162008730769,6.832648034923066,0,1,1,0,0
1,11.813850028228094,5.198461107974657,1,0,1,1,0
1,12.243495967803844,5.252168010732051,1,0,1,1,0
1,11.890205981572906,6.919020598157291,1,0,0,1,0
1,12.208512885055743,6.963564110631968,1,0,0,1,0
0,11.561907571962193,6.561907571962191,0,1,1,1,0
1,12.046025377029938,5.172663846996674,1,0,1,1,0
0,11.615481752263904,6.47690364954722,0,1,1,1,0
1,12.438436093113951,6.992304511639245,1,0,0,1,0
1,13.264826549105145,6.6,1,1,0,0,0
1,14.151856998116235,6.455570994348707,1,0,1,0,0
1,11.55144531300216,6.997109373995683,0,1,1,0,0
0,13.457830265906392,6.315660531812788,0,0,1,1,0
1,11.538880908532931,7.022238182934136,0,1,1,0,0
1,11.727153859192224,6.909051286397408,1,0,0,1,0
1,12.5565415568169,7.0,1,0,0,1,0
0,14.085270709592722,6.465030078843636,0,0,1,1,0
0,13.372678940744668,6.463660529627666,0,0,1,1,0
0,13.392486431650124,6.453756784174939,0,0,1,1,0
0,14.305492689589787,5.952504061339008,0,0,1,1,0
0,13.346386402926164,6.592772805852324,0,0,0,1,0
0,13.403418151839103,6.448290924080449,0,0,1,1,0
1,12.222894012971215,6.965361751621402,1,0,0,1,0
1,13.927394900194214,6.3,1,0,0,0,0
1,14.247453642724484,6.005092714551031,1,0,1,0,0
0,11.859027173994996,6.859027173994998,0,1,1,1,0
1,14.14824469178954,6.444734075368624,1,0,1,0,0
0,12.920179894117206,6.220179894117206,1,0,0,1,0
1,13.135726903858847,6.6,1,1,0,0,0
1,11.839128400824064,5.2930459190111225,1,1,1,0,0
1,12.06375816711138,5.227516334222761,1,1,1,0,0
1,14.182678988704644,6.151177820331642,1,0,1,0,0
0,12.284499231713076,5.848285275264615,1,1,0,1,0
1,12.434212539733997,7.032893730133002,1,0,0,1,0
1,13.056903701734983,6.6,1,1,0,0,0
1,12.644708504810009,7.0,1,0,0,1,0
1,14.101961622989064,6.501961622989064,1,1,0,0,0
1,12.7,5.332415548790799,1,0,1,1,0
0,14.121657964561289,6.5,0,0,1,1,0
1,14.30047777979713,5.939139996365163,1,0,1,0,0
0,12.2,5.926275951820444,1,1,0,1,0
0,13.415562887980292,6.231125775960581,0,0,1,1,0
1,12.97417769112935,6.625822308870649,1,1,0,0,0
0,13.84988940505695,6.61002211898861,1,0,0,1,0
1,11.631744863359334,5.535318920800833,0,1,1,1,0
1,12.808893813957589,7.077765465106035,1,1,0,0,0
1,12.9,6.768706236046191,1,1,1,0,0
0,11.529809411351197,6.529809411351194,0,1,1,1,0
1,11.82927373772993,5.398770958972624,1,1,1,0,0
1,11.67977359906401,6.92022640093599,1,0,0,1,0
0,11.87546941285374,6.875469412853739,0,1,1,1,0
1,14.0031875448475,6.3,1,0,0,0,0
1,12.17304667577793,5.158550369358007,1,0,1,1,0
1,11.7849580025664,5.2225629961504,1,0,1,1,0
1,12.131668817143275,6.95395860214291,1,0,0,1,0
0,13.44452775059518,6.4277361247024105,0,0,1,1,0
1,12.046490066181788,5.273245033090894,0,1,1,1,0
1,12.7,5.15212957136089,1,0,1,1,0
1,11.9,5.282115145390623,0,1,1,1,0
1,13.960986878787589,6.3,1,0,0,0,0
1,14.150646547043616,6.198706905912768,1,0,1,0,0
0,12.530589575083438,6.989803474972187,1,0,0,1,0
1,14.291109988567609,5.917780022864783,1,0,1,0,0
1,11.77847836593631,5.487662859611454,1,1,1,0,0
1,11.603305859895087,5.793388280209825,0,1,1,1,0
1,12.848301439354646,6.802264747527139,1,1,0,0,0
0,11.568685097586018,6.931314902413981,0,1,1,0,0
1,11.981643055438536,6.993881018479513,1,0,0,1,0
1,12.7,5.573331002132544,1,0,1,1,0
0,13.069226748823509,6.810257750392164,1,0,0,1,0
0,13.21420928107415,6.51420928107415,1,0,0,1,0
1,12.9,6.999530656051492,1,1,1,0,0
0,12.972156316039571,6.272156316039574,1,0,0,1,0
0,14.258344358662235,6.5,0,0,1,1,0
1,12.919782698960468,6.680217301039533,1,1,0,0,0
0,11.75108092416643,6.75108092416643,0,1,1,1,0
0,13.67068781719906,6.25369615668652,0,0,1,1,0
1,11.958051364629666,6.986017121543222,1,0,0,1,0
1,11.551406526617354,5.635741841728307,0,1,1,1,0
0,12.2783573135108,5.5649280594676025,1,1,0,1,0
0,11.826161778585895,6.434767644282821,0,1,1,1,0
1,13.04707235027187,6.584309216576044,1,1,0,0,0
1,11.830249065300444,5.416273067163475,1,0,1,1,0
1,12.033873126040948,5.167746252081898,1,1,1,0,0
1,14.171739648378962,6.515218945136888,1,0,1,0,0
1,11.868649883674532,5.222883294558177,1,0,1,1,0
0,11.518230106105426,6.981769893894574,0,1,1,0,0
1,13.962410079139316,6.362410079139315,1,1,0,0,0
1,12.899550675317109,6.701797298731568,1,1,1,0,0
0,13.807725329110264,6.136235432191202,0,0,1,1,0
0,11.550484269942334,6.323305055201829,0,1,1,1,0
1,12.182561531107336,5.288159443233695,1,0,1,1,0
1,12.9,6.731221583202162,1,1,1,0,0
0,12.217157867250847,5.8,1,1,0,1,0
1,12.07419743239633,5.29139914413211,1,0,1,1,0
0,13.32330991463922,6.546619829278443,0,0,0,1,0
1,12.099669442865554,7.033223147621851,1,0,0,1,0
0,12.31505158966186,5.8,1,1,0,1,0
0,12.650373549684232,6.949875483438589,1,0,0,1,0
0,12.390161062530783,5.567620796898088,1,1,0,1,0
1,13.97955584346273,6.3,1,0,0,0,0
0,12.2,5.805743598708504,1,1,0,1,0
1,12.324062792950718,5.14985581430011,1,1,1,0,0
0,13.36211900452288,6.62423800904576,0,0,0,1,0
0,13.32654731883061,6.553094637661218,0,0,0,1,0
0,13.274844007992463,6.783437328005023,1,0,0,1,0
1,12.216416844848036,5.261194385050654,1,0,1,1,0
0,12.343612205836182,5.5327091543771365,1,1,0,1,0
0,11.55852653584702,6.941473464152979,0,1,1,0,0
1,12.64671743569892,5.117760854767026,1,0,1,1,0
1,12.485644003332744,7.007177998333628,1,0,0,1,0
1,12.505161784935778,5.148709553766055,1,0,1,1,0
1,12.269825619417237,5.1415116337564974,1,1,1,0,0
1,12.7,5.4872059477951725,1,0,1,1,0
0,13.393425392201117,6.68685078440223,0,0,0,1,0
1,11.537607107445243,7.062392892554754,1,0,0,1,0
0,13.367776486226274,6.635552972452548,0,0,0,1,0
1,12.936952642235845,6.663047357764157,1,1,0,0,0
1,11.71840472894354,6.901840472894354,1,0,0,1,0
0,14.340410495052218,6.460273663368146,1,0,1,0,0
1,12.75987554705611,6.910186679415834,1,1,1,0,0
0,13.374653086681892,6.276040739954323,0,0,1,1,0
1,12.544997428903304,5.151667523698898,1,0,1,1,0
0,13.734766341879128,6.633046731624175,1,0,0,1,0
1,12.7,5.616392509990666,1,0,1,1,0
1,13.900206618516576,6.3,1,0,0,0,0
0,13.701546057373848,6.227246236536703,0,0,1,1,0
1,11.798555107061096,5.202167339408359,1,0,1,1,0
1,13.25091389752024,6.51636203415992,1,1,0,0,0
0,12.2,6.04832361398404,1,1,0,1,0
1,12.476151363691532,7.011924318154234,1,0,0,1,0
1,12.761554774317418,6.907667838523872,1,1,1,0,0
1,11.874956774114985,5.400015718503642,1,0,1,1,0
0,14.258132319842122,5.978815377865487,0,0,1,1,0
1,11.980454479042214,5.361652916711922,1,0,1,1,0
0,13.3182019150071,6.536403830014197,0,0,0,1,0
0,12.271529539594804,5.5854113812155886,1,1,0,1,0
0,13.051394533147167,6.351394533147166,1,0,0,1,0
0,13.352893765762886,6.473553117118557,0,0,1,1,0
1,12.424565152607824,7.037717423696088,1,0,0,1,0
0,12.373742350149907,5.586032741841557,1,1,0,1,0
1,12.40195838221128,7.04902080889436,1,0,0,1,0
0,13.618355462834351,6.334246965092027,0,0,1,1,0
0,13.980006575352366,6.583998684929527,1,0,0,1,0
0,11.566740894711948,6.566740894711949,0,1,1,1,0
1,11.799644271551845,6.9099644271551846,1,0,0,1,0
0,13.348958149016385,6.597916298032767,0,0,0,1,0
1,12.9,6.9949074761012335,1,1,1,0,0
0,13.699483129973368,6.422164792219263,0,0,1,1,0
0,13.354103232936248,6.472948383531877,0,0,1,1,0
0,13.363562230779772,6.627124461559544,0,0,0,1,0
0,13.305641931651598,6.762905378898935,1,0,0,1,0
1,11.999876499838514,5.275030875040371,1,0,1,1,0
1,12.917286701694298,6.806783245764255,1,1,0,0,0
1,12.066067425184531,5.232134850369064,1,1,1,0,0
0,14.175460311717414,6.350306874478275,1,0,1,0,0
0,13.33439288830228,6.568785776604559,0,0,0,1,0
0,11.506733039300215,6.476434362449242,0,1,1,1,0
1,13.553577605277445,6.415474131574185,1,1,0,0,0
1,12.188389401191298,5.227902649702175,1,0,1,1,0
1,12.499886052785286,5.166704649071571,1,0,1,1,0
0,11.95795121635811,6.843463412268582,0,1,1,1,0
1,11.70796975178826,6.900996218973533,1,0,0,1,0
1,12.50087274722048,5.172409910101643,1,0,1,1,0
1,13.140054411433086,6.6,1,1,0,0,0
1,13.827505967400462,6.32416467753318,1,1,0,0,0
0,13.33105886904522,6.562117738090436,0,0,0,1,0
0,11.579381442302958,6.817525769211836,0,1,1,0,0
0,13.1416972184824,6.441697218482401,1,0,0,1,0
0,13.428179792454578,6.435910103772711,0,0,1,1,0
0,12.942209725183506,6.242209725183506,1,0,0,1,0
1,14.189887561481006,6.120224877037988,1,0,1,0,0
1,11.634312203016323,5.532109746229596,0,1,1,1,0
0,13.32938760520842,6.558775210416836,0,0,0,1,0
0,12.965782161518804,6.989478558987464,1,0,0,1,0
1,12.085523048733677,6.437372341519588,1,0,0,1,0
0,12.842389685307356,7.071740209795096,1,0,0,1,0
0,13.28206864351449,6.58206864351449,1,0,0,1,0
1,13.900273185175015,6.3,1,0,0,0,0
0,12.353928675737563,5.540446506803174,1,1,0,1,0
1,11.874453726044432,5.224817908681477,1,0,1,1,0
0,13.342188409997474,6.373434770007579,0,0,1,1,0
1,13.127007482520204,6.6,1,1,0,0,0
1,12.777880458774256,6.8961593883009895,1,1,0,0,0
0,11.58870817281664,6.91129182718336,0,1,1,0,0
1,11.570684116798144,6.95863176640371,0,1,1,0,0
1,12.951423915800682,6.664768112265757,1,1,0,0,0
1,14.1509856772645,6.452957031793505,1,0,1,0,0
0,12.903721489027674,7.030852340648217,1,0,0,1,0
1,12.950374145526736,6.649625854473264,1,1,0,0,0
1,12.949658302804806,6.725854242987984,1,1,0,0,0
1,14.595144601702152,5.902774513313056,1,1,0,0,0
0,13.33060236728969,6.746265088473541,1,0,0,1,0
0,11.52617274253335,6.973827257466652,0,1,1,0,0
0,13.479508088767178,6.3590161775343566,0,0,1,1,0
1,13.976418791228005,6.256332119298285,1,1,0,0,0
1,12.885599461717328,6.752534051043565,1,1,0,0,0
1,12.9,7.068550395811258,1,1,1,0,0
1,14.215753907584867,6.091642966347235,1,0,1,0,0
1,12.7,5.264877777901682,1,0,1,1,0
0,12.153344392235107,6.992224065372518,0,1,1,0,0
1,14.218439433325058,6.063121133349885,1,0,1,0,0
1,13.300382007478408,6.499872664173864,1,1,0,0,0
0,12.898021039689686,6.867326320103438,1,0,0,1,0
1,12.934612512691556,6.665387487308445,1,1,0,0,0
1,13.22073623009457,6.6,1,1,0,0,0
1,14.435559144065769,5.695993540681616,1,0,1,0,0
0,12.542743494296436,5.8,1,1,0,1,0
1,11.720769724851372,5.318845412722942,1,0,1,1,0
0,13.388246114784776,6.235261655645675,0,0,1,1,0
1,12.971899745316058,6.628100254683942,1,1,0,0,0
0,13.47105589029698,6.414472054851511,0,0,1,1,0
1,11.82565883629234,5.22565883629234,1,0,1,1,0
1,12.233629986103566,7.077876662034521,1,0,0,1,0
0,13.287148464764943,6.587148464764946,1,0,0,1,0
0,12.984607352914011,6.284607352914014,1,0,0,1,0
0,11.544777285321484,6.679109141285932,0,1,1,0,0
0,13.543958628527191,6.362321175548121,0,0,1,1,0
1,12.889859159856965,6.740563360572147,1,1,1,0,0
1,11.873040675235895,6.91730406752359,1,0,0,1,0
1,12.041288367167256,5.173190181425861,1,0,1,1,0
1,12.074693593666945,5.169478489592562,1,0,1,1,0
1,11.661906967108097,6.938093032891903,1,0,0,1,0
0,13.310198025878654,6.520396051757304,0,0,0,1,0
1,12.545161088695185,5.156305058656297,1,0,1,1,0
0,14.322137666156705,5.943256852135165,0,0,1,1,0
1,11.701351819441834,6.90016897743023,1,0,0,1,0
0,13.182684179192396,6.482684179192396,1,0,0,1,0
1,13.122419693593626,6.559193435468791,1,1,0,0,0
1,11.701816284488972,6.900181628448897,1,0,0,1,0
1,12.101929948617927,5.31748001868439,1,0,1,1,0
0,13.584798011489742,6.327315990151651,0,0,1,1,0
0,13.689511432158938,6.237561629578053,0,0,1,1,0
1,12.871830275443145,6.920424311392138,1,1,0,0,0
1,12.95058848029879,6.649411519701209,1,1,0,0,0
1,14.112259390390282,6.512259390390281,1,1,0,0,0
0,13.38910914666054,6.678218293321081,0,0,0,1,0
1,13.472748398603704,6.470900640558519,1,1,0,0,0
0,12.2,5.995074130109086,1,1,0,1,0
0,13.733678521012283,6.633264295797543,1,0,0,1,0
1,11.531886224750558,7.036227550498886,0,1,1,0,0
0,12.779234985187738,6.906921671604088,1,0,0,1,0
1,14.139918268544928,6.220163462910146,1,0,1,0,0
0,13.062581145791905,6.812472951402699,1,0,0,1,0
0,14.24842926081309,6.48315880675701,0,0,1,1,0
0,13.347976319112826,6.356071042661526,0,0,1,1,0
1,12.364463120085231,5.156071249243881,1,1,1,0,0
0,12.333904552115095,5.539555310800943,1,1,0,1,0
0,13.48794106927684,6.375882138553682,0,0,1,1,0
0,11.689586029966868,5.836448895115963,0,1,1,1,0
1,13.95659933768858,6.3,1,0,0,0,0
1,13.90261472392109,6.3,1,0,0,0,0
0,14.06457614872976,5.916077586803063,0,0,1,1,0
1,11.887572796473476,5.215534004408156,0,1,1,1,0
0,12.24017819081686,5.679465427549423,1,1,0,1,0
1,11.978417836210046,5.143164327579907,1,1,1,0,0
0,14.08073387922861,5.9022281035183335,0,0,1,1,0
1,12.947301860829723,6.68107925566811,1,1,0,0,0
1,12.814916887679027,6.846777483094629,1,1,0,0,0
0,13.701717871855235,6.639656425628953,1,0,0,1,0
1,12.361509002609182,7.069245498695409,1,0,0,1,0
0,12.242270977636336,5.673187067090994,1,1,0,1,0
1,13.966449443602896,6.366449443602896,1,1,0,0,0
1,12.23612658625777,5.25462447124741,1,0,1,1,0
0,14.211458719641,6.374305813094001,1,0,1,0,0
1,12.7,5.221205852522456,1,0,1,1,0
1,12.096037497968874,5.298018748984437,0,1,1,1,0
1,11.591689171882727,7.008310828117272,1,0,0,1,0
0,13.411134581788025,6.444432709105988,0,0,1,1,0
1,14.35495471392122,5.841081514941804,1,0,1,0,0
1,12.991517035979404,6.608482964020597,1,1,0,0,0
0,13.449005489104778,6.298010978209556,0,0,1,1,0
0,13.207251107589933,6.453625553794965,0,0,1,1,0
1,11.898188632255051,6.96606287741835,1,0,0,1,0
1,14.167843894572709,6.503531683718131,1,0,1,0,0
0,14.08779326141456,6.562441347717089,1,0,0,1,0
0,12.251976346143772,5.8,1,1,0,1,0
0,11.518403472221015,6.435587847226437,0,1,1,1,0
0,13.988565379755077,5.981229674495649,0,0,1,1,0
1,11.93209841077898,5.291975397305254,1,0,1,1,0
0,11.68945868825599,5.836894591104032,0,1,1,1,0
0,13.042111324166958,6.342111324166959,1,0,0,1,0
1,12.7,5.375632686662425,1,0,1,1,0
1,13.116128594368549,6.6,1,1,0,0,0
0,14.379464449705512,6.504107110058897,1,0,0,1,0
0,13.350712374586228,6.601424749172452,0,0,0,1,0
1,12.955468933248936,6.659374755668086,1,1,0,0,0
0,14.266744132934516,6.411162755289678,1,0,1,0,0
1,12.124034817852252,5.16399613134975,1,0,1,1,0
0,12.843829804382246,6.885390065205918,1,0,0,1,0
0,14.218752331637388,6.379168221091592,1,0,1,0,0
1,12.05950482978706,5.27975241489353,0,1,1,1,0
1,12.88291722778944,6.756110362947413,1,1,0,0,0
0,14.297835858373338,6.431890572248891,1,0,1,0,0
0,11.697634579845657,6.697634579845656,0,1,1,1,0
0,13.32558345385111,6.551166907702219,0,0,0,1,0
1,12.7,5.528092898662425,1,0,1,1,0
1,14.111088060288932,6.277823879422137,1,0,1,0,0
1,14.471014633379482,5.632173659916931,1,0,1,0,0
1,12.594899796149088,5.138218255945786,1,0,1,1,0
1,12.894113219882168,6.741182373490442,1,1,0,0,0
0,13.230772383294632,6.465386191647316,0,0,1,1,0
1,11.601379366299144,5.797586108976498,1,1,1,0,0
0,11.575317885096108,6.575317885096108,0,1,1,1,0
0,11.675493912331202,5.885771306840789,0,1,1,1,0
0,13.460681646536816,6.321363293073632,0,0,1,1,0
1,12.645461379267548,7.0,1,0,0,1,0
0,13.373917699871445,6.278246900385672,0,0,1,1,0
0,13.47431901994469,6.34863803988938,0,0,1,1,0
1,12.578779125528513,5.113468986052387,1,0,1,1,0
1,14.464008812550455,5.6447841374091805,1,0,1,0,0
1,13.927110024125298,6.3,1,0,0,0,0
1,13.923458630833013,6.3,1,0,0,0,0
1,12.34544760058732,6.9645447600587325,1,0,0,1,0
0,12.2,5.888918188371282,1,1,0,1,0
0,12.97249494722068,6.985003368519547,1,0,0,1,0
1,12.70945837894954,6.5729722526330265,1,1,1,0,0
1,12.7,5.294456126095746,1,0,1,1,0
1,11.685432064490517,5.468933794730721,1,0,1,1,0
0,13.57216765991205,6.5,0,0,1,1,0
0,13.47400290338683,6.348005806773663,0,0,1,1,0
1,12.7,5.146246735669914,1,0,1,1,0
0,14.155587757383284,5.8380676365286135,0,0,1,1,0
0,13.34165338974752,6.375039830757444,0,0,1,1,0
1,12.214335096275668,5.221416225931083,1,0,1,1,0
1,12.893363710572956,6.86659072356761,1,1,0,0,0
0,13.221559224409418,6.818960517060388,1,0,0,1,0
1,12.77649986594229,6.898000178743613,1,1,0,0,0
1,12.984029450018136,6.615970549981864,1,1,0,0,0
0,13.058506558029258,6.379253279014629,0,0,1,1,0
0,13.739456873325343,6.5,0,0,1,1,0
0,13.31295216626894,6.525904332537876,0,0,0,1,0
1,12.7,5.230573653243559,1,0,1,1,0
0,14.069328818831064,6.083706211760521,0,0,1,1,0
0,14.29995014672366,6.520009970655268,1,0,0,1,0
1,12.07848941826957,7.091395767307828,0,1,1,0,0
1,12.20929633221357,6.963662041526697,1,0,0,1,0
1,14.24946821214392,6.001063575712164,1,0,1,0,0
0,13.415751909231206,6.442124045384397,0,0,1,1,0
0,12.992941015365435,6.835686328211522,1,0,0,1,0
1,14.008901958343383,6.3,1,0,0,0,0
1,14.112613822526654,6.274772354946692,1,0,1,0,0
1,12.05446372202416,5.208927444048322,1,1,1,0,0
1,12.967565387729476,6.681086530676312,1,1,0,0,0
0,13.564853457695884,6.407205939743988,0,0,1,1,0
0,13.459334808411535,6.3186696168230725,0,0,1,1,0
0,12.342327349327537,5.8,1,1,0,1,0
1,14.253355076997588,6.0239608614043405,1,0,1,0,0
0,14.322126205662576,6.448084137108384,1,0,1,0,0
0,13.377153995490088,6.654307990980172,0,0,0,1,0
1,12.029022938189105,7.0096743127297,1,0,0,1,0
0,13.174567859216168,6.850288093855887,1,0,0,1,0
0,12.76079095770706,6.120451975832605,1,1,0,1,0
1,13.201181261971165,6.532939579342946,1,1,0,0,0
1,14.559040864255984,5.473726444339228,1,0,1,0,0
1,12.7,5.525730269607784,1,0,1,1,0
1,12.526114282365278,5.15796190587824,1,0,1,1,0
0,13.697594456828758,6.5,0,0,1,1,0
0,13.85898450693467,6.608203098613067,1,0,0,1,0
1,13.946109845126507,6.346109845126508,1,1,0,0,0
1,13.54113841865691,6.419620527114363,1,1,0,0,0
1,14.058586030651885,6.3,1,0,0,0,0
1,11.685769348088415,5.649903640845273,1,1,1,0,0
1,12.781090739176282,6.620727159450855,1,1,1,0,0
0,11.58965507612892,6.858620304515681,0,1,1,0,0
1,12.153077468707885,6.945307746870789,1,0,0,1,0
1,12.7,5.571877347188014,1,0,1,1,0
1,13.320568177280071,6.531772729087972,1,1,0,0,0
1,11.87322330068563,7.009289320274252,0,1,1,0,0
0,13.608397480216173,6.658320503956766,1,0,0,1,0
1,14.06718421723743,6.3,1,0,0,0,0
1,11.9,5.264057177067006,0,1,1,1,0
1,11.773403725817763,6.924467908605921,1,0,0,1,0
1,12.811924338525674,7.052302645897305,1,1,1,0,0
1,11.571044147369966,5.611194815787543,0,1,1,1,0
1,12.401386048741132,6.970138604874114,1,0,0,1,0
0,12.221321994811223,5.893390025943881,1,1,0,1,0
1,11.742129563681347,6.905266195460169,1,0,0,1,0
1,12.378289103832865,7.060855448083568,1,0,0,1,0
0,13.413827674741288,6.443086162629356,0,0,1,1,0
0,11.66163223051372,5.934287193201977,0,1,1,1,0
0,13.05772827364094,6.37886413682047,0,0,1,1,0
1,11.687819158652715,5.368271262020927,1,0,1,1,0
1,12.7,5.569052027343489,1,0,1,1,0
1,14.259715825702532,5.980568348594936,1,0,1,0,0
1,12.94910472124281,6.650895278757191,1,1,0,0,0
1,12.524664573954338,5.119481714005073,1,0,1,1,0
0,11.66672217447358,5.916472389342463,0,1,1,1,0
0,14.217751247239905,6.536449750552019,1,0,0,1,0
0,14.251447417479143,6.400964944986097,1,0,1,0,0
1,13.859989047015985,6.313336984328005,1,1,0,0,0
1,11.851732041644157,5.408461075765761,1,0,1,1,0
0,13.089062719509,6.389062719509,1,0,0,1,0
1,11.643223956402425,5.435164065396364,1,0,1,1,0
0,14.157355770705053,6.548528845858989,1,0,0,1,0
0,13.462563625066773,6.418718187466615,0,0,1,1,0
0,13.32563025699715,6.551260513994298,0,0,0,1,0
1,14.22696984108117,6.046060317837663,1,0,1,0,0
0,11.548071673541546,6.692286694166188,0,1,1,0,0
0,13.987706602849068,6.582458679430187,1,0,0,1,0
1,12.938868218349326,6.661131781650674,1,1,0,0,0
1,11.863778321916293,6.954592773972098,1,0,0,1,0
0,14.271315844465311,6.414210562976876,1,0,1,0,0
1,12.33678333220744,5.22107222259752,1,0,1,1,0
0,12.2,5.820076830194106,1,1,0,1,0
0,12.477284320215952,5.632963240161964,1,1,0,1,0
0,14.156592859434513,6.035226189203049,0,0,1,1,0
1,14.048145263486518,6.3,1,0,0,0,0
1,11.933933879370995,7.033573551748398,0,1,1,0,0
1,13.132642338957256,6.6069430644170986,1,1,0,0,0
0,13.384424685940806,6.668849371881612,0,0,0,1,0
1,12.06647196566523,6.460233641201723,1,0,0,1,0
0,12.97767852263623,6.981547651575847,1,0,0,1,0
1,12.35967242919695,7.070163785401525,1,0,0,1,0
1,12.113173661266831,6.951646707658354,1,0,0,1,0
1,12.11935417161236,5.164516203154182,1,0,1,1,0
1,12.367369787583316,5.156518428858972,1,1,1,0,0
1,12.096046586977078,7.032015528992359,1,0,0,1,0
1,14.087723610906629,6.3,1,0,0,0,0
1,12.822303747942414,7.044240630143968,1,1,0,0,0
0,13.762227737996843,6.175233367431277,0,0,1,1,0
0,12.525381168305117,6.991539610564962,1,0,0,1,0
1,14.15752907947414,6.472587238422424,1,0,1,0,0
1,11.892956875252278,5.189671458305303,1,0,1,1,0
1,12.940565783488362,6.659434216511639,1,1,0,0,0
1,14.56129645660807,5.922116310509676,1,1,0,0,0
0,14.351672776418058,5.926848457545524,0,0,1,1,0
0,13.414417048130844,6.22883409626169,0,0,1,1,0
1,12.908899117332748,6.827752206668129,1,1,0,0,0
0,11.568539990405863,6.931460009594136,0,1,1,0,0
1,11.9,5.211383065740747,0,1,1,1,0
1,14.09720722640904,6.3,1,0,0,0,0
0,14.163523939076148,6.342349292717432,1,0,1,0,0
1,14.17304814184523,6.519144425535694,1,0,1,0,0
0,12.599351875415918,6.966882708194694,1,0,0,1,0
1,14.143419316317242,6.430257948951725,1,0,1,0,0
1,11.869404874800187,6.921175609350024,1,0,0,1,0
1,14.294599390073532,6.074514634243696,1,1,0,0,0
0,11.719984051303689,6.719984051303687,0,1,1,1,0
1,11.845536947853663,5.245536947853664,1,0,1,1,0
0,11.54607975122604,6.95392024877396,0,1,1,0,0
0,13.455772761796243,6.422113619101878,0,0,1,1,0
1,12.922519906734852,6.677480093265149,1,1,0,0,0
1,12.587139728109854,7.0,1,0,0,1,0
1,11.837583601131923,5.237583601131924,1,0,1,1,0
0,13.37271285492648,6.645425709852958,0,0,0,1,0
0,14.153126943379338,6.472569660375482,0,0,1,1,0
1,11.51878303558226,7.08121696441774,1,0,0,1,0
0,13.319697213962325,6.490151393018838,0,0,1,1,0
0,13.884921298549898,6.186154834138946,0,0,1,1,0
0,13.37997833346868,6.260064999593955,0,0,1,1,0
0,12.016098803697105,6.969349800616184,0,1,1,0,0
1,12.049769468959182,5.199538937918365,1,1,1,0,0
0,13.966752915112805,6.58664941697744,1,0,0,1,0
0,13.273210424619894,6.784526383586738,1,0,0,1,0
1,14.231468350235753,6.0370632995285,1,0,1,0,0
1,12.783958013415036,6.888055982113286,1,1,0,0,0
1,13.202686694598793,6.6,1,1,0,0,0
0,13.231776206503504,6.531776206503505,1,0,0,1,0
0,12.902041292561307,6.202041292561308,1,0,0,1,0
1,14.00347603669069,6.3,1,0,0,0,0
1,11.731105729997658,5.3148237833372365,1,0,1,1,0
1,11.984239293203364,5.360276620653322,1,0,1,1,0
0,13.394774365181682,6.701741878272773,1,0,0,1,0
1,14.137944757320623,6.224110485358748,1,0,1,0,0
1,11.649439068253866,6.950560931746135,1,0,0,1,0
1,11.54995994075266,7.000080118494682,0,1,1,0,0
1,11.945533660109886,5.222766830054943,0,1,1,1,0
0,13.22779196987216,6.527791969872162,1,0,0,1,0
1,11.546526090511078,7.006947818977843,0,1,1,0,0
0,13.319373021144312,6.538746042288623,0,0,0,1,0
1,12.836710680908524,7.008223297728692,1,1,0,0,0
0,13.514763015102336,6.391798324943147,0,0,1,1,0
1,12.055100641781015,7.082040256712407,0,1,1,0,0
0,13.126677942164966,6.413338971082482,0,0,1,1,0
1,12.10356922382442,5.298810258725194,1,0,1,1,0
0,12.230153252559813,5.709540242320561,1,1,0,1,0
0,12.451391637518697,5.676623577105145,1,1,0,1,0
0,12.300156342338791,5.500117256754095,1,1,0,1,0
1,12.534219604725054,5.155260131758315,1,0,1,1,0
1,11.848388695544177,6.721933565346991,1,0,0,1,0
0,12.702466316111126,6.932511227962959,1,0,0,1,0
0,11.527160626190494,6.9728393738095065,0,1,1,0,0
0,13.34371290560844,6.3688612831746845,0,0,1,1,0
1,12.157999553984826,7.0526665179949415,1,0,0,1,0
1,11.9,5.222357260357686,0,1,1,1,0
1,11.90735322059768,5.211176135282784,1,1,1,0,0
1,12.89328621753248,6.866784456168799,1,1,0,0,0
1,12.87008417974062,6.924789550648455,1,1,0,0,0
1,14.25798298709036,6.015630623237353,1,0,1,0,0
1,12.179880449174853,5.289134382118236,1,0,1,1,0
1,12.646173450107876,7.0,1,0,0,1,0
1,13.518809197039754,6.452476321184099,1,1,0,0,0
0,12.985373452438193,6.285373452438192,1,0,0,1,0
1,13.038230289829606,6.644707884068158,1,1,0,0,0
1,12.67208055306462,5.1031021607705975,1,0,1,1,0
0,13.579132979756215,6.332171731637529,0,0,1,1,0
1,12.574066815600222,7.0,1,0,0,1,0
1,12.671672220478472,7.0,1,0,0,1,0
1,13.079941972928667,6.6,1,1,0,0,0
1,12.348259300055826,7.075870349972087,1,0,0,1,0
0,13.44004580189582,6.42997709905209,0,0,1,1,0
0,13.684948006477404,6.42054977849749,0,0,1,1,0
1,12.99380444308182,6.608260742557571,1,1,0,0,0
1,12.631598137718283,7.0,1,0,0,1,0
1,12.499248879933994,5.173000407296729,1,0,1,1,0
1,11.61753398032563,5.504110032790617,1,0,1,1,0
0,13.306679606305536,6.5133592126110695,0,0,0,1,0
1,14.235850072894705,6.028299854210595,1,0,1,0,0
1,14.077607444958316,6.477607444958316,1,1,0,0,0
1,12.841847726983508,6.932609092065971,1,1,1,0,0
0,11.968612195081668,6.8514591463112495,0,1,1,1,0
0,12.942845970966111,7.004769352689259,1,0,0,1,0
1,12.815162174796198,7.062094563009508,1,1,0,0,0
0,13.43978487909281,6.279569758185622,0,0,1,1,0
0,11.66201731521904,6.910336219203174,0,1,1,0,0
1,13.937497576094382,6.3,1,0,0,0,0
0,13.087060083500678,6.387060083500677,1,0,0,1,0
1,12.650940090708618,6.995094009070862,1,0,0,1,0
0,13.434039201107243,6.268078402214485,0,0,1,1,0
1,12.576813296036049,5.188740507082469,1,1,1,0,0
0,11.874364251068016,6.780773188301011,0,1,1,1,0
0,12.72755506396914,6.924148312010287,1,0,0,1,0
1,13.605527975723197,6.398157341425601,1,1,0,0,0
1,12.017708003719516,6.931770800371952,1,0,0,1,0
1,11.991089944921884,6.550692066093738,1,0,0,1,0
0,14.233949255946314,6.5332101488107375,1,0,0,1,0
1,12.7,5.619938362331768,1,0,1,1,0
0,11.566431709425874,6.933568290574126,0,1,1,0,0
0,12.202140571013402,5.8,1,1,0,1,0
0,12.21954474445417,5.8,1,1,0,1,0
1,12.431887763858724,6.973188776385872,1,0,0,1,0
0,13.325564872238749,6.487217563880626,0,0,1,1,0
1,12.965436739772764,6.686408150568095,1,1,0,0,0
1,12.57185094994407,7.0,1,0,0,1,0
0,13.427014030810774,6.254028061621549,0,0,1,1,0
1,12.958165372234216,6.6418346277657845,1,1,0,0,0
0,11.561267091087922,6.561267091087922,0,1,1,1,0
1,14.183792384905663,6.132415230188671,1,0,1,0,0
1,12.774407806689018,6.90078959108131,1,1,0,0,0
0,12.957384435901018,6.995077042732656,1,0,0,1,0
1,13.765418277919446,6.344860574026851,1,1,0,0,0
1,11.957288391530184,5.185423216939635,1,1,1,0,0
0,13.899384359322497,6.057670549152145,0,0,1,1,0
0,12.2,5.836928917789986,1,1,0,1,0
0,13.31221492078906,6.46335523763282,0,0,1,1,0
1,14.130144781207129,6.239710437585742,1,0,1,0,0
0,11.689878654291205,5.8354247099807806,0,1,1,1,0
1,12.457155684565503,6.97571556845655,1,0,0,1,0
0,13.18478099674426,6.48478099674426,1,0,0,1,0
1,12.691542889742117,7.0,1,0,0,1,0
1,14.572156843340304,5.450117681987454,1,0,1,0,0
0,14.234319702971913,6.5,0,0,1,1,0
0,13.384531674818804,6.24640497554359,0,0,1,1,0
1,12.041930846257172,5.173118794860314,1,0,1,1,0
0,13.36844384454402,6.636887689088043,0,0,0,1,0
0,13.35604418107842,6.612088362156836,0,0,0,1,0
1,14.131383639865255,6.394150919595774,1,0,1,0,0
1,12.603818206220462,5.110686865975504,1,0,1,1,0
0,13.393009757457415,6.693009757457417,1,0,0,1,0
0,12.886838268211497,6.871053910596169,1,0,0,1,0
1,12.800757673349292,7.096969306602835,1,1,1,0,0
1,11.529991358743574,7.040017282512853,0,1,1,0,0
1,13.97448095331248,6.3,1,0,0,0,0
1,12.335900786678192,6.96359007866782,1,0,0,1,0
1,14.198440200342668,6.103119599314662,1,0,1,0,0
1,12.354638058942172,6.9818297573677714,1,0,0,1,0
1,12.057914989646475,5.278957494823238,0,1,1,1,0
0,13.394496135587548,6.452751932206227,0,0,1,1,0
1,11.9,5.60313745419314,0,1,1,1,0
1,12.575939996494425,5.141353334501858,1,0,1,1,0
1,14.188017911142763,6.123964177714468,1,0,1,0,0
1,14.16950077664565,6.1609984467087004,1,0,1,0,0
1,12.433112512831473,7.0334437435842645,1,0,0,1,0
0,14.217610530917243,6.536477893816551,1,0,0,1,0
0,13.935075695816703,6.4483417439796336,0,0,1,1,0
1,11.9,5.2248784543801365,0,1,1,1,0
0,12.231114519035144,5.706656442894561,1,1,0,1,0
1,14.359633584068458,5.832659548676774,1,0,1,0,0
1,11.87089411055228,5.258211778895441,0,1,1,1,0
0,13.36822704718544,6.465886476407281,0,0,1,1,0
1,14.178771275881136,6.536313827643408,1,0,1,0,0
1,14.225113575581396,6.04977284883721,1,0,1,0,0
0,13.620617366171183,6.413401929574576,0,0,1,1,0
1,14.2728399839004,5.954320032199204,1,0,1,0,0
0,13.793470744163391,6.621305851167322,1,0,0,1,0
1,13.27757846139609,6.6,1,1,0,0,0
1,11.67995127185311,5.475060910183612,0,1,1,1,0
1,12.49943204220686,5.150141989448285,1,0,1,1,0
1,11.9,5.202578694328559,0,1,1,1,0
0,11.720200971963132,6.920033495327189,0,1,1,0,0
1,12.598724182468503,7.0,1,0,0,1,0
0,14.252034273025956,6.401356182017303,1,0,1,0,0
0,12.888629559165542,7.040913627222972,1,0,0,1,0
1,11.553370407385508,6.993259185228984,0,1,1,0,0
0,13.501383296421732,6.5,0,0,1,1,0
0,13.437108511538296,6.692578297692341,1,0,0,1,0
1,13.978188324577856,6.3,1,0,0,0,0
0,11.51540690108555,6.4460758462005785,0,1,1,1,0
1,12.516434662924178,7.0,1,0,0,1,0
1,14.016225632155288,6.3,1,0,0,0,0
1,12.318846902292533,6.961884690229254,1,0,0,1,0
0,14.133121905542076,6.5,0,0,1,1,0
0,12.2,5.983032710287921,1,1,0,1,0
0,13.889354565127444,6.066267515605048,0,0,1,1,0
1,12.676531934211544,5.108533842104893,1,0,1,1,0
1,13.026479210322089,6.591173596559304,1,1,0,0,0
1,12.251893724007706,6.968986715500964,1,0,0,1,0
0,13.373813793682142,6.647627587364285,0,0,0,1,0
1,11.894508149732916,5.2945081497329145,1,0,1,1,0
0,13.435582955978855,6.2711659119577154,0,0,1,1,0
0,13.382370170315063,6.458814914842469,0,0,1,1,0
1,14.10825532862322,6.324765985869662,1,0,1,0,0
1,11.839000966401256,6.917375120800157,1,0,0,1,0
1,14.159375264018015,6.4781257920540485,1,0,1,0,0
0,11.56560123226388,6.486879753547224,0,1,1,1,0
0,12.946603248849234,7.002264500767177,1,0,0,1,0
0,12.214220081572591,6.014679510564447,1,1,0,1,0
1,12.175560904942532,7.05852030164751,1,0,0,1,0
0,13.398794930655097,6.450602534672452,0,0,1,1,0
0,12.984813740229852,6.838395419923383,1,0,0,1,0
1,12.392280191236738,6.986535023904592,1,0,0,1,0
1,12.57781708155166,7.0,1,0,0,1,0
1,11.59161750379112,5.590058995450655,1,1,1,0,0
0,11.65465048689286,5.958723295874987,0,1,1,1,0
0,11.912747833977486,6.952124638996247,0,1,1,0,0
1,13.447700408423902,6.450766530525366,1,1,0,0,0
1,11.76107631674036,6.920358772246788,1,0,0,1,0
0,13.276635947233142,6.488317973616571,0,0,1,1,0
1,12.7,5.378378569495394,1,0,1,1,0
1,12.843648791588372,6.925404833646509,1,1,1,0,0
1,12.466630690881267,7.0166846545593655,1,0,0,1,0
0,13.136866668422662,6.418433334211331,0,0,1,1,0
1,12.97505805162326,6.633255931168987,1,1,0,0,0
1,12.36796417927266,7.066017910363669,1,0,0,1,0
1,11.820060207835033,6.915007525979379,1,0,0,1,0
0,13.03650766387764,6.942328224081575,1,0,0,1,0
0,14.247014947478224,6.398009964985483,1,0,1,0,0
1,13.88643790439553,6.305424838241788,1,1,0,0,0
0,12.493610216790232,5.725878586255269,1,1,0,1,0
0,12.625023505534465,5.743767629150849,1,1,0,1,0
1,12.67397998437215,5.108673338542617,1,0,1,1,0
0,13.399239974454682,6.450380012772659,0,0,1,1,0
1,11.615127117685311,5.477309323472029,1,0,1,1,0
1,13.044314007591582,5.260663693475628,1,1,1,0,0
0,13.347571720440822,6.357284838677538,0,0,1,1,0
0,12.949775006913164,6.249775006913164,1,0,0,1,0
0,12.984422172721994,6.284422172721994,1,0,0,1,0
1,11.990455338136108,5.178838295762655,1,0,1,1,0
0,11.584028693007598,6.915971306992403,0,1,1,0,0
1,12.523339466628595,7.0,1,0,0,1,0
0,12.84322263510836,6.88559245496388,1,0,0,1,0
0,11.62476948007551,6.904128246679252,0,1,1,0,0
0,14.054282807004276,6.092065107219846,0,0,1,1,0
1,14.081375604714712,6.19635679730588,1,1,0,0,0
0,14.34036256258708,6.460241708391386,1,0,1,0,0
1,14.511022094717832,5.560160229507902,1,0,1,0,0
0,13.135728610807243,6.876180926128505,1,0,0,1,0
1,13.153467229951746,6.6,1,1,0,0,0
1,14.184136155415302,6.131727689169396,1,0,1,0,0
0,13.339674255843107,6.380977232470676,0,0,1,1,0
1,11.85335987763815,5.407869135404309,1,0,1,1,0
1,14.071163571274797,6.3,1,0,0,0,0
1,12.83727488637883,6.794087670431755,1,1,1,0,0
0,13.468646599542216,6.337293199084433,0,0,1,1,0
0,13.684848984610626,6.420538776067848,0,0,1,1,0
0,13.341489581417685,6.5829791628353655,0,0,0,1,0
1,11.655336913811366,6.922134765524547,0,1,1,0,0
1,14.137131052653686,6.225737894692628,1,0,1,0,0
1,12.283327018229109,5.143588772035247,1,1,1,0,0
1,12.047692174628905,5.172478647263455,1,0,1,1,0
0,13.357113621956357,6.657113621956356,1,0,0,1,0
1,11.675316305501358,5.480854618123304,0,1,1,1,0
1,11.9,5.766183350245297,0,1,1,1,0
0,13.65017347434347,6.5,0,0,1,1,0
1,14.105365028175376,6.316095084526126,1,0,1,0,0
0,12.592559106047563,5.841318957055492,1,1,0,1,0
1,12.563699241895955,5.115144528678226,1,0,1,1,0
0,13.88104735175356,6.5,0,0,1,1,0
1,12.581679704288856,5.11314669952346,1,0,1,1,0
0,13.364281222583148,6.467859388708426,0,0,1,1,0
1,12.539378289508248,7.0,1,0,0,1,0
1,12.027465700032796,5.15493140006559,1,1,1,0,0
0,13.36043836935785,6.318684891926455,0,0,1,1,0
1,11.93806099258315,6.979353664194384,1,0,0,1,0
0,13.374808524987143,6.649617049974287,0,0,0,1,0
0,13.332924646364544,6.5658492927290855,0,0,0,1,0
1,13.893652164783886,6.302115945072038,1,1,0,0,0
1,12.008563742917431,5.351431366211843,1,0,1,1,0
0,13.37778108237917,6.65556216475834,0,0,0,1,0
1,13.948974688867816,6.3,1,0,0,0,0
0,13.351163547195265,6.7325576352031575,1,0,0,1,0
1,11.926162440695313,5.188605071165626,1,1,1,0,0
0,13.340588723393608,6.5,0,0,1,1,0
1,13.100101500595878,6.6,1,1,0,0,0
0,13.920176274463095,6.03984890760306,0,0,1,1,0
1,14.072798507920751,6.3,1,0,0,0,0
1,11.90227262254252,6.925284077817815,1,0,0,1,0
0,13.319936129736409,6.490031935131796,0,0,1,1,0
1,12.95173422136356,6.648265778636439,1,1,0,0,0
0,11.761684603976954,6.926947433996159,0,1,1,0,0
1,12.074439622282608,6.946804952785326,1,0,0,1,0
0,13.314552914907985,6.529105829815967,0,0,0,1,0
0,13.2483376798597,6.548337679859701,1,0,0,1,0
1,11.738069676601718,5.4024129042478535,0,1,1,1,0
1,12.7,5.165244622114201,1,0,1,1,0
0,13.808997185409511,6.618200562918098,1,0,0,1,0
0,12.316204814339198,5.512153610754399,1,1,0,1,0
1,14.139027915169626,6.417083745508879,1,0,1,0,0
1,11.942859610792896,7.037143844317159,0,1,1,0,0
0,14.269710003457432,5.972383331412539,0,0,1,1,0
1,13.207518978338108,6.6,1,1,0,0,0
0,12.987212253412666,6.975191831058223,1,0,0,1,0
1,12.094967067826635,7.097986827130654,0,1,1,0,0
0,13.42400604788624,6.248012095772482,0,0,1,1,0
0,14.201014021000768,6.5,0,0,1,1,0
0,11.508998967893964,6.991001032106036,0,1,1,0,0
0,13.277759395340134,6.781493736439911,1,0,0,1,0
0,12.222400047863632,5.732799856409101,1,1,0,1,0
0,13.335715562828186,6.57143112565637,0,0,0,1,0
1,12.16235807959904,7.0541193598663465,1,0,0,1,0
1,13.979088782556428,6.3,1,0,0,0,0
1,14.230943651952796,6.11088934174126,1,1,0,0,0
1,13.916045999700588,6.3,1,0,0,0,0
1,11.968726037597255,6.933590754699657,1,0,0,1,0
1,12.7,5.431522392726033,1,0,1,1,0
1,12.484007074885916,6.99800088436074,1,0,0,1,0
1,12.893108827932252,6.86722793016937,1,1,0,0,0
0,13.380657004059191,6.661314008118386,0,0,0,1,0
0,12.200524133680926,5.798427598957218,1,1,0,1,0
1,14.112745012098172,6.338235036294524,1,0,1,0,0
0,12.268955667355325,5.8394032384887575,1,1,0,1,0
0,13.435204541310185,6.2704090826203664,0,0,1,1,0
0,12.99876858182362,6.833743806058794,1,0,0,1,0
1,12.411251064929528,7.044374467535236,1,0,0,1,0
1,12.958493498754462,6.641506501245537,1,1,0,0,0
1,12.117364167674385,6.9521705209592985,1,0,0,1,0
0,13.382187149213674,6.664374298427349,0,0,0,1,0
0,13.450646833120285,6.424676583439859,0,0,1,1,0
1,12.55055571803732,5.13736107049067,1,0,1,1,0
0,11.59119195959901,6.591191959599009,0,1,1,1,0
1,12.82719588338224,7.0320102915444025,1,1,0,0,0
0,12.092482939223686,6.982080489870615,0,1,1,0,0
1,12.825241021991818,6.812138467012273,1,1,1,0,0
0,13.345916608926435,6.736055594049044,1,0,0,1,0
1,14.322574478250292,5.899365939149474,1,0,1,0,0
0,12.233859840178802,5.698420479463593,1,1,0,1,0
1,12.052461785903349,5.10807104398513,1,1,1,0,0
0,12.601061997106774,5.851238996624568,1,1,0,1,0
1,14.266643806741214,6.000041147865812,1,0,1,0,0
0,13.263998472034404,6.563998472034406,1,0,0,1,0
1,11.580759300466346,5.565401165889424,1,0,1,1,0
0,12.37591577239323,5.8,1,1,0,1,0
0,13.170360195121058,6.776546601626314,1,0,0,1,0
0,13.715638127200654,6.63687237455987,1,0,0,1,0
0,13.485714568439846,6.371429136879692,0,0,1,1,0
1,12.594429630101756,7.0,1,0,0,1,0
0,13.413201891626215,6.443399054186893,0,0,1,1,0
0,11.768089622570312,6.928014937095052,0,1,1,0,0
1,13.945565920605208,6.345565920605209,1,1,0,0,0
0,13.688495796679035,6.420943977408782,0,0,1,1,0
1,12.778419136680734,6.8823712949789,1,1,1,0,0
0,13.453606848271862,6.423196575864069,0,0,1,1,0
1,11.826290368352195,6.942096789450732,1,0,0,1,0
0,14.09435890568027,6.466039878408919,0,0,1,1,0
1,11.975990920590318,5.180445453267742,1,0,1,1,0
1,11.9,5.293958247156913,0,1,1,1,0
1,14.370493716044878,6.031146447974355,1,1,0,0,0
1,12.464334350108915,7.0178328249455415,1,0,0,1,0
1,12.008678801808635,5.269559600602879,1,0,1,1,0
0,14.16869144635141,6.345794297567607,1,0,1,0,0
0,11.532935800981154,6.631743203924612,0,1,1,0,0
1,11.9,5.2852467840189,0,1,1,1,0
1,14.290429889146315,5.957226199536627,1,0,1,0,0
1,14.025100561182906,6.425100561182906,1,1,0,0,0
0,13.939428795868997,6.155872891183891,0,0,1,1,0
1,14.055213760791958,6.3,1,0,0,0,0
0,13.66639491662097,6.646721016675806,1,0,0,1,0
0,13.427464033628754,6.436267983185624,0,0,1,1,0
0,12.929943067727011,6.856685644090996,1,0,0,1,0
0,12.242402774902985,5.845583350582098,1,1,0,1,0
0,12.131110321590048,6.988518386931674,0,1,1,0,0
0,11.582002588610097,6.917997411389903,0,1,1,0,0
1,12.636350541517931,5.121216486160689,1,0,1,1,0
1,12.549244070647308,7.0,1,0,0,1,0
1,12.001704352051926,7.0005681173506416,1,0,0,1,0
0,13.381552678973348,6.663105357946695,0,0,0,1,0
1,12.5837371425595,5.1387542858135,1,0,1,1,0
0,13.19484470251857,6.494844702518569,1,0,0,1,0
0,13.315955822288648,6.492022088855676,0,0,1,1,0
1,14.20371473172513,6.09257053654974,1,0,1,0,0
1,12.132875152779627,7.044291717593209,1,0,0,1,0
0,13.345622275803024,6.591244551606049,0,0,0,1,0
0,14.156943239657632,5.836905794579172,0,0,1,1,0
0,13.363685442676852,6.627370885353702,0,0,0,1,0
0,11.869434418606632,6.944905736434439,0,1,1,0,0
1,12.554828798815038,7.0,1,0,0,1,0
1,12.61300631647478,5.121748420881305,1,0,1,1,0
0,13.20588643735871,6.452943218679355,0,0,1,1,0
1,12.145081178203794,6.365902586155446,1,0,0,1,0
1,14.165939304455158,6.565939304455158,1,1,0,0,0
1,11.86085927321796,5.193237858531338,1,0,1,1,0
1,11.579902431145175,6.940195137709649,0,1,1,0,0
1,14.333032124089888,5.8805421766382,1,0,1,0,0
1,12.651531379797817,5.112117155050546,1,0,1,1,0
1,12.698907708128838,5.100273072967791,1,0,1,1,0
1,12.972353693529596,6.627646306470403,1,1,0,0,0
1,12.512593576359915,7.0,1,0,0,1,0
0,13.267703086470448,6.744098971176518,1,0,0,1,0
1,13.256751923430755,6.51441602552308,1,1,0,0,0
0,12.336070642550904,5.542082416309387,1,1,0,1,0
0,11.806682840270204,6.43866343194596,0,1,1,1,0
1,12.53301232310204,7.0,1,0,0,1,0
0,13.311042586552354,6.522085173104707,0,0,0,1,0
1,12.151794536143388,5.28273515461887,1,0,1,1,0
1,12.544595471199289,7.0,1,0,0,1,0
1,14.032371658168286,6.3,1,0,0,0,0
0,11.554182753673487,6.716731014693951,0,1,1,0,0
0,13.97990593828235,6.584018812343531,1,0,0,1,0
1,13.56765943998482,6.432936224006072,1,1,0,0,0
1,12.955558098413936,6.644441901586064,1,1,0,0,0
1,11.56366082101203,6.972678357975938,0,1,1,0,0
1,11.870474883226422,5.270474883226421,1,0,1,1,0
0,14.228446126273615,6.385630750849077,1,0,1,0,0
0,11.66728145128708,6.667281451287081,0,1,1,1,0
1,14.078491091629486,6.3,1,0,0,0,0
0,13.312817499869844,6.525634999739686,0,0,0,1,0
0,13.249298023696678,6.750233992101108,1,0,0,1,0
0,11.62838261199587,6.628382611995868,0,1,1,1,0
1,12.738075742511736,5.213550114232574,1,1,1,0,0
0,12.542296744972564,6.985901085009145,1,0,0,1,0
1,11.52944001544712,7.070559984552879,1,0,0,1,0
0,14.244606482617376,6.531078703476525,1,0,0,1,0
0,11.615861107726971,6.615861107726972,0,1,1,1,0
1,12.071041280452038,6.454750463457553,1,0,0,1,0
0,14.330360305078353,6.453573536718902,1,0,1,0,0
0,14.297491816594746,6.5,0,0,1,1,0
1,12.575698138778955,5.113811317913449,1,0,1,1,0
0,13.320983286275478,6.541966572550956,0,0,0,1,0
1,13.106014929685806,5.2701561430285855,1,1,1,0,0
0,11.747563380061813,6.685672535046358,0,1,1,1,0
1,12.818884044928714,7.052789887678218,1,1,0,0,0
0,14.02921892586812,6.458802102874236,0,0,1,1,0
1,11.880797644241207,5.238404711517587,0,1,1,1,0
0,13.340213032810071,6.379360901569788,0,0,1,1,0
0,13.607388593747386,6.340339670140342,0,0,1,1,0
0,11.509006422557563,6.536025690230261,0,1,1,0,0
0,13.60255836967472,6.5,0,0,1,1,0
1,13.943224792917444,6.275300118332889,1,1,0,0,0
1,12.652807318636189,5.111798170340952,1,0,1,1,0
0,11.775047208953348,6.929174534825559,0,1,1,0,0
1,11.94646663077918,5.288383342305205,1,0,1,1,0
0,11.7202602431046,6.665195182328449,0,1,1,1,0
1,11.726592618103664,5.578462918318587,1,1,1,0,0
0,13.263146971236289,6.745617676254572,1,0,0,1,0
1,13.831030948214345,6.322989683928552,1,1,0,0,0
0,12.284687193059003,5.545938420822984,1,1,0,1,0
1,14.015892326810016,6.3,1,0,0,0,0
0,14.326439966263676,6.491826662918186,0,0,1,1,0
0,13.128472120146323,6.790509293284559,1,0,0,1,0
0,14.2473157411909,6.53053685176182,1,0,0,1,0
1,11.806172262865532,6.982468905146213,0,1,1,0,0
1,13.090279959429957,6.6,1,1,0,0,0
1,12.766488740115651,6.911348346512464,1,1,0,0,0
1,14.104191359035775,6.312574077107329,1,0,1,0,0
1,12.136375885166387,7.045458628388795,1,0,0,1,0
0,13.623433990883818,6.294199436385298,0,0,1,1,0
0,14.266168111792064,6.526766377641588,1,0,0,1,0
0,11.699599379354938,6.916599896559156,0,1,1,0,0
1,12.298545890253637,7.099515296751211,1,0,0,1,0
0,13.382101683841013,6.70596610538633,1,0,0,1,0
1,11.87589763743415,6.921987204679269,1,0,0,1,0
1,12.651789553918253,7.0,1,0,0,1,0
0,13.35138355342516,6.602767106850321,0,0,0,1,0
1,13.335722609437925,6.488092463520692,1,1,0,0,0
1,13.82966921731556,6.328132313073776,1,1,0,0,0
0,13.332900369100294,6.483549815449853,0,0,1,1,0
0,14.151121897747036,6.3340812651646905,1,0,1,0,0
1,11.98436896012375,5.17951455998625,1,0,1,1,0
0,13.320439528564023,6.620439528564022,1,0,0,1,0
0,13.14582684936724,6.869448767088508,1,0,0,1,0
1,11.9,5.5411932321276485,0,1,1,1,0
0,13.308048670493807,6.7613008863374615,1,0,0,1,0
0,13.30700693371243,6.514013867424859,0,0,0,1,0
0,11.549675148784011,6.549675148784013,0,1,1,1,0
1,13.177492165155147,6.540835944948284,1,1,0,0,0
0,13.34061629352969,6.64061629352969,1,0,0,1,0
0,13.353719712184091,6.607439424368184,0,0,0,1,0
1,14.048467808398913,6.3,1,0,0,0,0
0,13.522822389969168,6.387320894461574,0,0,1,1,0
0,13.30709324720526,6.478720258384226,0,0,1,1,0
1,14.151938450101854,6.455815350305562,1,0,1,0,0
1,12.594617487429437,7.0,1,0,0,1,0
1,12.409540663218255,7.045229668390872,1,0,0,1,0
0,13.41735263421516,6.234705268430319,0,0,1,1,0
1,12.323038825573237,5.225653724808921,1,0,1,1,0
1,11.849776743570764,5.249776743570761,1,0,1,1,0
1,14.13083463081048,6.238330738379036,1,0,1,0,0
1,14.0195463067418,6.4195463067418,1,1,0,0,0
1,14.10618019771882,6.318540593156467,1,0,1,0,0
1,13.676923483100229,6.374358838966591,1,1,0,0,0
1,13.917311050759617,6.3,1,0,0,0,0
1,13.384197898334522,6.506320840666191,1,1,0,0,0
0,13.08307906757252,6.383079067572522,1,0,0,1,0
0,14.319341137320189,6.446227424880124,1,0,1,0,0
0,13.108326686747894,6.797224437750702,1,0,0,1,0
1,12.50288052526963,7.0,1,0,0,1,0
0,13.340048607300249,6.479975696349877,0,0,1,1,0
0,12.21113762169289,5.944311891535543,1,1,0,1,0
0,12.27527202523892,5.64836784856648,1,1,0,1,0
0,14.292739929700176,6.428493286466783,1,0,1,0,0
1,11.543569458988946,5.647716649213265,1,1,1,0,0
0,12.265908982304069,7.07443173672805,0,1,1,1,0
1,13.868927607450004,6.310357464183332,1,1,0,0,0
1,11.659906327773498,5.680187344453002,0,1,1,1,0
0,13.44297115547904,6.285942310958083,0,0,1,1,0
0,13.254518600506668,6.477259300253333,0,0,1,1,0
1,11.529665500405486,7.040668999189029,0,1,1,0,0
1,11.798674979113038,5.202208368144939,1,0,1,1,0
1,13.319015693923143,6.532393722430743,1,1,0,0,0
1,11.533379859070951,7.033240281858097,0,1,1,0,0
0,12.096746828260107,6.982791138043352,0,1,1,0,0
0,13.03883032602233,6.369415163011165,0,0,1,1,0
1,14.1796642637339,6.538992791201703,1,0,1,0,0
0,13.35838572847083,6.616771456941659,0,0,0,1,0
1,12.411565531255023,7.044217234372487,1,0,0,1,0
1,14.17033707463716,6.145521671635908,1,1,0,0,0
0,13.124204728169053,6.791931757276983,1,0,0,1,0
0,12.775845882692137,6.055153529807489,1,1,0,1,0
1,13.122477901287366,6.6,1,1,0,0,0
1,11.791354791583643,5.465129114728624,1,1,1,0,0
1,14.544677258350603,5.499580934968911,1,0,1,0,0
0,11.709757777659826,6.918292962943305,0,1,1,0,0
0,14.28572909500178,6.423819396667852,1,0,1,0,0
0,13.36968185056566,6.290954448303025,0,0,1,1,0
0,14.290682643478991,6.5,0,0,1,1,0
1,12.01393537308186,6.523277552301769,1,0,0,1,0
0,13.37602586375302,6.652051727506041,0,0,0,1,0
1,12.428548093247482,7.035725953376259,1,0,0,1,0
0,13.358628728942934,6.470685635528533,0,0,1,1,0
1,13.562261611837974,6.412579462720675,1,1,0,0,0
1,11.931351193174384,5.23729761365123,1,1,1,0,0
1,12.36106693944866,6.982633367431083,1,0,0,1,0
1,12.700397350732068,6.999470199023908,1,1,0,0,0
0,13.347720218979322,6.356839343062035,0,0,1,1,0
0,12.870758868263875,6.876413710578708,1,0,0,1,0
1,12.667788962554098,7.0,1,0,0,1,0
1,13.806770210831177,6.331076596389608,1,1,0,0,0
0,12.544939139192122,6.98502028693596,1,0,0,1,0
0,14.29783737233512,6.488648596926124,0,0,1,1,0
0,13.364289429255622,6.467855285372189,0,0,1,1,0
0,11.539380920862229,6.657523683448908,0,1,1,0,0
1,12.220668356951212,6.965083544618902,1,0,0,1,0
1,12.7,5.299836976618587,1,0,1,1,0
0,13.329123415026332,6.558246830052664,0,0,0,1,0
1,12.20736703438914,6.950736703438914,1,0,0,1,0
1,12.017427123264635,7.005809041088212,1,0,0,1,0
1,12.634741237736186,5.107250973584868,1,0,1,1,0
0,13.166400917564731,6.433200458782366,0,0,1,1,0
0,11.506101234651814,6.506101234651814,0,1,1,1,0
1,12.652954994658243,5.115681668447252,1,0,1,1,0
0,13.69251585153808,6.23498641296736,0,0,1,1,0
0,14.035898544824304,6.5,0,0,1,1,0
0,14.334474264158503,6.45631617610567,1,0,1,0,0
0,11.6399647786131,6.6399647786131,0,1,1,1,0
0,14.117546768288332,6.556490646342334,1,0,0,1,0
1,12.048164947723116,5.196329895446231,1,1,1,0,0
1,14.197873338442578,6.593620015327739,1,0,1,0,0
0,14.21742038837184,6.378280258914559,1,0,1,0,0
0,11.506048110144093,6.524192440576371,0,1,1,0,0
0,13.070909442849327,6.809696852383557,1,0,0,1,0
0,14.170085649620484,6.545982870075903,1,0,0,1,0
0,13.425016638615334,6.250033277230668,0,0,1,1,0
0,14.163783582194192,6.342522388129461,1,0,1,0,0
0,12.55505963120224,5.8,1,1,0,1,0
0,12.701313853665637,5.968199495943242,1,1,0,1,0
0,13.040365591987394,6.3701827959936965,0,0,1,1,0
0,13.302382119178487,6.498808940410756,0,0,1,1,0
0,12.50692124490498,6.997692918365006,1,0,0,1,0
0,13.001745891131058,6.350872945565529,0,0,1,1,0
0,12.768885549886196,6.910371483371268,1,0,0,1,0
0,14.127060564175457,6.318040376116971,1,0,1,0,0
0,13.72657699299032,6.205791148865441,0,0,1,1,0
0,12.794190975712022,6.901936341429326,1,0,0,1,0
0,12.2,5.897622450806309,1,1,0,1,0
0,13.806280609228953,6.61874387815421,1,0,0,1,0
1,11.697984216750562,5.370026305415729,1,0,1,1,0
0,13.325746761876946,6.487126619061527,0,0,1,1,0
1,11.51919983400814,5.668000276653101,1,0,1,1,0
0,13.321482754110002,6.435551737669992,0,0,1,1,0
0,12.54773939049086,6.984086869836379,1,0,0,1,0
1,12.5816708776242,5.1394430407919325,1,0,1,1,0
0,13.393493759481531,6.453253120259235,0,0,1,1,0
0,13.300742202435256,6.5,0,0,1,1,0
0,13.320956216930664,6.489521891534669,0,0,1,1,0
0,12.2,5.879413852365607,1,1,0,1,0
0,13.618034293357312,6.33442539257927,0,0,1,1,0
0,13.0476509012478,6.817449699584067,1,0,0,1,0
0,11.506346195311227,6.477788316410705,0,1,1,1,0
0,13.369701151768751,6.669701151768754,1,0,0,1,0
0,13.395470246082654,6.69094049216531,0,0,0,1,0
1,12.503069736249785,7.0,1,0,0,1,0
0,14.224886925681878,6.535022614863625,1,0,0,1,0
1,12.582318135623671,5.113075762708481,1,0,1,1,0
0,13.542689893131994,6.363408663029719,0,0,1,1,0
1,11.54188663263098,7.016226734738039,0,1,1,0,0
0,13.408864356368907,6.5,0,0,1,1,0
1,14.318519996002628,5.90666400719527,1,0,1,0,0
1,12.69644366384087,5.101185445386376,1,0,1,1,0
1,11.891906811895243,5.3938520684017295,1,0,1,1,0
1,12.633000042720402,5.116749989319899,1,0,1,1,0
0,11.65365217842508,5.962217375512217,0,1,1,1,0
1,14.150353593575502,6.451060780726511,1,0,1,0,0
0,11.503345560952049,6.513382243808185,0,1,1,0,0
0,14.206021963421406,6.007765575876997,0,0,1,1,0
0,13.620149185039422,6.5,0,0,1,1,0
0,11.65252312935166,6.652523129351659,0,1,1,1,0
0,14.396047122126468,6.500790575574707,1,0,0,1,0
1,12.281706712858108,5.146477031904655,1,0,1,1,0
1,12.06006230102707,5.28668743367569,1,0,1,1,0
1,13.69420333321253,6.3685988889291565,1,1,0,0,0
1,12.7,5.198565255310728,1,0,1,1,0
1,13.92089005438552,6.3,1,0,0,0,0
0,13.642206404943222,6.3209964416982105,0,0,1,1,0
0,14.211527419665131,6.374351613110088,1,0,1,0,0
0,11.558909167325714,6.735636669302857,0,1,1,0,0
0,12.21057886907223,5.947105654638849,1,1,0,1,0
0,11.721150171348368,6.920191695224728,0,1,1,0,0
1,11.907676805221833,6.925959600652729,1,0,0,1,0
1,11.962748417861487,5.144701898566214,1,1,1,0,0
1,14.17049079720732,6.159018405585362,1,0,1,0,0
1,14.039582992563084,6.3,1,0,0,0,0
0,13.327121556548269,6.486439221725866,0,0,1,1,0
0,13.599869730747477,6.344516816251403,0,0,1,1,0
1,14.19621816932316,6.588654507969484,1,0,1,0,0
0,13.443784012278863,6.428107993860568,0,0,1,1,0
1,12.475202609739435,6.996900326217429,1,0,0,1,0
1,11.849435327534117,5.249435327534116,1,0,1,1,0
1,11.71996410897959,6.9024955136224495,1,0,0,1,0
0,13.721094810230149,6.27716954987214,0,0,1,1,0
0,13.01392127352411,6.957385817650593,1,0,0,1,0
0,13.393469352333009,6.686938704666014,0,0,0,1,0
0,14.078547335631242,6.078584813538199,0,0,1,1,0
0,13.368219339220902,6.295341982337295,0,0,1,1,0
1,14.453445808869445,5.663797544035002,1,0,1,0,0
0,13.382624430377016,6.665248860754035,0,0,0,1,0
1,12.774842660668964,6.900209785774714,1,1,0,0,0
1,12.628589247987904,6.519059498658603,1,1,1,0,0
1,12.659087177375302,5.104545869180522,1,0,1,1,0
1,12.114723061249377,6.951840382656172,1,0,0,1,0
0,12.291802708104669,5.524591875685996,1,1,0,1,0
0,12.829435641826125,6.11767491546381,1,1,0,1,0
0,12.2,5.829461559187712,1,1,0,1,0
0,13.295501081990125,6.734832972669959,1,0,0,1,0
0,14.389185528527593,6.502162894294482,1,0,0,1,0
1,12.40007501986959,6.970007501986959,1,0,0,1,0
0,13.074225108523262,6.374225108523261,1,0,0,1,0
1,12.526044693103918,7.0,1,0,0,1,0
0,13.34329750872774,6.586595017455478,0,0,0,1,0
0,12.538093401666597,5.99319622952377,1,1,0,1,0
1,14.334732309411576,5.8774818430591615,1,0,1,0,0
0,14.301628588172774,6.434419058781849,1,0,1,0,0
1,11.607490780805614,6.9925092191943845,1,0,0,1,0
0,12.541338939517876,6.9862203534940415,1,0,0,1,0
1,12.503889487495623,7.0,1,0,0,1,0
0,14.298737061897922,6.520252587620416,1,0,0,1,0
1,12.62334977184666,7.0,1,0,0,1,0
1,12.7,5.121007446435095,1,0,1,1,0
0,11.538800153494972,6.492239969301005,0,1,1,1,0
1,12.445694775193669,7.027152612403166,1,0,0,1,0
0,13.455788303925145,6.422105848037428,0,0,1,1,0
1,13.97462157061971,6.3,1,0,0,0,0
0,13.782747324207598,6.62345053515848,1,0,0,1,0
1,12.945297953091815,6.654702046908185,1,1,0,0,0
0,14.164130323460943,6.342753548973962,1,0,1,0,0
1,12.990805033752093,6.609194966247906,1,1,0,0,0
0,12.97815760067242,6.840614133109193,1,0,0,1,0
0,14.3392379392005,6.5,0,0,1,1,0
0,11.516834458159114,6.567337832636458,0,1,1,0,0
0,11.932302506077626,6.413539498784475,0,1,1,1,0
0,13.314382517845251,6.528765035690503,0,0,0,1,0
0,12.657669286975247,6.061525306842999,1,1,0,1,0
1,11.615802350118113,5.476296474822832,1,0,1,1,0
1,11.96962940157124,6.933703675196405,1,0,0,1,0
1,14.058487631538492,6.4584876315384925,1,1,0,0,0
1,11.737590858645907,6.912530286215303,1,0,0,1,0
0,11.644294805382415,6.471141038923517,0,1,1,1,0
0,11.59301425713631,6.872057028545246,0,1,1,0,0
1,14.031700665247,6.431700665247002,1,1,0,0,0
1,12.22036563018002,5.274412498116355,1,0,1,1,0
1,12.572666228763786,7.0,1,0,0,1,0
0,13.354927539089546,6.609855078179092,0,0,0,1,0
0,13.748283151044674,6.262064916086293,0,0,1,1,0
0,12.2,6.037400479427983,1,1,0,1,0
0,13.055550055615434,6.814816648128189,1,0,0,1,0
0,13.282498375615218,6.491249187807608,0,0,1,1,0
1,14.262123554335451,5.975752891329096,1,0,1,0,0
1,11.56448641449312,6.971027171013758,0,1,1,0,0
0,14.02959896821672,6.10577835099071,0,0,1,1,0
0,14.298003026786214,6.432002017857476,1,0,1,0,0
0,11.532267086670045,6.629068346680173,0,1,1,0,0
0,13.128487885351502,6.428487885351502,1,0,0,1,0
1,12.633039723242772,7.0,1,0,0,1,0
1,14.265501998628224,5.9689960027435545,1,0,1,0,0
0,14.213863279160204,6.003409289355442,0,0,1,1,0
1,14.176055020904,6.5760550209040005,1,1,0,0,0
1,14.536174449888833,5.514885990200099,1,0,1,0,0
1,14.220659197735676,6.0586816045286485,1,0,1,0,0
1,12.750610157732144,6.932519789690473,1,1,0,0,0
0,11.740799176540238,6.451840164691952,0,1,1,1,0
0,14.30839575773301,6.43893050515534,1,0,1,0,0
1,13.498003862621443,6.460798454951423,1,1,0,0,0
0,13.38516087004703,6.244517389858911,0,0,1,1,0
0,13.383751384111124,6.667502768222248,0,0,0,1,0
1,12.676774039151065,6.551182692767376,1,1,1,0,0
0,13.339035720741585,6.578071441483165,0,0,0,1,0
0,13.236155423978872,6.809229717347419,1,0,0,1,0
0,13.076998009442075,6.388499004721038,0,0,1,1,0
1,11.951694955887069,5.2258474779435335,0,1,1,1,0
0,12.242547491666569,7.056910618749924,0,1,1,1,0
1,11.645649511769037,5.431525732346448,1,0,1,1,0
1,14.18996191921836,6.569885757655075,1,0,1,0,0
0,12.644976649503231,6.95167445016559,1,0,0,1,0
1,12.2992678272462,6.974908478405775,1,0,0,1,0
0,13.342642111219716,6.478678944390143,0,0,1,1,0
0,12.79476114893974,6.139863513679851,1,1,0,1,0
1,14.175302297295884,6.164455864867407,1,0,1,0,0
1,14.561427774048846,5.469430006712075,1,0,1,0,0
0,13.498813408330872,6.397626816661746,0,0,1,1,0
1,13.143071121916584,6.552309626027805,1,1,0,0,0
0,13.407313028832176,6.214626057664351,0,0,1,1,0
0,12.648396929267696,5.761297696950773,1,1,0,1,0
1,12.175142803016389,5.274952398994537,1,0,1,1,0
0,12.768939153481156,6.910353615506281,1,0,0,1,0
0,12.90828612674244,7.027809248838374,1,0,0,1,0
0,13.928336712312026,6.594332657537595,1,0,0,1,0
1,14.166239177071327,6.566239177071327,1,1,0,0,0
1,12.158301630991469,5.280566123002845,1,0,1,1,0
0,13.435081162266156,6.2701623245323095,0,0,1,1,0
0,13.33717897913654,6.57435795827308,0,0,0,1,0
0,14.119027561224442,5.869404947521906,0,0,1,1,0
0,13.416169598437127,6.232339196874255,0,0,1,1,0
1,12.703125970976066,6.995832038698577,1,1,0,0,0
0,13.719985646714708,6.5,0,0,1,1,0
0,13.44495489302598,6.289909786051962,0,0,1,1,0
1,13.621357280192562,6.392880906602479,1,1,0,0,0
0,12.823755758247769,6.892081413917412,1,0,0,1,0
1,12.558758970092107,7.0,1,0,0,1,0
1,14.149863013694697,6.2002739726106055,1,0,1,0,0
0,13.440137347384493,6.2802746947689805,0,0,1,1,0
1,14.007337682372556,6.3,1,0,0,0,0
0,13.396790548780707,6.693581097561415,0,0,0,1,0
1,12.749643309112466,6.9255350363313015,1,1,1,0,0
0,13.178313372580536,6.4783133725805335,1,0,0,1,0
1,12.51696946598775,7.0,1,0,0,1,0
0,11.531997174872734,6.6279886994909365,0,1,1,0,0
1,13.986207926782772,6.3,1,0,0,0,0
1,12.870922614223822,6.743616078664266,1,1,1,0,0
0,12.50219065980578,5.8,1,1,0,1,0
0,12.2,5.9017134877075605,1,1,0,1,0
0,13.18697794826787,6.486977948267869,1,0,0,1,0
0,13.348462553004046,6.596925106008091,0,0,0,1,0
0,13.350606394910168,6.601212789820335,0,0,0,1,0
1,14.107853043926283,6.284293912147428,1,0,1,0,0
1,11.882109150693845,5.222363561632696,0,1,1,1,0
0,13.158194600040847,6.861203599972768,1,0,0,1,0
1,14.232593078562378,6.034813842875246,1,0,1,0,0
0,13.37119823558922,6.464400882205391,0,0,1,1,0
0,12.944433889881536,6.322216944940768,0,0,1,1,0
1,11.786744335172717,6.974697734069086,0,1,1,0,0
1,12.718147153515336,6.972779269726996,1,1,1,0,0
0,14.113628584877407,6.309085723251604,1,0,1,0,0
1,12.829284237333464,6.827621016888716,1,1,0,0,0
0,13.087452720719307,6.387452720719307,1,0,0,1,0
0,14.124864615340378,6.555027076931925,1,0,0,1,0
0,13.023021920851594,6.323021920851593,1,0,0,1,0
0,11.771376598263569,6.771376598263566,0,1,1,1,0
0,13.368671927061094,6.637343854122188,0,0,0,1,0
0,12.357940678711492,5.54345550903362,1,1,0,1,0
1,12.57575613426254,7.0,1,0,0,1,0
0,12.2,5.904406152266701,1,1,0,1,0
0,13.319599736877487,6.441200789367533,0,0,1,1,0
1,13.095808359161904,6.6,1,1,0,0,0
1,12.371055687689042,5.1822360780777394,1,0,1,1,0
1,12.541813836485234,7.0,1,0,0,1,0
1,11.64170721777186,6.9582927822281375,1,0,0,1,0
1,11.808597141794214,5.314253572757233,0,1,1,1,0
1,12.044808507590258,5.189617015180516,1,1,1,0,0
0,13.386160301377323,6.241519095868031,0,0,1,1,0
0,13.328542768512447,6.557085537024895,0,0,0,1,0
0,13.119991031627842,6.79333632279072,1,0,0,1,0
1,14.247619875461556,6.00476024907689,1,0,1,0,0
1,13.233718314102116,6.522093895299294,1,1,0,0,0
1,13.11307049372164,6.562309835426119,1,1,0,0,0
0,13.360046189512577,6.469976905243713,0,0,1,1,0
0,14.05510436495819,6.568979127008363,1,0,0,1,0
0,11.534857623955933,6.534857623955932,0,1,1,1,0
0,11.516525187000786,6.566100748003144,0,1,1,0,0
1,12.430408419307923,5.129954620076897,1,0,1,1,0
1,12.14820435528151,7.049401451760503,1,0,0,1,0
0,13.375205485624592,6.650410971249184,0,0,0,1,0
0,13.313331715628106,6.52666343125621,0,0,0,1,0
0,13.389209083339072,6.678418166678141,0,0,0,1,0
0,12.911782079893806,6.305891039946903,0,0,1,1,0
0,11.709237964642291,6.656928473481719,0,1,1,1,0
1,13.98328279756647,6.3,1,0,0,0,0
1,11.72729458970518,6.9509178358820725,0,1,1,0,0
1,12.7,5.239958933839655,1,0,1,1,0
1,12.47807832176223,6.997259790220279,1,0,0,1,0
1,12.74886078000669,6.926708829989964,1,1,1,0,0
0,12.207930097571426,6.052419414571444,1,1,0,1,0
1,11.78016959888566,6.910021199860708,1,0,0,1,0
1,11.975054678041744,5.258351559347248,1,0,1,1,0
1,12.403627704375792,6.987953463046974,1,0,0,1,0
0,13.361628506023605,6.315114481929193,0,0,1,1,0
0,13.329534232921043,6.485232883539479,0,0,1,1,0
0,11.564517661995668,6.9354823380043324,0,1,1,0,0
1,11.825659912064848,6.915707489008106,1,0,0,1,0
1,11.7076687271903,6.900958590898788,1,0,0,1,0
0,13.17409346079454,6.47409346079454,1,0,0,1,0
1,11.56207375817986,5.5965437363669,1,0,1,1,0
0,14.101019948886192,6.5,0,0,1,1,0
1,14.060324225857142,6.3,1,0,0,0,0
1,12.006343003681875,7.06253720147275,0,1,1,0,0
0,11.664484175689571,5.924305385086493,0,1,1,1,0
1,11.924065818771362,5.186214909025405,1,0,1,1,0
1,12.138700305907223,5.162366632676975,1,0,1,1,0
1,12.901197982966607,6.698802017033393,1,1,0,0,0
0,11.528598845672326,6.9714011543276735,0,1,1,0,0
1,13.965658834471336,6.26248066601638,1,1,0,0,0
1,14.016931435067969,6.3,1,0,0,0,0
0,13.419074262475975,6.440462868762012,0,0,1,1,0
1,12.395055289602093,6.96950552896021,1,0,0,1,0
0,11.56434389400149,6.9356561059985085,0,1,1,0,0
1,13.911127098732642,6.3,1,0,0,0,0
1,12.590961337536532,7.0,1,0,0,1,0
1,12.361175670358843,5.212941443213718,1,0,1,1,0
0,13.152890124600606,6.864739916932929,1,0,0,1,0
0,13.326203009333115,6.552406018666229,0,0,0,1,0
0,14.148903854900022,6.332602569933347,1,0,1,0,0
0,13.366615153575228,6.466692423212386,0,0,1,1,0
1,12.981056119153155,6.6189438808468415,1,1,0,0,0
1,11.558830000481189,6.982339999037622,0,1,1,0,0
1,11.716685815731834,6.946674326292734,0,1,1,0,0
1,11.9,5.223292500836712,0,1,1,1,0
0,12.914846528256277,6.307423264128137,0,0,1,1,0
1,11.80566662977749,6.910566662977749,1,0,0,1,0
1,14.073398796751633,6.3,1,0,0,0,0
0,14.32051726784721,6.515896546430558,1,0,0,1,0
0,14.261865065573138,6.407910043715425,1,0,1,0,0
1,14.507165456150585,5.5671021789289465,1,0,1,0,0
1,12.026018948839146,7.070407579535658,0,1,1,0,0
1,11.6976408047075,5.353538792938753,1,0,1,1,0
1,11.741686087210445,5.397892390986947,0,1,1,1,0
1,14.179445037113991,6.5383351113419765,1,0,1,0,0
1,12.962119357761187,6.637880642238812,1,1,0,0,0
0,13.48535383222968,6.40732308388516,0,0,1,1,0
1,12.450912863055224,7.024543568472388,1,0,0,1,0
1,12.186554344347767,5.286707511146266,1,0,1,1,0
1,11.78647776134405,5.47366391764791,1,1,1,0,0
1,12.016402582587917,6.931640258258792,1,0,0,1,0
0,13.428135158277865,6.435932420861068,0,0,1,1,0
1,12.247653385238314,5.2130866536904215,1,0,1,1,0
0,14.31060370177472,6.517879259645056,1,0,0,1,0
1,14.246636425624436,6.006727148751129,1,0,1,0,0
1,12.00309830583481,7.061239322333924,0,1,1,0,0
0,13.474581093507783,6.412709453246109,0,0,1,1,0
1,14.043702564563809,6.3,1,0,0,0,0
0,12.615625450392498,5.7367190877943735,1,1,0,1,0
0,13.344089207941217,6.58817841588243,0,0,0,1,0
0,12.27160849799072,5.585174506027837,1,1,0,1,0
0,13.386913893367534,6.673827786735068,0,0,0,1,0
0,14.397867024913571,6.500426595017285,1,0,0,1,0
0,12.269055459360969,5.654722703195168,1,1,0,1,0
1,12.086704502645842,7.028901500881947,1,0,0,1,0
1,14.47610082242394,5.970799530043462,1,1,0,0,0
0,14.221404049307065,6.380936032871375,1,0,1,0,0
0,14.244354729383874,6.5,0,0,1,1,0
0,13.333229380580589,6.566458761161177,0,0,0,1,0
0,12.89541278722312,6.868195737592293,1,0,0,1,0
1,14.146705992473526,6.206588015052947,1,0,1,0,0
1,11.981067193946474,5.12271936726423,1,1,1,0,0
1,12.026028932345872,6.940753616543234,1,0,0,1,0
1,12.94954708808868,6.726132279778301,1,1,0,0,0
1,11.774943197039953,5.237585204440074,1,0,1,1,0
1,14.184074561817456,6.131850876365087,1,0,1,0,0
0,13.126064701078937,6.413032350539467,0,0,1,1,0
0,14.024625188172848,6.5,0,0,1,1,0
0,12.449972247489434,5.612479185617076,1,1,0,1,0
0,13.52347408145854,6.379879358749823,0,0,1,1,0
0,11.849615643431454,6.941602607238576,0,1,1,0,0
1,12.055876178332245,7.082350471332897,0,1,1,0,0
0,14.290414948943043,5.960880583920532,0,0,1,1,0
1,13.20525482050896,6.6,1,1,0,0,0
0,13.323273320784567,6.488363339607717,0,0,1,1,0
0,13.343161799793174,6.478419100103413,0,0,1,1,0
0,13.709730599885528,6.638053880022895,1,0,0,1,0
0,11.55980298718696,6.739211948747844,0,1,1,0,0
0,13.385421196477944,6.670842392955888,0,0,0,1,0
0,13.875417915702368,6.078213215112256,0,0,1,1,0
1,12.600102023661517,6.500068015774345,1,1,1,0,0
1,13.292214811812592,6.6,1,1,0,0,0
0,12.218457670695225,5.9892539758286505,1,1,0,1,0
0,11.521618143916738,6.586472575666956,0,1,1,0,0
0,11.519843217570894,6.5793728702835805,0,1,1,0,0
0,12.268845782156175,5.686925307062948,1,1,0,1,0
1,12.863369288115589,6.846522847537646,1,1,1,0,0
1,12.517479235204345,7.0,1,0,0,1,0
0,13.191856848124155,6.491856848124155,1,0,0,1,0
0,12.732045001412086,6.922651666195971,1,0,0,1,0
0,13.470464445963994,6.340928891927989,0,0,1,1,0
0,11.778623437684653,6.929770572947442,0,1,1,0,0
1,12.404506905874577,7.0477465470627125,1,0,0,1,0
1,12.7,5.64269047963697,1,0,1,1,0
0,13.362661389545266,6.625322779090531,0,0,0,1,0
1,11.72576810431016,6.908589368103387,1,0,0,1,0
1,12.481815644118306,5.154546088970423,1,0,1,1,0
0,13.94583000965425,6.59083399806915,1,0,0,1,0
1,13.08610249837133,6.6,1,1,0,0,0
0,12.580426701849952,5.710320026387463,1,1,0,1,0
1,11.881639774410177,5.307130394782194,1,1,1,0,0
1,12.975367596588812,6.624632403411187,1,1,0,0,0
0,13.50018284867496,6.399898417402801,0,0,1,1,0
0,12.272555011190777,5.664669932855339,1,1,0,1,0
0,13.16039968063144,6.779866773122854,1,0,0,1,0
1,11.9435695767971,5.184047824800322,1,0,1,1,0
1,12.949744066033578,6.66700791195523,1,1,0,0,0
0,13.340189858301,6.580379716601997,0,0,0,1,0
1,12.606871003372849,5.123282249156788,1,0,1,1,0
0,14.106800888442928,6.558639822311415,1,0,0,1,0
0,13.332621352374732,6.402135942875801,0,0,1,1,0
1,12.583448023835142,7.0,1,0,0,1,0
0,13.41518039831628,6.230360796632557,0,0,1,1,0
0,13.349993480811309,6.5999869616226166,0,0,0,1,0
1,12.549366503364505,7.0,1,0,0,1,0
0,14.29606507312436,6.430710048749574,1,0,1,0,0
1,12.63873076650322,6.993873076650322,1,0,0,1,0
0,12.99834220134192,6.967771865772054,1,0,0,1,0
0,14.203570892342023,6.369047261561351,1,0,1,0,0
0,11.910177930335218,6.951696321722537,0,1,1,0,0
0,12.953819459610152,6.253819459610153,1,0,0,1,0
1,14.105637796674705,6.316913390024113,1,0,1,0,0
0,13.369792709921084,6.639585419842166,0,0,0,1,0
1,12.9,6.89654001622375,1,1,1,0,0
1,12.821694777179037,7.045763057052416,1,1,0,0,0
1,12.63153243494126,5.122822521686246,1,0,1,1,0
0,12.50273241721291,6.999089194262364,1,0,0,1,0
1,12.945768422542375,6.654231577457622,1,1,0,0,0
1,12.395623854596298,7.052188072701851,1,0,0,1,0
0,12.775044262991932,6.90831857900269,1,0,0,1,0
1,14.194569716343398,6.594569716343399,1,1,0,0,0
1,12.9,6.923591847380079,1,1,1,0,0
0,11.545053419286372,6.490989316142725,0,1,1,1,0
1,14.09306968933526,6.3,1,0,0,0,0
0,13.824894811682782,6.436099423520309,0,0,1,1,0
1,12.9,7.071070463674455,1,1,1,0,0
1,12.819302259700358,7.022790961198572,1,1,1,0,0
1,11.736057901610163,5.527884196779669,0,1,1,1,0
0,11.540792574923543,6.357225987767599,0,1,1,1,0
1,11.785289848842703,6.974115939537081,0,1,1,0,0
1,12.651585540668757,7.0,1,0,0,1,0
1,14.154873406354968,6.201227868561057,1,0,1,0,0
1,12.686422303757116,7.0,1,0,0,1,0
1,14.535145890061807,5.937059491393253,1,1,0,0,0
1,12.814585536616308,7.063536158459232,1,1,0,0,0
1,12.16948983144771,6.946948983144771,1,0,0,1,0
0,11.588321263772116,6.911678736227884,0,1,1,0,0
1,11.574751627579287,6.950496744841423,0,1,1,0,0
0,13.357454563954905,6.327636308135293,0,0,1,1,0
1,11.500975366661653,7.098049266676695,0,1,1,0,0
0,11.521399559403292,6.4957200881193415,0,1,1,1,0
1,14.130444005790144,6.239111988419713,1,0,1,0,0
1,12.936466550572002,6.663533449427999,1,1,0,0,0
0,14.268204683517531,6.485356075946393,0,0,1,1,0
0,13.459972489700506,6.420013755149747,0,0,1,1,0
1,11.8154139740211,6.9384713246737,1,0,0,1,0
1,13.820918947718956,6.326360350760348,1,1,0,0,0
0,14.394924052404862,6.5,0,0,1,1,0
1,11.532625104928716,5.645624825118809,1,0,1,1,0
0,11.569462840966535,6.930537159033465,0,1,1,0,0
1,11.597905464726814,6.90418907054637,0,1,1,0,0
0,14.174359687414096,6.025355729214391,0,0,1,1,0
1,12.9,6.75776252052141,1,1,1,0,0
1,14.125917936870731,6.377753810612196,1,0,1,0,0
1,12.47389838718853,5.125122401423496,1,0,1,1,0
0,14.328365833826796,6.492040648202977,0,0,1,1,0
0,13.307373752258425,6.514747504516849,0,0,0,1,0
1,12.985448013683488,6.63637996579128,1,1,0,0,0
1,13.91989768340142,6.31989768340142,1,1,0,0,0
1,12.061302226167824,5.22260445233565,1,1,1,0,0
0,11.81971199072204,6.93661866512034,0,1,1,0,0
0,14.129677044223902,6.319784696149267,1,0,1,0,0
0,13.31546882186699,6.530937643733979,0,0,0,1,0
0,12.95122079505692,6.251220795056918,1,0,0,1,0
1,13.866022018444886,6.311325993851705,1,1,0,0,0
0,13.036646435856929,6.942235709428716,1,0,0,1,0
0,13.477013902752828,6.411493048623586,0,0,1,1,0
0,11.532423658163786,6.967576341836214,0,1,1,0,0
0,12.222701000318413,5.886494998407942,1,1,0,1,0
0,13.184988206327496,6.484988206327495,1,0,0,1,0
0,13.376774935359764,6.653549870719527,0,0,0,1,0
1,11.637375320228037,5.535149615726358,1,1,1,0,0
0,13.184039797481626,6.484039797481625,1,0,0,1,0
1,13.847162184670196,6.317612605109935,1,1,0,0,0
0,12.90003946453484,6.8666535118217205,1,0,0,1,0
1,12.894640110807114,6.721439556771548,1,1,1,0,0
0,11.519871764151326,6.9801282358486745,0,1,1,0,0
1,12.8231972515275,7.042006871181253,1,1,0,0,0
1,12.109106809759934,6.409071828288078,1,0,0,1,0
0,11.518282540847656,6.518282540847657,0,1,1,1,0
1,12.2540017238417,5.262181191330291,1,0,1,1,0
1,12.510350661818118,7.0,1,0,0,1,0
1,11.78430590528922,6.973722362115689,0,1,1,0,0
1,12.832668396002704,5.228102830154262,1,1,1,0,0
0,13.257307621925586,6.7475641260248045,1,0,0,1,0
1,14.066366795285278,6.3,1,0,0,0,0
0,13.024217006478276,6.324217006478277,1,0,0,1,0
1,14.285723494397889,5.928553011204223,1,0,1,0,0
0,11.62374675353256,6.475250649293488,0,1,1,1,0
1,12.561725597970234,7.0,1,0,0,1,0
1,12.94972925887362,6.667027654835172,1,1,0,0,0
0,12.2,5.960394409431445,1,1,0,1,0
0,13.38102352958921,6.71265098027386,1,0,0,1,0
0,13.368205978767108,6.668205978767107,1,0,0,1,0
1,12.7,5.372185169747557,1,0,1,1,0
0,12.283884496743084,5.596693019541492,1,1,0,1,0
1,11.852428937573038,6.717085274912354,1,0,0,1,0
1,14.464473910322733,5.977443479815581,1,1,0,0,0
0,11.547046925802212,6.5470469258022135,0,1,1,1,0
1,12.052720647310784,5.284240215770262,1,0,1,1,0
1,14.17822947645758,6.534688429372738,1,0,1,0,0
1,12.14497684149008,5.238755789627479,1,0,1,1,0
0,12.587637860060449,5.8,1,1,0,1,0
1,13.024051109181949,6.591982963606017,1,1,0,0,0
1,11.982871286846333,5.279282178288416,1,0,1,1,0
0,14.145485593778698,5.846726633903972,0,0,1,1,0
1,13.27363384614851,6.550546461540597,1,1,0,0,0
1,12.003312159818137,5.251656079909068,0,1,1,1,0
0,13.39586382612997,6.691727652259941,0,0,0,1,0
0,11.564527886311035,6.758111545244147,0,1,1,0,0
0,11.670459408933576,5.90339206873248,0,1,1,1,0
0,13.35196318932428,6.6039263786485565,0,0,0,1,0
1,13.17976065382232,6.6,1,1,0,0,0
0,14.100174287969816,6.466686031996646,0,0,1,1,0
1,12.858809951238804,6.95297512190299,1,1,0,0,0
1,14.2194435207088,6.061112958582398,1,0,1,0,0
1,14.175132069422691,6.164762275039156,1,0,1,0,0
0,14.152352464034172,6.334901642689448,1,0,1,0,0
0,11.611402892040594,6.611402892040593,0,1,1,1,0
0,13.49680432559478,6.40159783720261,0,0,1,1,0
1,14.170361072369303,6.570361072369306,1,1,0,0,0
1,11.97079685885777,5.158406282284459,1,1,1,0,0
1,12.157469377523402,5.160281180275177,1,0,1,1,0
1,14.276189270727674,5.947621458544655,1,0,1,0,0
1,13.39245590167671,6.503017639329316,1,1,0,0,0
1,11.760035238127395,5.387957714247126,1,1,1,0,0
0,13.430635692206144,6.693872861558772,1,0,0,1,0
1,12.62589429899657,7.0,1,0,0,1,0
0,12.2,5.97543026760637,1,1,0,1,0
0,13.468381122107433,6.686323775578514,1,0,0,1,0
1,14.254091589904018,5.991816820191965,1,0,1,0,0
0,13.919817341373175,6.16676814368157,0,0,1,1,0
0,14.186661444011364,6.476295716001263,0,0,1,1,0
0,14.15611791616884,6.337411944112561,1,0,1,0,0
1,12.642223119765337,7.0,1,0,0,1,0
1,12.3340619867521,5.2219793377493,1,0,1,1,0
1,12.20233897521674,5.155295669420362,1,0,1,1,0
1,12.605830339789986,7.0,1,0,0,1,0
0,11.692907362404252,6.461418527519149,0,1,1,1,0
1,12.60912405932736,6.506082706218241,1,1,1,0,0
1,12.958830193826378,6.641169806173622,1,1,0,0,0
1,12.966001244454352,6.684996888864121,1,1,0,0,0
1,11.666874395317612,5.499750725618865,1,1,1,0,0
1,12.877723933234137,6.7891042670634585,1,1,1,0,0
0,13.11867422339392,6.793775258868694,1,0,0,1,0
1,14.504646257178273,5.571636737079108,1,0,1,0,0
0,14.18097608563947,6.353984057092981,1,0,1,0,0
1,11.635615050563633,5.446577424154554,1,0,1,1,0
1,11.80271091240608,5.394578175187843,0,1,1,1,0
1,14.162253643113322,6.486760929339967,1,0,1,0,0
0,13.331908340708877,6.56381668141775,0,0,0,1,0
1,12.7,5.470627094271563,1,0,1,1,0
1,12.86954837079428,6.926129073014304,1,1,0,0,0
0,13.340824899333583,6.581649798667169,0,0,0,1,0
1,13.190900627188968,6.6,1,1,0,0,0
0,12.439926871088147,5.663248016269506,1,1,0,1,0
1,12.901574499290916,6.731234000945443,1,1,0,0,0
0,13.745129220434354,6.189889239627696,0,0,1,1,0
0,12.831211168309984,6.889596277230005,1,0,0,1,0
1,11.743798245679413,5.512403508641176,0,1,1,1,0
1,14.088097857421223,6.3,1,0,0,0,0
1,12.9,6.969735528491003,1,1,1,0,0
0,12.878005178651245,7.0479965475658375,1,0,0,1,0
1,12.238627560439252,6.967328445054907,1,0,0,1,0
0,12.9430088066191,7.004660795587267,1,0,0,1,0
0,13.377623890403198,6.677623890403199,1,0,0,1,0
1,11.633528137385968,5.44970779392105,1,0,1,1,0
0,14.15740340945674,6.338268939637826,1,0,1,0,0
1,14.183381171587817,6.13323765682437,1,0,1,0,0
1,11.690022328022684,6.909977671977313,1,0,0,1,0
0,11.724102689087166,6.724102689087166,0,1,1,1,0
1,13.291653051757631,6.6,1,1,0,0,0
1,12.609108121712218,7.0,1,0,0,1,0
0,13.339821333114838,6.579642666229673,0,0,0,1,0
0,13.374198073727523,6.648396147455047,0,0,0,1,0
1,11.773595431182066,6.909199428897759,1,0,0,1,0
1,12.902790508817448,6.697209491182552,1,1,0,0,0
0,13.306368724020036,6.480893827939893,0,0,1,1,0
1,12.997648696014563,6.605878259963587,1,1,0,0,0
1,12.192932183421687,6.961616522927711,1,0,0,1,0
0,13.360228100435291,6.620456200870584,0,0,0,1,0
1,11.740535190790409,6.913511730263469,1,0,0,1,0
1,12.21658050886898,6.951658050886898,1,0,0,1,0
0,13.420150045245189,6.439924977377406,0,0,1,1,0
0,12.167573444052396,7.000680083039296,0,1,1,1,0
1,12.73339715991584,6.955470453445544,1,1,0,0,0
1,14.256392729994282,5.987214540011436,1,0,1,0,0
1,12.041456452993264,6.942682056624158,1,0,0,1,0
1,12.919305471344073,6.680694528655929,1,1,0,0,0
0,14.386292222742291,6.490861481828194,1,0,1,0,0
1,12.595632853464556,7.0,1,0,0,1,0
1,14.138326614883283,6.163813362923837,1,1,0,0,0
1,11.770491373625935,5.375410351648877,1,1,1,0,0
1,12.075331678814315,5.250663357628631,1,1,1,0,0
0,13.3051339508931,6.49743302455345,0,0,1,1,0
0,13.601995044917729,6.659600991016455,1,0,0,1,0
1,11.5165561343576,7.066887731284801,0,1,1,0,0
0,13.72927920367828,6.425475467075365,0,0,1,1,0
0,11.632666815604074,6.599500111703056,0,1,1,1,0
0,13.353768391960363,6.473115804019819,0,0,1,1,0
1,13.238766566241404,6.6,1,1,0,0,0
1,12.337501821983755,7.0812490890081214,1,0,0,1,0
1,12.014050224217256,6.931405022421726,1,0,0,1,0
1,14.3204106575308,5.903260816444559,1,0,1,0,0
1,11.785291383209762,6.928430461069921,1,0,0,1,0
0,14.048028793940166,6.570394241211967,1,0,0,1,0
0,13.2118823087496,6.762705897083467,1,0,0,1,0
1,11.542891880713707,7.014216238572581,0,1,1,0,0
1,14.182491784277486,6.547475352832458,1,0,1,0,0
0,13.304477429929676,6.508954859859352,0,0,0,1,0
1,12.069523394703143,5.239046789406285,1,1,1,0,0
0,13.314826057567132,6.455521827298601,0,0,1,1,0
1,12.444359588207629,6.993044948525953,1,0,0,1,0
0,12.244467038239645,5.777664808801775,1,1,0,1,0
0,13.35986978306205,6.470065108468975,0,0,1,1,0
0,13.32786028261151,6.416419152165469,0,0,1,1,0
0,11.673971985098827,6.465205602980235,0,1,1,1,0
0,13.306857310321227,6.496571344839387,0,0,1,1,0
1,13.91090725685036,6.293767281799793,1,1,0,0,0
1,12.122530247851357,7.040843415950452,1,0,0,1,0
1,14.19895624533318,6.102087509333643,1,0,1,0,0
0,14.280550305659435,5.966360941300314,0,0,1,1,0
1,14.224351514478345,6.114656277440946,1,1,0,0,0
1,12.91765919394324,6.709787741409014,1,1,0,0,0
1,11.930899853325997,5.182920176008806,1,1,1,0,0
0,12.955585278891023,6.255585278891026,1,0,0,1,0
1,12.014905953440511,6.939363244180065,1,0,0,1,0
1,14.355307919177312,5.84044574548084,1,0,1,0,0
1,11.9,5.228358003038907,0,1,1,1,0
1,11.854447572307842,5.256940534615197,0,1,1,1,0
1,13.614771163887136,6.395076278704288,1,1,0,0,0
1,13.111596027881724,6.562801324039425,1,1,0,0,0
0,13.36345588566908,6.62691177133816,0,0,0,1,0
1,12.940041181139978,6.7498970471500535,1,1,0,0,0
0,11.562423088104747,6.937576911895253,0,1,1,0,0
1,13.96740832671075,6.3,1,0,0,0,0
1,12.184528337827931,5.12838897505045,1,1,1,0,0
1,13.25221007757516,6.6,1,1,0,0,0
1,12.2689878660544,5.2077530334864,1,0,1,1,0
1,11.81293426299858,6.914116782874823,1,0,0,1,0
0,13.566136920376788,6.363257266457341,0,0,1,1,0
1,14.37874361376316,5.79826149522631,1,0,1,0,0
1,11.874902995498298,5.250194009003407,0,1,1,1,0
1,12.662028900335004,7.0,1,0,0,1,0
1,11.871088517729566,5.223696172576522,1,0,1,1,0
1,12.544898231482792,5.117233529835245,1,0,1,1,0
1,13.908742482933151,6.3,1,0,0,0,0
0,12.2,6.097228809141012,1,1,0,1,0
0,13.24208937185822,6.5420893718582205,1,0,0,1,0
0,13.39297997237048,6.221060082888555,0,0,1,1,0
0,14.14814168717634,6.332094458117561,1,0,1,0,0
0,13.221134675275016,6.460567337637508,0,0,1,1,0
0,13.636688174723863,6.282838707379544,0,0,1,1,0
1,14.104224349504213,6.312673048512636,1,0,1,0,0
0,13.536771018807176,6.404085668756354,0,0,1,1,0
1,11.57682235742221,5.571962737629648,1,0,1,1,0
0,13.57463220349602,6.665073559300796,1,0,0,1,0
1,12.960317860307695,6.639682139692303,1,1,0,0,0
1,12.897697044576956,6.698464696384636,1,1,1,0,0
1,14.156228494762146,6.1535837172787735,1,1,0,0,0
1,12.613564032443207,7.0,1,0,0,1,0
1,12.016745146052251,5.133490292104503,1,1,1,0,0
1,11.625021678004678,5.462467482992984,1,0,1,1,0
1,12.597777731294036,7.0,1,0,0,1,0
1,13.272135230056133,6.551145907977547,1,1,0,0,0
1,12.442554898017477,5.128605011331391,1,0,1,1,0
1,13.91726733793032,6.3,1,0,0,0,0
0,13.220851038665202,6.759716320444933,1,0,0,1,0
0,13.076330080501398,6.388165040250699,0,0,1,1,0
0,12.262680577419154,7.0720104330643645,0,1,1,1,0
0,12.814679238212726,6.895106920595758,1,0,0,1,0
1,12.083694648966093,5.267389297932184,1,1,1,0,0
0,13.35925863574311,6.618517271486221,0,0,0,1,0
0,12.220412747582932,7.040309560687198,0,1,1,1,0
1,13.121102702417945,6.611558919032823,1,1,0,0,0
0,14.345452624986166,6.46363508332411,1,0,1,0,0
1,12.016183383935015,7.066473353574006,0,1,1,0,0
0,12.93330731206039,6.855564229313204,1,0,0,1,0
0,12.30323491662106,5.502426187465794,1,1,0,1,0
1,12.615244986335275,5.130820004968991,1,0,1,1,0
1,13.935979702764266,6.3,1,0,0,0,0
0,13.42087734283958,6.4395613285802105,0,0,1,1,0
1,12.07033858242212,5.290112860807373,1,0,1,1,0
1,12.396899540482536,5.175775114879366,1,0,1,1,0
0,13.180836234778816,6.846109176814123,1,0,0,1,0
1,14.422950137470805,5.718689752552555,1,0,1,0,0
1,12.58389378063384,7.0,1,0,0,1,0
1,12.262240599676351,5.209439850080912,1,0,1,1,0
1,14.039696161945638,6.3,1,0,0,0,0
1,13.556723983321632,6.414425338892789,1,1,0,0,0
1,12.7,5.445818661042504,1,0,1,1,0
0,14.143802749823786,6.471533638869309,0,0,1,1,0
1,13.348413090131547,6.483862303289484,1,1,0,0,0
1,12.020658866271814,6.515209360473823,1,0,0,1,0
0,12.729472047142654,6.001050721666428,1,1,0,1,0
0,13.302491627968594,6.492525116094221,0,0,1,1,0
1,13.15127212903698,6.6,1,1,0,0,0
1,12.0955796384211,6.42530443389468,1,0,0,1,0
0,12.431589465887026,5.8,1,1,0,1,0
1,11.97773338931032,5.23886669465516,0,1,1,1,0
0,11.626855631532814,6.626855631532814,0,1,1,1,0
1,12.135161374111885,6.954395171763986,1,0,0,1,0
0,13.36534188353931,6.303974349382072,0,0,1,1,0
1,12.9,6.965744814590433,1,1,1,0,0
0,14.033243051819916,6.103753860100047,0,0,1,1,0
1,11.76046839254544,6.964187357018176,0,1,1,0,0
0,13.323309560015655,6.546619120031308,0,0,0,1,0
1,12.630317320053638,7.0,1,0,0,1,0
1,11.952181395192888,6.931522674399111,1,0,0,1,0
0,13.40019577324666,6.5,0,0,1,1,0
0,12.665407260922088,6.944864246359304,1,0,0,1,0
1,12.902442338467932,6.843894153830171,1,1,0,0,0
1,11.79453540854308,5.208196887185382,1,0,1,1,0
1,11.93397911408537,5.179225063097556,1,1,1,0,0
1,11.944264337380543,6.930533042172568,1,0,0,1,0
0,13.318824065555956,6.443527803332135,0,0,1,1,0
1,12.7,5.392771531997777,1,0,1,1,0
0,13.396295793618172,6.211112619145482,0,0,1,1,0
1,14.12844392673131,6.38533178019393,1,0,1,0,0
0,13.598400134715964,6.410933348301774,0,0,1,1,0
0,13.119260173266518,6.409630086633259,0,0,1,1,0
1,11.928741617709385,5.185695375810068,1,0,1,1,0
0,14.320413080088104,5.94421495550661,0,0,1,1,0
0,11.662645847234655,5.930739534678701,0,1,1,1,0
1,11.819616414946738,6.93987213831558,1,0,0,1,0
1,12.499132978278132,7.000433510860934,1,0,0,1,0
0,12.2,5.8471669959195145,1,1,0,1,0
0,13.421786604197928,6.439106697901036,0,0,1,1,0
0,13.192552234190227,6.769149255269924,1,0,0,1,0
1,13.749998727288537,6.350000424237155,1,1,0,0,0
1,12.140376060913344,5.286541313028884,1,0,1,1,0
1,11.810296594582246,5.210296594582245,1,0,1,1,0
1,12.90189989455722,6.698100105442781,1,1,0,0,0
1,12.190057611246834,7.063352537082277,1,0,0,1,0
1,12.2855850909849,5.146046101001678,1,0,1,1,0
1,12.7,5.387108753749629,1,0,1,1,0
0,14.208813570260483,6.372542380173656,1,0,1,0,0
0,14.108899054253715,6.30593270283581,1,0,1,0,0
1,11.9,5.526850883759786,0,1,1,1,0
1,12.653397129723109,7.0,1,0,0,1,0
0,13.483147804043798,6.408426097978102,0,0,1,1,0
1,12.627455313714409,7.0,1,0,0,1,0
0,12.2,5.822952985021024,1,1,0,1,0
0,14.158632486202212,6.339088324134808,1,0,1,0,0
0,13.63471398725239,6.28453086806938,0,0,1,1,0
1,13.973491926626096,6.3,1,0,0,0,0
1,11.817121888350927,5.205707296116976,1,0,1,1,0
1,11.72092967436958,6.874884390756503,1,0,0,1,0
1,12.886427826084368,5.236373511705287,1,1,1,0,0
1,14.271114690731,6.087934462439429,1,1,0,0,0
1,12.231627972875833,6.966453496609479,1,0,0,1,0
0,13.53825204301215,6.37874886499325,0,0,1,1,0
1,11.876913409689244,7.010765363875698,0,1,1,0,0
1,11.854971474100408,6.71403423107951,1,0,0,1,0
1,12.51069450669156,5.14732637332711,1,0,1,1,0
1,11.621655971096144,5.497240048173094,1,0,1,1,0
0,13.544463192844068,6.404940354760452,0,0,1,1,0
0,12.45374635907108,5.61530976930331,1,1,0,1,0
0,12.894418619844368,6.1968106399110665,1,1,0,1,0
1,13.503591934322415,6.432136021892528,1,1,0,0,0
1,14.009694228812164,6.3,1,0,0,0,0
1,12.997044281374508,6.607389296563731,1,1,0,0,0
1,11.827649291406278,5.417218439488626,1,0,1,1,0
0,12.24452527098324,5.7773736450838005,1,1,0,1,0
1,12.680958990579397,7.0,1,0,0,1,0
1,12.867836347576812,6.7762182032309175,1,1,0,0,0
1,14.059233510492383,6.3,1,0,0,0,0
1,12.167869729180415,7.055956576393472,1,0,0,1,0
0,13.349237493577371,6.475381253211314,0,0,1,1,0
1,12.17635516191443,5.290416304758389,1,0,1,1,0
1,12.651395002112377,5.117674544686408,1,0,1,1,0
0,13.40392213238419,6.207844264768379,0,0,1,1,0
1,11.95175715989293,5.287060710026768,1,0,1,1,0
1,12.581418916550954,7.0,1,0,0,1,0
0,13.196409784793682,6.835726810137546,1,0,0,1,0
0,13.441188064036654,6.4294059679816735,0,0,1,1,0
1,11.83784206658354,5.277697416770575,0,1,1,1,0
1,12.7,5.629839892046719,1,0,1,1,0
1,13.17801682185117,6.6,1,1,0,0,0
1,12.954822207718074,6.712944480704817,1,1,0,0,0
1,11.858693135465918,6.952897711821973,1,0,0,1,0
1,11.9,5.222418066426269,0,1,1,1,0
1,12.337600651480212,7.081199674259894,1,0,0,1,0
0,13.383438093456192,6.711041271029206,1,0,0,1,0
1,13.203282657044335,6.532239114318555,1,1,0,0,0
1,13.929309154518092,6.3,1,0,0,0,0
0,13.477831704186633,6.411084147906685,0,0,1,1,0
1,12.867335246484515,5.233436191766848,1,1,1,0,0
0,12.58325795382903,5.712443465371772,1,1,0,1,0
1,11.70678692175689,6.902262307252297,1,0,0,1,0
0,13.355371691515888,6.333884925452337,0,0,1,1,0
1,14.25771156641608,6.016119180451058,1,0,1,0,0
1,12.527800899370074,5.119133233403325,1,0,1,1,0
0,12.206330915817476,5.968345420912615,1,1,0,1,0
1,14.153223340893224,6.459670022679676,1,0,1,0,0
1,12.482758133847826,5.154310466538043,1,0,1,1,0
1,11.619518746685356,6.980481253314645,1,0,0,1,0
1,14.110156364060852,6.281718544690464,1,0,1,0,0
0,13.30224406278956,6.4932678116313225,0,0,1,1,0
1,12.554407731316312,7.0,1,0,0,1,0
1,11.715598082398904,6.901949760299863,1,0,0,1,0
1,12.549387738678368,7.0,1,0,0,1,0
1,12.828436515414763,7.028908711463093,1,1,0,0,0
1,11.7379805421186,6.854423349457679,1,0,0,1,0
1,12.028432833320474,5.264216416660237,0,1,1,1,0
0,13.444355582616929,6.427822208691536,0,0,1,1,0
0,13.27669936161678,6.48834968080839,0,0,1,1,0
1,11.82191643484602,5.221916434846021,1,0,1,1,0
1,14.21800429716419,6.0875922651044565,1,0,1,0,0
1,11.78832150660075,5.339598116749063,0,1,1,1,0
0,13.408611742763146,6.217223485526292,0,0,1,1,0
1,11.80056469410268,6.933521564700894,1,0,0,1,0
0,12.282709600893051,5.603742394641683,1,1,0,1,0
1,11.957681386389828,5.228840693194914,0,1,1,1,0
1,11.697338368537162,5.605323262925676,0,1,1,1,0
0,13.37373111964696,6.647462239293919,0,0,0,1,0
0,13.794578976304894,6.147503734595804,0,0,1,1,0
1,14.08438209216447,6.194638804477446,1,1,0,0,0
1,13.947603293558188,6.347603293558186,1,1,0,0,0
1,12.371656951868822,7.064171524065589,1,0,0,1,0
0,13.213821501049235,6.513821501049237,1,0,0,1,0
0,14.098411181042342,5.887076130535134,0,0,1,1,0
0,13.322714792644868,6.545429585289731,0,0,0,1,0
0,13.315274168835582,6.530548337671163,0,0,0,1,0
1,11.87207355577761,6.95735785192587,1,0,0,1,0
1,12.932277144506171,6.769307138734567,1,1,0,0,0
1,12.892792470165665,6.868018824585843,1,1,0,0,0
0,13.407204162020102,6.214408324040206,0,0,1,1,0
0,13.380261433084478,6.660522866168954,0,0,0,1,0
1,11.814878794165557,5.322145447001333,1,1,1,0,0
1,12.802540594131584,7.093648514671044,1,1,0,0,0
1,11.9,5.955834673362857,0,1,1,1,0
0,12.2,5.886202957396229,1,1,0,1,0
0,13.369050739914616,6.292847780256157,0,0,1,1,0
0,14.041428548309554,6.5,0,0,1,1,0
1,14.186265094187842,6.558795282563529,1,0,1,0,0
0,13.448601340794497,6.690279731841101,1,0,0,1,0
1,11.9,5.207530020679957,0,1,1,1,0
0,13.859572543810328,6.091794962448289,0,0,1,1,0
0,13.094952380283594,6.903365079810938,1,0,0,1,0
1,14.026455753468705,6.3,1,0,0,0,0
1,12.177502893133688,5.230624276716578,1,0,1,1,0
1,14.34692329898042,5.855538061835242,1,0,1,0,0
1,11.742759474206371,6.914253158068791,1,0,0,1,0
1,12.9,7.037815697143752,1,1,1,0,0
1,12.012660109773336,5.270886703257778,1,0,1,1,0
0,13.332664205185068,6.483667897407466,0,0,1,1,0
1,12.0241392371514,5.274713079050466,1,0,1,1,0
1,14.12491206995698,6.37473620987094,1,0,1,0,0
0,14.209297605824007,6.37286507054934,1,0,1,0,0
1,14.170479068102592,6.159041863794815,1,0,1,0,0
1,12.671541850588646,7.0,1,0,0,1,0
0,13.29800939202465,6.4990046960123244,0,0,1,1,0
0,13.221211449521094,6.521211449521094,1,0,0,1,0
1,12.81442833669447,7.0639291582638295,1,1,0,0,0
0,13.372104367535796,6.283686897392611,0,0,1,1,0
1,14.10857661372163,6.325729841164886,1,0,1,0,0
1,12.494645885960788,5.168451371346404,1,0,1,1,0
0,13.396116580273736,6.701294473242088,1,0,0,1,0
1,11.659942384626994,5.500072019216257,0,1,1,1,0
1,12.7,5.432099482991064,1,0,1,1,0
0,13.485801277947656,6.371602555895312,0,0,1,1,0
1,11.831897370660196,5.196455847704423,1,0,1,1,0
0,13.378293403043765,6.460853298478119,0,0,1,1,0
1,14.197592365243656,6.104815269512687,1,0,1,0,0
1,14.133031963251154,6.166838878142197,1,1,0,0,0
1,12.86174726724752,6.945631831881199,1,1,0,0,0
1,14.4453266087882,5.67841210418124,1,0,1,0,0
1,12.471545525475806,5.125383830502688,1,0,1,1,0
0,13.472391327157876,6.344782654315751,0,0,1,1,0
1,14.31445983250502,5.913972301490964,1,0,1,0,0
0,13.001146713256311,6.301146713256312,1,0,0,1,0
0,13.310468044464278,6.520936088928555,0,0,0,1,0
0,14.10068498262074,6.3004566550804935,1,0,1,0,0
0,12.576063958245095,6.974645347251634,1,0,0,1,0
1,14.233109216590243,6.03378156681951,1,0,1,0,0
1,11.940366942395864,5.246788980798621,1,0,1,1,0
0,12.94295088378454,6.852349705405153,1,0,0,1,0
1,12.315892580296602,6.961589258029661,1,0,0,1,0
1,14.121838261145278,6.365514783435834,1,0,1,0,0
0,11.799945293650651,6.724958970237988,0,1,1,1,0
1,14.29992290505029,6.07147262568555,1,1,0,0,0
1,11.564332074255738,7.035667925744262,1,0,0,1,0
0,14.231908175989629,6.387938783993084,1,0,1,0,0
1,12.366680663522308,5.183329834119423,1,0,1,1,0
0,13.363313799932316,6.31005860020305,0,0,1,1,0
0,13.944433876308487,6.019056677449866,0,0,1,1,0
0,14.207878419363547,6.478653157707061,0,0,1,1,0
1,14.20115622754337,6.117918790421933,1,0,1,0,0
1,13.048617119235804,6.6,1,1,0,0,0
1,11.505536455211752,7.094463544788248,1,0,0,1,0
1,12.971205427054857,6.628794572945144,1,1,0,0,0
1,14.13254642178513,6.167116330408496,1,1,0,0,0
1,12.9956815763543,6.6043184236457,1,1,0,0,0
0,13.126748330755673,6.79108388974811,1,0,0,1,0
1,14.128103514361282,6.2437929712774345,1,0,1,0,0
0,14.339792754566142,5.933448469685477,0,0,1,1,0
1,11.855072765464255,5.273912681442893,1,1,1,0,0
1,13.442142476261877,6.48314300949525,1,1,0,0,0
0,13.956945828816536,6.0083321467286845,0,0,1,1,0
1,11.861144249276732,5.193206194524808,1,0,1,1,0
0,13.47712424709961,6.3542484941992186,0,0,1,1,0
0,11.523982234499414,6.416062179252053,0,1,1,1,0
0,12.241024507821972,5.853852953068162,1,1,0,1,0
0,13.304402579580032,6.508805159160062,0,0,0,1,0
0,13.096419011912744,6.902387325391504,1,0,0,1,0
0,13.783229782472077,6.431469975830231,0,0,1,1,0
1,11.589598218057109,7.0104017819428925,1,0,0,1,0
0,13.330358795298896,6.484820602350552,0,0,1,1,0
0,13.067304264116927,6.367304264116926,1,0,0,1,0
0,12.95781585402579,6.847394715324737,1,0,0,1,0
1,12.50821519993474,5.169739927296458,1,0,1,1,0
1,12.036880876267045,5.278960292089015,1,0,1,1,0
1,14.076256859046428,6.3,1,0,0,0,0
0,13.436791682864929,6.431604158567536,0,0,1,1,0
0,14.281577653819037,6.486841961535449,0,0,1,1,0
0,12.174497857369138,6.9957496428948565,0,1,1,0,0
1,12.680029773708796,7.0,1,0,0,1,0
0,12.298048329878643,5.50585501036407,1,1,0,1,0
0,11.570987840435157,6.251542558476952,0,1,1,1,0
1,14.311034190326982,6.065123319813154,1,1,0,0,0
1,11.945708813500753,5.208582372998496,1,1,1,0,0
0,13.314707305685678,6.45587808294297,0,0,1,1,0
0,13.088785923965172,6.388785923965171,1,0,0,1,0
1,13.743443962941235,6.352185345686255,1,1,0,0,0
1,12.966842469461657,6.633157530538343,1,1,0,0,0
1,14.406062571093548,5.749087372031613,1,0,1,0,0
1,12.382061418192036,6.985257677274005,1,0,0,1,0
0,13.428371558304963,6.256743116609931,0,0,1,1,0
0,12.958076850131375,6.258076850131377,1,0,0,1,0
0,12.878416314771384,6.873861228409538,1,0,0,1,0
1,14.50072908719848,5.956726235886584,1,1,0,0,0
1,11.96900414585358,6.577195024975703,1,0,0,1,0
1,12.441149560408228,5.186283479863923,1,0,1,1,0
1,13.461841150748896,6.446052949750368,1,1,0,0,0
1,12.641600599929154,7.0,1,0,0,1,0
1,12.358101025705672,7.070949487147164,1,0,0,1,0
0,13.319521703764718,6.490239148117642,0,0,1,1,0
0,13.367767932157882,6.635535864315765,0,0,0,1,0
1,11.983755569149398,6.935469446143675,1,0,0,1,0
0,13.863827849813966,6.19787341677002,0,0,1,1,0
0,14.150231998724298,6.549953600255141,1,0,0,1,0
0,14.390601156840534,6.493734104560355,1,0,1,0,0
0,13.403673747749812,6.448163126125095,0,0,1,1,0
1,14.077187924463434,6.3,1,0,0,0,0
1,11.659265105429515,5.411102341855724,1,0,1,1,0
1,11.9,5.218270386659073,0,1,1,1,0
1,11.9,5.281450348149516,0,1,1,1,0
1,12.03891985813908,5.279639952713027,1,0,1,1,0
1,12.222315264211955,7.074105088070652,1,0,0,1,0
0,13.37405954868872,6.277821353933839,0,0,1,1,0
1,13.077765516725202,6.574078161091599,1,1,0,0,0
0,13.356795584697208,6.613591169394414,0,0,0,1,0
1,14.145749102453342,6.437247307360028,1,0,1,0,0
1,13.68210947102855,6.372630176323816,1,1,0,0,0
1,12.135385920663587,5.288204693112137,1,0,1,1,0
1,13.670815089072216,6.391673964371114,1,1,0,0,0
1,13.590572968800709,6.423770812479717,1,1,0,0,0
0,14.048344476009238,6.570331104798153,1,0,0,1,0
1,12.656334533554084,7.0,1,0,0,1,0
0,13.337671451524525,6.386985645426429,0,0,1,1,0
1,12.7,5.482584437982999,1,0,1,1,0
1,12.55411154134328,7.0,1,0,0,1,0
0,13.338251790797491,6.385244627607527,0,0,1,1,0
1,11.994970402702554,7.057988161081022,0,1,1,0,0
0,11.554897438880696,6.719589755522785,0,1,1,0,0
0,13.447170827920184,6.4264145860399084,0,0,1,1,0
0,12.948217050537496,6.3241085252687474,0,0,1,1,0
1,11.536395091680282,7.027209816639436,0,1,1,0,0
1,13.810056128745163,6.335977548501933,1,1,0,0,0
0,14.30026822024663,5.955406544307428,0,0,1,1,0
1,14.469234427985633,5.9747231840082105,1,1,0,0,0
1,12.263111321141848,6.970388915142731,1,0,0,1,0
0,13.374080685081234,6.648161370162467,0,0,0,1,0
1,12.331863881644814,5.222712039451729,1,0,1,1,0
1,11.903742584845023,7.02149703393801,0,1,1,0,0
1,12.616841828239846,7.0,1,0,0,1,0
1,12.576130688624216,7.0,1,0,0,1,0
1,12.67642284665127,5.107859051116242,1,0,1,1,0
0,13.160371683199072,6.77987610560031,1,0,0,1,0
1,13.901313770894742,6.3,1,0,0,0,0
1,12.318241471349998,7.090879264325001,1,0,0,1,0
1,12.816107627605476,7.059730930986311,1,1,0,0,0
1,13.901278750415203,6.3,1,0,0,0,0
0,13.040804755198192,6.340804755198193,1,0,0,1,0
0,12.2592702922283,5.7036485388585,1,1,0,1,0
0,13.111828357260467,6.796057214246511,1,0,0,1,0
1,11.666420638768743,5.500295233477507,1,1,1,0,0
0,13.19481081230552,6.49481081230552,1,0,0,1,0
0,12.548310940101912,6.983896353299363,1,0,0,1,0
1,14.105147531307406,6.505147531307405,1,1,0,0,0
0,13.62843298275298,6.654313403449405,1,0,0,1,0
0,14.187580287906563,6.018010951163021,0,0,1,1,0
0,12.630411880439162,6.956529373186946,1,0,0,1,0
1,12.08290414230438,6.440515029234744,1,0,0,1,0
1,12.975338355267256,6.63288219297699,1,1,0,0,0
1,13.904465766110675,6.3,1,0,0,0,0
1,11.725476233940835,5.580416590603538,1,1,1,0,0
1,12.7,5.696147947168003,1,0,1,1,0
1,13.25435568071114,6.6,1,1,0,0,0
0,13.57935971454284,6.5,0,0,1,1,0
0,13.711985671262193,6.5,0,0,1,1,0
0,13.869326691062351,6.5,0,0,1,1,0
0,12.284209633217618,5.848119790410067,1,1,0,1,0
0,13.841893312336383,6.5,0,0,1,1,0
1,12.918784098140025,6.803039754649944,1,1,0,0,0
1,12.629442246307526,5.117639438423118,1,0,1,1,0
0,13.662752707812414,6.647449458437517,1,0,0,1,0
1,12.7,5.40524743789001,1,0,1,1,0
0,12.84320839506291,6.167547654321663,1,1,0,1,0
0,13.165523476591892,6.778158841136036,1,0,0,1,0
1,12.607413097758736,6.990741309775874,1,0,0,1,0
0,14.220828945544064,6.380552630362709,1,0,1,0,0
1,11.528758333108486,7.071241666891513,1,0,0,1,0
1,12.369713045880632,5.2100956513731225,1,0,1,1,0
0,13.45297779658545,6.305955593170903,0,0,1,1,0
0,13.322591534397016,6.432225396808953,0,0,1,1,0
0,14.394352457902537,6.501129508419493,1,0,0,1,0
0,12.65270667931041,5.8,1,1,0,1,0
0,13.276261011977343,6.488130505988672,0,0,1,1,0
0,13.330955047299948,6.561910094599893,0,0,0,1,0
1,12.574120602430002,7.0,1,0,0,1,0
1,12.667070674514507,7.0,1,0,0,1,0
1,12.954970822036907,6.645029177963091,1,1,0,0,0
1,13.34398716201181,6.48533761266273,1,1,0,0,0
0,13.333123113824234,6.483438443087883,0,0,1,1,0
1,14.036263660809272,6.3,1,0,0,0,0
1,12.924139279001118,5.24217527369248,1,1,1,0,0
1,13.675233285524808,6.374922238158398,1,1,0,0,0
0,11.826428543191613,6.744821407393709,0,1,1,1,0
0,13.693147158365814,6.42146079537398,0,0,1,1,0
1,11.73388063878679,5.299179041819815,1,0,1,1,0
0,12.597057680129168,6.967647439956944,1,0,0,1,0
1,12.76286494872944,6.916180068360747,1,1,0,0,0
1,14.25268102187165,5.994637956256702,1,0,1,0,0
0,12.392429171718137,5.5693218787886005,1,1,0,1,0
1,12.9,7.087220558328346,1,1,1,0,0
0,11.547663830439886,6.547663830439887,0,1,1,1,0
0,12.34986080754216,5.885634747166949,1,1,0,1,0
1,11.9,5.2714923126421125,0,1,1,1,0
0,12.229159929985434,5.7125202100436985,1,1,0,1,0
1,11.57557215673746,5.574046405437569,1,0,1,1,0
1,12.912416068340796,6.716778575545605,1,1,0,0,0
1,11.790787892185794,6.976315156874318,0,1,1,0,0
0,13.849044726246484,6.610191054750704,1,0,0,1,0
0,13.3642305637447,6.628461127489399,0,0,0,1,0
1,12.098649070149191,6.949831133768649,1,0,0,1,0
1,14.435928783637875,5.695328189451825,1,0,1,0,0
1,14.180589140356094,6.541767421068286,1,0,1,0,0
1,12.641740811349338,6.527827207566227,1,1,1,0,0
0,12.209337090172744,6.043977458963526,1,1,0,1,0
1,14.137943689926772,6.413831069780317,1,0,1,0,0
0,12.382743534649752,5.562057650987314,1,1,0,1,0
1,13.881660567627792,6.306113144124069,1,1,0,0,0
1,11.9,5.478790994334437,0,1,1,1,0
0,13.341848416567812,6.583696833135624,0,0,0,1,0
1,14.106521770545156,6.319565311635476,1,0,1,0,0
1,14.550806971692404,5.488547450953675,1,0,1,0,0
1,11.817811271847,5.217811271846999,1,0,1,1,0
1,12.025455632892823,5.17494937412302,1,0,1,1,0
0,13.08998332829426,6.80333889056858,1,0,0,1,0
1,11.634698331059331,6.9138793324237335,0,1,1,0,0
1,12.900471633874972,6.848820915312568,1,1,0,0,0
0,13.39934649649176,6.20196051052472,0,0,1,1,0
1,11.852789992733667,5.217596664244557,1,0,1,1,0
1,11.88176498087423,5.190915002125085,1,0,1,1,0
0,13.92973396263835,6.031656603452842,0,0,1,1,0
0,12.246408321481509,5.821550071110961,1,1,0,1,0
0,13.442744805404274,6.28548961080855,0,0,1,1,0
1,11.9,5.557455150285344,0,1,1,1,0
0,13.413924444958974,6.443037777520513,0,0,1,1,0
1,12.008191173591529,6.530170591690165,1,0,0,1,0
1,11.568877560041482,6.962244879917037,0,1,1,0,0
1,11.947350805338624,5.205298389322752,1,1,1,0,0
1,11.669459027817652,5.395811458273523,1,0,1,1,0
0,13.932675509980742,6.5,0,0,1,1,0
1,14.208511526957253,6.104679251476943,1,0,1,0,0
1,12.9698865099983,6.6301134900017,1,1,0,0,0
1,11.803855676666124,5.199571591481542,1,0,1,1,0
1,12.389708596972628,7.055145701513687,1,0,0,1,0
1,12.91285602535228,6.817859936619303,1,1,0,0,0
0,11.809580265461708,6.934930044243618,0,1,1,0,0
0,13.237269600074017,6.808486933283991,1,0,0,1,0
0,12.971514819722112,6.842828393425963,1,0,0,1,0
1,13.92442625078396,6.3,1,0,0,0,0
0,13.32032639611088,6.540652792221755,0,0,0,1,0
1,14.15171270174395,6.156164170432028,1,1,0,0,0
1,13.404528688369943,6.465157103876685,1,1,0,0,0
1,13.297109357852095,6.6,1,1,0,0,0
0,13.307442082217554,6.607442082217554,1,0,0,1,0
1,12.15534956812011,6.353580518255866,1,0,0,1,0
1,12.7,5.536720975960337,1,0,1,1,0
0,12.193508863687343,6.998918143947891,0,1,1,0,0
1,11.831265309294274,6.943755103098092,1,0,0,1,0
0,13.508296280550502,6.400921808950056,0,0,1,1,0
0,13.73408484056014,6.426009426728905,0,0,1,1,0
1,14.500813630685665,5.578535464765803,1,0,1,0,0
1,13.617677602509993,6.412928958996004,1,1,0,0,0
0,12.280472523149438,5.597637384252808,1,1,0,1,0
1,14.041677793621874,6.3,1,0,0,0,0
0,14.188233978819015,6.5,0,0,1,1,0
1,11.822019025502335,5.411466705370908,1,1,1,0,0
1,13.106649799964543,6.564450066678486,1,1,0,0,0
0,14.10237321226649,6.301582141510993,1,0,1,0,0
0,14.258245452385683,6.405496968257124,1,0,1,0,0
1,12.049308464805382,5.198616929610762,1,1,1,0,0
1,12.735494404831435,6.952674126891418,1,1,0,0,0
0,14.082701667028156,6.464744629669795,0,0,1,1,0
1,12.19249331955255,6.3090080165369375,1,0,0,1,0
1,11.970234404713352,5.159531190573297,1,1,1,0,0
0,12.878222484350658,7.047851677099562,1,0,0,1,0
0,12.107521662391832,6.984586943731972,0,1,1,0,0
0,13.147097141037952,6.423548570518975,0,0,1,1,0
1,13.543881769782908,6.442447292086837,1,1,0,0,0
0,14.15313795125931,6.335425300839541,1,0,1,0,0
1,12.329143161096336,6.978642895137042,1,0,0,1,0
0,14.348052542920872,6.510389491415825,1,0,0,1,0
1,14.426055152399636,5.999397055771636,1,1,0,0,0
1,11.557553177532991,7.042446822467007,1,0,0,1,0
0,14.184666435795751,5.813143055032211,0,0,1,1,0
0,13.074520502266791,6.916986331822138,1,0,0,1,0
1,11.947188561506628,6.9308985701883286,1,0,0,1,0
1,12.617803318089036,7.0,1,0,0,1,0
0,14.344414307613048,6.4938238119570055,0,0,1,1,0
1,11.954952174355272,6.93186902179441,1,0,0,1,0
1,13.214869561575082,6.528376812808306,1,1,0,0,0
0,12.672819935797277,6.942393354734242,1,0,0,1,0
1,12.18116448005286,5.157648391105238,1,0,1,1,0
1,11.619867991615788,6.980132008384212,1,0,0,1,0
1,12.37347373183785,5.157457497205822,1,1,1,0,0
0,12.978912018805078,6.840362660398307,1,0,0,1,0
0,13.389387530651168,6.455306234674416,0,0,1,1,0
1,12.957847673690528,6.642152326309472,1,1,0,0,0
1,12.118792082389838,7.039597360796613,1,0,0,1,0
1,12.55286607204157,7.0,1,0,0,1,0
1,11.96581574995705,5.25527191665235,1,0,1,1,0
1,14.528939521541536,5.527908861225234,1,0,1,0,0
0,12.902935309275112,6.202935309275114,1,0,0,1,0
1,11.99254248745996,6.548949015048048,1,0,0,1,0
1,14.041697290906171,6.3,1,0,0,0,0
1,13.94552168398817,6.3,1,0,0,0,0
1,12.487981623887777,5.123557597345803,1,0,1,1,0
1,13.715168904635142,6.361610365121619,1,1,0,0,0
1,13.919518503847328,6.3,1,0,0,0,0
1,11.841335185737064,5.1954072015847705,1,0,1,1,0
0,13.707410190249885,6.284772116527844,0,0,1,1,0
1,14.111174718376247,6.333524155128746,1,0,1,0,0
0,14.145992714862368,6.041115158409796,0,0,1,1,0
1,13.099252049286129,5.269115699890174,1,1,1,0,0
0,13.387063947053685,6.687063947053685,1,0,0,1,0
0,12.717181200816553,6.927606266394482,1,0,0,1,0
1,11.66151690863558,5.506179709637305,1,1,1,0,0
1,13.578145004905709,6.407284998364763,1,1,0,0,0
1,11.9724631604027,6.5730442075167606,1,0,0,1,0
1,11.5130111574973,7.073977685005399,0,1,1,0,0
0,14.302793583058056,6.489199287006451,0,0,1,1,0
1,12.46454834264768,7.01772582867616,1,0,0,1,0
1,14.01570074331146,6.3,1,0,0,0,0
0,11.586129065743773,6.586129065743771,0,1,1,1,0
1,11.954951771464986,6.9849839238216616,1,0,0,1,0
1,12.212625048317852,5.221843737920537,1,0,1,1,0
0,13.30358040411038,6.764279730593081,1,0,0,1,0
0,13.166536305879838,6.4665363058798375,1,0,0,1,0
0,14.232330131900252,6.481370014655584,0,0,1,1,0
1,14.10475998943809,6.291432019011437,1,0,1,0,0
0,11.555755305503364,6.72302122201345,0,1,1,0,0
1,12.7,5.146753263196223,1,0,1,1,0
1,14.115432944353252,6.269134111293497,1,0,1,0,0
1,12.385708344056267,7.057145827971866,1,0,0,1,0
0,12.932715526644772,6.232715526644773,1,0,0,1,0
1,14.000636504371286,6.3,1,0,0,0,0
0,12.09583915960077,6.982639859933462,0,1,1,0,0
1,11.9,5.205666730887772,0,1,1,1,0
1,11.999670061123709,7.059868024449484,0,1,1,0,0
1,12.539656222157408,7.0,1,0,0,1,0
0,11.838280761334923,6.432343847733016,0,1,1,1,0
0,11.57218850759394,6.247340223421214,0,1,1,1,0
1,11.9,5.23381997692364,0,1,1,1,0
1,13.565396799945937,6.411534400018022,1,1,0,0,0
0,13.399289184351783,6.202132446944645,0,0,1,1,0
0,14.123838431896392,6.053423093390893,0,0,1,1,0
1,11.95650118025489,5.228250590127445,0,1,1,1,0
1,14.10669773741911,6.320093212257328,1,0,1,0,0
0,14.230753849395068,6.387169232930045,1,0,1,0,0
0,12.2,5.821485006763404,1,1,0,1,0
1,11.761122218380985,6.907640277297624,1,0,0,1,0
1,11.908507452022707,6.926063431502839,1,0,0,1,0
0,11.705201274842889,6.458959745031423,0,1,1,1,0
1,14.177584155078325,6.144831689843355,1,0,1,0,0
1,11.98231615257755,6.56122061690694,1,0,0,1,0
0,13.4829092363686,6.408545381815701,0,0,1,1,0
1,12.987593983614977,6.612406016385026,1,1,0,0,0
1,11.991757098973332,5.109891481232001,1,1,1,0,0
0,14.381388802422087,5.910339554209951,0,0,1,1,0
0,12.24055507696354,5.678334769109377,1,1,0,1,0
1,14.06340284031056,6.206626948393967,1,1,0,0,0
0,13.32052161645194,6.489739191774031,0,0,1,1,0
0,13.749592838450427,6.5,0,0,1,1,0
0,13.458756153894551,6.420621923052724,0,0,1,1,0
1,14.27458554901568,5.985746011771777,1,0,1,0,0
1,14.12994458045535,6.240110839089302,1,0,1,0,0
1,11.66288366468534,5.477133212841694,1,0,1,1,0
0,12.254930225687447,5.770418645875317,1,1,0,1,0
1,12.936530942735423,6.663469057264576,1,1,0,0,0
1,12.493619066126806,6.9992023832658505,1,0,0,1,0
1,12.998285324676209,6.601714675323794,1,1,0,0,0
1,12.474718275471853,6.996839784433981,1,0,0,1,0
0,12.20194460753543,6.088332354787424,1,1,0,1,0
0,13.353032714702325,6.606065429404645,0,0,0,1,0
1,12.813889431177923,7.065276422055187,1,1,0,0,0
1,12.942666322789794,6.657333677210207,1,1,0,0,0
0,11.570667577073802,6.929332422926197,0,1,1,0,0
1,12.355853803868106,5.138238466236877,1,0,1,1,0
0,14.271901648516472,6.525619670296706,1,0,0,1,0
0,12.200082748250573,5.8,1,1,0,1,0
0,12.83228353541773,6.889238821527424,1,0,0,1,0
0,14.060296361829565,5.919745975574657,0,0,1,1,0
1,11.751154450962533,6.906394306370316,1,0,0,1,0
1,14.533097485714409,5.5204245257140645,1,0,1,0,0
1,14.404094404214195,5.752630072414448,1,0,1,0,0
1,12.9,6.850670058998293,1,1,1,0,0
0,13.308087206545869,6.516174413091736,0,0,0,1,0
0,13.429664228952714,6.259328457905428,0,0,1,1,0
0,13.673333959736182,6.645333208052764,1,0,0,1,0
0,11.565417010503875,6.486916597899224,0,1,1,1,0
0,13.646993960283426,6.416332662253715,0,0,1,1,0
0,13.342646272072392,6.585292544144781,0,0,0,1,0
1,12.06214527812493,7.0207150927083095,1,0,0,1,0
1,14.158970992141969,6.1820580157160645,1,0,1,0,0
0,13.242593716688695,6.471296858344347,0,0,1,1,0
1,14.165337242668151,6.5653372426681536,1,1,0,0,0
1,12.851040365905432,6.79861284545942,1,1,0,0,0
1,11.513018232678585,5.678302945535692,1,0,1,1,0
1,14.143480553190445,6.430441659571338,1,0,1,0,0
1,12.825905295700723,7.035236760748193,1,1,0,0,0
0,14.335555119199183,6.512888976160164,1,0,0,1,0
0,12.959365383593958,6.329682691796979,0,0,1,1,0
1,11.9,5.279122821065899,0,1,1,1,0
1,12.275664828189292,5.147148352423412,1,0,1,1,0
1,12.025151351163656,6.509818378603612,1,0,0,1,0
0,12.2,5.912381615459322,1,1,0,1,0
1,11.915314022923043,5.296171494269238,1,0,1,1,0
1,12.388404629942745,7.055797685028629,1,0,0,1,0
1,14.027266276585822,6.427266276585822,1,1,0,0,0
1,14.182932750189376,6.134134499621247,1,0,1,0,0
0,13.36389235494562,6.627784709891243,0,0,0,1,0
0,13.114001600228256,6.890665599847829,1,0,0,1,0
1,13.814578908483687,6.328473697172104,1,1,0,0,0
0,12.2,6.081653456016978,1,1,0,1,0
0,14.253086709801758,6.402057806534505,1,0,1,0,0
1,12.259016361809437,5.148998182021174,1,0,1,1,0
0,13.183805291476215,6.441902645738108,0,0,1,1,0
0,13.38378772808112,6.5,0,0,1,1,0
0,12.964582408120457,6.990278394586363,1,0,0,1,0
0,11.762308037643011,6.762308037643013,0,1,1,1,0
0,13.324360254228315,6.548720508456629,0,0,0,1,0
1,11.684329779123544,6.933731911649418,0,1,1,0,0
0,11.988440904758145,6.866330678568606,0,1,1,1,0
1,11.754766712943429,6.961906685177372,0,1,1,0,0
0,13.27020828535745,6.485104142678725,0,0,1,1,0
1,13.990014218857812,6.248563303509822,1,1,0,0,0
1,11.655261986349574,6.944738013650426,1,0,0,1,0
0,11.600032020416624,6.149887928541808,0,1,1,1,0
1,12.819438796101672,7.051403009745823,1,1,0,0,0
0,14.289627669907285,6.522074466018543,1,0,0,1,0
1,13.243237972480555,6.6,1,1,0,0,0
0,13.370496260201872,6.640992520403744,0,0,0,1,0
1,13.56145535236653,6.435417859053389,1,1,0,0,0
1,14.081565185208712,6.481565185208712,1,1,0,0,0
0,13.364906025057138,6.6298120501142765,0,0,0,1,0
1,12.573411737670192,7.0,1,0,0,1,0
0,13.501456472144037,6.679708705571193,1,0,0,1,0
1,12.089945995183111,5.321837819933413,1,0,1,1,0
1,12.921457510234646,6.678542489765355,1,1,0,0,0
0,13.44963356822101,6.425183215889495,0,0,1,1,0
1,14.230406488734808,6.039187022530384,1,0,1,0,0
1,12.05891059161334,6.944863823951668,1,0,0,1,0
0,13.382640863831028,6.665281727662057,0,0,0,1,0
0,13.495731207285944,6.680853758542812,1,0,0,1,0
0,13.357059036617022,6.614118073234043,0,0,0,1,0
0,12.26562232117527,5.8,1,1,0,1,0
1,13.134506997139836,5.274539538021513,1,1,1,0,0
0,12.2,5.888131126245434,1,1,0,1,0
0,13.313187638877864,6.526375277755729,0,0,0,1,0
1,12.015061494356312,6.521926206772424,1,0,0,1,0
0,11.58027737129747,6.91972262870253,0,1,1,0,0
0,13.863140299651606,6.088736886012908,0,0,1,1,0
1,12.250838028493426,5.149906885722952,1,0,1,1,0
0,13.700450790050697,6.639909841989861,1,0,0,1,0
1,14.009938469505554,6.3,1,0,0,0,0
1,12.9,7.001336088299108,1,1,1,0,0
1,14.185123632113008,6.146777462196585,1,0,1,0,0
1,12.58991439953824,7.0,1,0,0,1,0
1,11.9,5.22576703131646,0,1,1,1,0
0,13.031390641781533,6.33139064178153,1,0,0,1,0
0,13.04089748019139,6.370448740095695,0,0,1,1,0
1,12.640455152987528,5.106616094112496,1,0,1,1,0
0,12.188868385209828,7.01665128890737,0,1,1,1,0
1,14.04681142086604,6.3,1,0,0,0,0
1,12.518384507547744,7.0,1,0,0,1,0
1,14.167097929464454,6.501293788393365,1,0,1,0,0
0,14.024907812428776,6.1083845486506805,0,0,1,1,0
0,12.70824865494906,6.930583781683647,1,0,0,1,0
1,14.176752058910754,6.146495882178494,1,0,1,0,0
1,12.545587162014472,5.117156981998392,1,0,1,1,0
1,12.93334025322014,6.6666597467798585,1,1,0,0,0
1,12.34433422107297,7.077832889463515,1,0,0,1,0
0,12.587110380760498,5.834962110887246,1,1,0,1,0
1,13.650732147242014,6.383089284252662,1,1,0,0,0
1,11.630121764595392,6.969878235404608,1,0,0,1,0
1,13.215493028915477,6.6,1,1,0,0,0
1,11.918371697691628,5.263256604616746,1,1,1,0,0
1,12.905830335272787,6.694169664727212,1,1,0,0,0
1,13.290750160046768,6.6,1,1,0,0,0
1,13.218170434593723,6.527276521802092,1,1,0,0,0
0,12.612119034153,5.734089275614751,1,1,0,1,0
1,12.99686262083482,6.603137379165179,1,1,0,0,0
0,14.308806513639423,6.48986739040438,0,0,1,1,0
1,11.58394971905944,6.93210056188112,0,1,1,0,0
1,12.114295195268646,6.951786899408581,1,0,0,1,0
1,14.173146916151431,6.519440748454299,1,0,1,0,0
1,11.78847704065023,5.470165178862097,1,1,1,0,0
0,12.724584067673934,6.925138644108689,1,0,0,1,0
0,13.271343333851386,6.485671666925692,0,0,1,1,0
1,13.495304044948565,6.434898651683811,1,1,0,0,0
0,12.2,5.949557653348346,1,1,0,1,0
1,13.80114454681523,6.332951817728256,1,1,0,0,0
1,11.816176707543647,6.760587950947621,1,0,0,1,0
0,13.308198843903456,6.516397687806911,0,0,0,1,0
1,14.137180435989013,6.411541307967035,1,0,1,0,0
1,12.019673593431175,5.273224531143726,1,0,1,1,0
1,12.916247959937392,6.6837520400626085,1,1,0,0,0
1,13.346486627469623,6.484504457510124,1,1,0,0,0
0,14.363682721444738,6.5,0,0,1,1,0
1,11.726608011821163,6.903326001477646,1,0,0,1,0
1,12.388913478082888,5.134565169101901,1,0,1,1,0
0,12.987394045145754,6.837535318284749,1,0,0,1,0
1,14.069313538266629,6.469313538266628,1,1,0,0,0
1,12.831095178394198,6.825206428807734,1,1,0,0,0
1,12.82274579945982,6.64849719963988,1,1,1,0,0
1,12.402606042255943,7.048696978872028,1,0,0,1,0
0,13.272932613878254,6.742355795373916,1,0,0,1,0
0,13.43773748160898,6.275474963217959,0,0,1,1,0
1,12.897541838620045,6.709832645519826,1,1,1,0,0
1,12.7,5.325242984270949,1,0,1,1,0
1,11.532156197909414,7.067843802090587,1,0,0,1,0
1,13.169092819196706,6.6,1,1,0,0,0
0,12.96069047214751,6.260690472147511,1,0,0,1,0
0,14.33768571273688,6.493076190304098,0,0,1,1,0
1,13.232674060458171,6.6,1,1,0,0,0
1,14.225353951173917,6.04929209765217,1,0,1,0,0
0,13.35191910941759,6.474040445291205,0,0,1,1,0
0,13.488856778325273,6.377713556650542,0,0,1,1,0
0,11.603981592711888,6.136064425508391,0,1,1,1,0
1,14.15727921591918,6.185441568161639,1,0,1,0,0
1,12.221647628383248,5.219588092904187,1,0,1,1,0
0,13.34128593732969,6.582571874659381,0,0,0,1,0
0,14.152875994658164,5.840392004578716,0,0,1,1,0
0,11.908342277577493,6.951390379596249,0,1,1,0,0
0,11.505035252878596,6.520141011514381,0,1,1,0,0
1,11.851029635526697,5.261212955591629,0,1,1,1,0
1,13.247156336063105,6.6,1,1,0,0,0
1,14.187650013703864,6.562950041111593,1,0,1,0,0
0,13.35320135327076,6.6064027065415205,0,0,0,1,0
1,11.900812323882262,5.2997969190294345,1,0,1,1,0
1,12.065962247585407,5.258509438103648,1,0,1,1,0
1,12.7,5.400334316954667,1,0,1,1,0
1,14.112167330161776,6.336501990485327,1,0,1,0,0
1,12.322663252960467,5.194334186759883,1,0,1,1,0
1,11.795370002673874,6.911921250334235,1,0,0,1,0
1,14.144738822701342,6.544738822701341,1,1,0,0,0
1,12.303559570155612,7.098220214922193,1,0,0,1,0
1,12.9,6.754096799321461,1,1,1,0,0
1,12.76216364821135,6.906754527682972,1,1,1,0,0
1,14.469515771556562,5.634871611198187,1,0,1,0,0
0,13.384770639031393,6.669541278062786,0,0,0,1,0
0,13.383861979440647,6.6677239588812975,0,0,0,1,0
0,11.596255416087196,6.596255416087195,0,1,1,1,0
1,13.978877946885396,6.3,1,0,0,0,0
1,14.010935705086988,6.3,1,0,0,0,0
1,13.434161057612105,6.455279647462631,1,1,0,0,0
1,11.765885169388929,6.966354067755572,0,1,1,0,0
0,14.350724965804238,6.4671499772028245,1,0,1,0,0
1,14.18336244434653,6.550087333039594,1,0,1,0,0
1,14.044175295326196,6.444175295326197,1,1,0,0,0
0,12.145916208032384,6.990986034672064,0,1,1,0,0
1,11.734696623636022,6.904337077954503,1,0,0,1,0
1,12.0152400530057,5.102344623539338,1,1,1,0,0
0,13.413203036626886,6.4433984816865575,0,0,1,1,0
0,13.91201308753099,6.046845924973436,0,0,1,1,0
1,12.537732940014196,5.118029673331756,1,0,1,1,0
1,14.13213744866071,6.396412345982134,1,0,1,0,0
1,12.033549389342475,5.174050067850836,1,0,1,1,0
0,14.284315793972514,5.964269003348604,0,0,1,1,0
0,12.827323454641716,6.890892181786095,1,0,0,1,0
0,13.258444655987203,6.747185114670932,1,0,0,1,0
0,13.224449871596793,6.817033418935472,1,0,0,1,0
0,13.32020633630769,6.439380991076932,0,0,1,1,0
1,11.837754763289668,6.917219345411209,1,0,0,1,0
0,13.134156216305524,6.4170781081527615,0,0,1,1,0
0,14.021810975365836,6.110105013685646,0,0,1,1,0
1,12.9,6.990108481264409,1,1,1,0,0
1,14.10885256522281,6.326557695668431,1,0,1,0,0
0,12.874473459311917,6.875175513562694,1,0,0,1,0
0,13.122229040216812,6.885180639855459,1,0,0,1,0
1,13.961031446932717,6.3,1,0,0,0,0
1,12.556570860193885,7.0,1,0,0,1,0
0,13.422307671691383,6.438846164154309,0,0,1,1,0
1,12.246845842003864,5.150350461999571,1,0,1,1,0
1,14.031351679151593,6.3,1,0,0,0,0
0,14.351823093877591,6.467882062585062,1,0,1,0,0
1,14.06227609210821,6.46227609210821,1,1,0,0,0
1,14.230656695789143,6.06481794757954,1,0,1,0,0
1,11.9,5.635242945798381,0,1,1,1,0
1,11.511491054537172,7.077017890925654,0,1,1,0,0
0,13.43931645957046,6.278632919140918,0,0,1,1,0
1,12.514963001502808,5.120559666499688,1,0,1,1,0
1,11.687579089574008,5.368631365638988,1,0,1,1,0
0,14.333913455723096,6.5,0,0,1,1,0
0,13.24588284093424,6.7513723863552535,1,0,0,1,0
0,12.23570079123357,5.821496043832143,1,1,0,1,0
0,13.332126452960123,6.722624515679959,1,0,0,1,0
1,13.007513742546536,6.6,1,1,0,0,0
0,12.2,5.961027735992739,1,1,0,1,0
0,13.290239182136842,6.590239182136841,1,0,0,1,0
0,11.977564615409277,6.977564615409274,0,1,1,1,0
0,11.571476087761752,6.928523912238247,0,1,1,0,0
0,13.42050056387969,6.241001127759381,0,0,1,1,0
1,11.9,5.396511847728871,0,1,1,1,0
0,13.304264849794658,6.508529699589314,0,0,0,1,0
1,12.275482886872949,6.971935360859119,1,0,0,1,0
0,13.03013193523961,6.823289354920131,1,0,0,1,0
1,13.141758222368209,6.552747259210597,1,1,0,0,0
1,14.190786914150022,6.118426171699956,1,0,1,0,0
0,13.359229179207158,6.322312462378527,0,0,1,1,0
0,13.064336053098264,6.923775964601159,1,0,0,1,0
1,11.866295132212592,6.955431710737531,1,0,0,1,0
1,11.954886138791943,7.041954455516779,0,1,1,0,0
0,13.04607039986318,6.346070399863181,1,0,0,1,0
0,13.706501642940696,6.285276865032948,0,0,1,1,0
1,12.533600566052767,5.155466477982411,1,0,1,1,0
1,11.861581334674678,5.193157629480592,1,0,1,1,0
0,11.608242761200811,6.121150335797159,0,1,1,1,0
0,12.10778570858716,6.955839281440368,0,1,1,1,0
0,13.410892534490326,6.697821493101935,1,0,0,1,0
1,12.453109258995545,5.12743230455605,1,0,1,1,0
1,14.131684886020071,6.395054658060223,1,0,1,0,0
0,13.375349130733804,6.650698261467609,0,0,0,1,0
1,13.144038845513345,6.6,1,1,0,0,0
0,12.23018279554719,5.918903226716861,1,1,0,1,0
1,12.029964959383555,6.932996495938355,1,0,0,1,0
1,11.56012726752814,6.979745464943721,0,1,1,0,0
0,13.533435646404834,6.371340874510143,0,0,1,1,0
1,12.808431464204538,7.078921339488654,1,1,0,0,0
1,12.130985922661074,5.163223786370992,1,0,1,1,0
0,12.783940288305068,6.133680164745754,1,1,0,1,0
0,11.610776206652409,6.477844758669519,0,1,1,1,0
0,13.388431265451842,6.455784367274079,0,0,1,1,0
1,11.542497926944474,5.629170121759212,1,0,1,1,0
1,11.576975672679232,7.023024327320768,1,0,0,1,0
0,12.681525785264611,5.945113416142046,1,1,0,1,0
1,12.506991009276213,5.121445443413754,1,0,1,1,0
1,12.555721157026277,7.0,1,0,0,1,0
1,14.16351967684341,6.490559030530231,1,0,1,0,0
1,14.447419090549513,5.67464563701088,1,0,1,0,0
0,13.125374203291546,6.791541932236151,1,0,0,1,0
1,14.451654513421264,5.6670218758417255,1,0,1,0,0
0,12.279538874269988,5.622766754380071,1,1,0,1,0
1,14.122574049540775,6.172814828833842,1,1,0,0,0
0,12.2,6.051414458078376,1,1,0,1,0
1,13.506703081835663,6.431098972721445,1,1,0,0,0
0,13.43945484473491,6.430272577632546,0,0,1,1,0
0,13.470273507940483,6.340547015880967,0,0,1,1,0
1,11.9,5.27230659424276,0,1,1,1,0
1,11.998374646373907,6.937296830796739,1,0,0,1,0
1,11.84149153701668,5.195389829220369,1,0,1,1,0
1,14.178706189197888,6.1425876216042266,1,0,1,0,0
1,11.778876869327789,5.434953865698986,1,0,1,1,0
0,13.404600302892652,6.69907993942147,1,0,0,1,0
0,14.176770132704304,6.5,0,0,1,1,0
1,11.971492163222322,5.157015673555354,1,1,1,0,0
1,13.250432836646391,6.516522387784535,1,1,0,0,0
1,14.26614757018541,6.090772817036909,1,1,0,0,0
1,14.140091359879396,6.420274079638185,1,0,1,0,0
1,12.9,6.896491400845803,1,1,1,0,0
1,14.166026621826036,6.566026621826036,1,1,0,0,0
0,13.59892841366528,6.660214317266944,1,0,0,1,0
1,13.669825366104206,6.392069853558318,1,1,0,0,0
1,13.94735378136082,6.34735378136082,1,1,0,0,0
1,14.18414108487371,6.552423254621134,1,0,1,0,0
1,12.649335233057537,7.0,1,0,0,1,0
0,13.365703254796053,6.665703254796052,1,0,0,1,0
0,13.989020454753868,6.128321969581186,0,0,1,1,0
1,11.844872395657651,5.310255208684695,0,1,1,1,0
0,12.224550875281649,5.952694748310101,1,1,0,1,0
0,14.08088726000043,6.563822547999914,1,0,0,1,0
0,13.380498185851412,6.258505442445766,0,0,1,1,0
0,11.570614024757436,6.570614024757436,0,1,1,1,0
1,11.516599159150848,7.066801681698303,0,1,1,0,0
0,13.82197684529462,6.221123974836322,0,0,1,1,0
1,14.05573733637786,6.3,1,0,0,0,0
0,13.140413426749472,6.440413426749472,1,0,0,1,0
1,12.889289571342852,6.692859714228567,1,1,1,0,0
1,12.13088484481034,5.289705051729887,1,0,1,1,0
1,11.73314795178674,5.45158256298664,1,0,1,1,0
1,12.313495400879772,5.228834866373409,1,0,1,1,0
1,12.7,5.621912368380921,1,0,1,1,0
1,11.826085293597156,5.226085293597155,1,0,1,1,0
1,14.117906224793014,6.353718674379041,1,0,1,0,0
1,14.078316862295004,6.3,1,0,0,0,0
1,12.1212496750532,6.394500389936157,1,0,0,1,0
1,11.836964945374284,5.195892783847302,1,0,1,1,0
1,14.010162809801438,6.237049822970608,1,1,0,0,0
0,11.527337002798095,6.49453259944038,0,1,1,1,0
0,11.520293481039827,6.979706518960172,0,1,1,0,0
1,11.960102661108476,5.169820343060166,1,1,1,0,0
1,11.76627040282522,6.922090134275074,1,0,0,1,0
0,13.00616240964261,6.30616240964261,1,0,0,1,0
0,13.310993061829446,6.52198612365889,0,0,0,1,0
0,12.28769308892976,7.090769816697319,0,1,1,1,0
0,13.394390614610549,6.452804692694727,0,0,1,1,0
0,12.915726938384765,6.307863469192381,0,0,1,1,0
0,13.497852139943578,6.401073930028211,0,0,1,1,0
0,13.983469955609388,6.131405580217007,0,0,1,1,0
1,12.921479159822267,6.678520840177733,1,1,0,0,0
0,11.545310786614284,6.68124314645714,0,1,1,0,0
0,12.068267930593864,7.068267930593864,0,1,1,1,0
1,13.000530380257237,6.6,1,1,0,0,0
0,13.322095742343258,6.488952128828371,0,0,1,1,0
1,14.501208149459757,5.577825330972437,1,0,1,0,0
1,11.9,5.297269192787633,0,1,1,1,0
0,11.784731203827194,6.443053759234561,0,1,1,1,0
0,13.688646462464096,6.420960718051567,0,0,1,1,0
1,14.037801580571918,6.3,1,0,0,0,0
1,14.200609146910558,6.098781706178881,1,0,1,0,0
0,13.303287744478654,6.603287744478654,1,0,0,1,0
0,13.90215868363044,6.055292556888194,0,0,1,1,0
1,13.670880413607469,6.376373195464177,1,1,0,0,0
0,13.32666304484924,6.553326089698479,0,0,0,1,0
0,13.400484705305589,6.449757647347207,0,0,1,1,0
0,13.151411330601311,6.782862889799563,1,0,0,1,0
0,13.03241157491966,6.332411574919661,1,0,0,1,0
0,13.30554196050419,6.511083921008376,0,0,0,1,0
1,13.957787238319774,6.3,1,0,0,0,0
1,13.995828207575364,6.395828207575362,1,1,0,0,0
1,12.191693120114264,6.961461640014283,1,0,0,1,0
1,13.715379237202486,6.361540254265838,1,1,0,0,0
0,14.294172470463058,6.429448313642039,1,0,1,0,0
1,12.636668150656345,7.0,1,0,0,1,0
1,14.09809140148075,6.3,1,0,0,0,0
1,11.63931693359755,6.915726773439021,0,1,1,0,0
1,12.7,5.618037280646262,1,0,1,1,0
0,13.31152331310408,6.49423834344796,0,0,1,1,0
0,13.231249868287714,6.756250043904096,1,0,0,1,0
0,14.133436535644767,6.322291023763179,1,0,1,0,0
0,14.259350978235403,6.484372330915045,0,0,1,1,0
1,12.047780797871503,5.273890398935752,0,1,1,1,0
1,12.647940791290235,7.0,1,0,0,1,0
1,12.410535637399835,7.044732181300081,1,0,0,1,0
1,13.181368148990732,6.539543950336423,1,1,0,0,0
0,11.579750773474768,6.819003093899069,0,1,1,0,0
1,12.076073097605097,7.090429239042038,0,1,1,0,0
1,14.28891571925268,5.922168561494643,1,0,1,0,0
0,13.264302049723788,6.790465300184142,1,0,0,1,0
1,11.668205407417457,5.489743240728183,0,1,1,1,0
0,13.203380284137404,6.503380284137403,1,0,0,1,0
0,13.464678927568215,6.329357855136429,0,0,1,1,0
0,12.266271991069612,5.601184026791164,1,1,0,1,0
1,12.7,5.49529163702261,1,0,1,1,0
0,13.315062647608778,6.530125295217554,0,0,0,1,0
1,14.014252144929964,6.3,1,0,0,0,0
0,12.636152603965147,6.954615798678284,1,0,0,1,0
1,12.368205267317578,6.983525658414697,1,0,0,1,0
1,14.19382985323276,6.581489559698283,1,0,1,0,0
0,11.529057911733064,6.61623164693226,0,1,1,0,0
0,13.430470944768556,6.26094188953711,0,0,1,1,0
1,12.176686944213406,5.274437685262198,1,0,1,1,0
1,13.99715274361521,6.244484146505594,1,1,0,0,0
1,12.112414158288349,5.165287315745739,1,0,1,1,0
0,12.24612504206381,5.769374789680949,1,1,0,1,0
0,11.97718714436822,6.96286452406137,0,1,1,0,0
0,12.47543915225548,5.957393801288846,1,1,0,1,0
0,14.220325795222491,6.3802171968149946,1,0,1,0,0
1,12.706492607517076,6.570995071678052,1,1,1,0,0
1,13.979583255814726,6.3,1,0,0,0,0
0,12.2,6.0624370766140085,1,1,0,1,0
1,12.888091052456874,6.879772368857817,1,1,0,0,0
1,12.030623522401148,5.265311761200573,0,1,1,1,0
0,12.275742446552488,5.621287767237571,1,1,0,1,0
0,12.285267075954163,5.544198772137508,1,1,0,1,0
1,12.474057781661047,6.996757222707631,1,0,0,1,0
1,11.548451124657356,5.639436094178308,0,1,1,1,0
1,14.199634168538337,6.598902505615011,1,0,1,0,0
0,13.296106451041348,6.498053225520674,0,0,1,1,0
1,12.911649128775174,6.688350871224827,1,1,0,0,0
1,12.44781207946522,7.02609396026739,1,0,0,1,0
0,13.890601888883918,6.182998950620046,0,0,1,1,0
0,13.438303808720963,6.430848095639518,0,0,1,1,0
1,12.43120273880564,7.03439863059718,1,0,0,1,0
0,14.013059467353395,6.114966962581447,0,0,1,1,0
1,14.11606966387109,6.348208991613267,1,0,1,0,0
0,13.490711709850352,6.381423419700703,0,0,1,1,0
1,12.454421179515704,6.994302647439463,1,0,0,1,0
1,14.360988936509454,5.830219914282982,1,0,1,0,0
0,11.847441403535974,6.430511719292805,0,1,1,1,0
1,13.778554733037865,6.348578106784855,1,1,0,0,0
1,12.616537104249351,5.130350143909325,1,0,1,1,0
1,12.97126379514316,6.628736204856842,1,1,0,0,0
0,13.353968215975518,6.338095352073446,0,0,1,1,0
1,13.910056574070897,6.3,1,0,0,0,0
1,14.13549877568192,6.2290024486361615,1,0,1,0,0
0,13.413476450045186,6.226952900090372,0,0,1,1,0
1,12.191897608540287,5.129522709006197,1,1,1,0,0
1,11.766374824822062,5.256041958629897,1,0,1,1,0
0,13.592097170093204,6.661580565981359,1,0,0,1,0
1,11.949211749315024,5.224605874657512,0,1,1,1,0
0,13.851673728075172,6.609665254384966,1,0,0,1,0
0,13.312639859425866,6.493680070287067,0,0,1,1,0
1,12.066285318939622,5.283142659469811,0,1,1,1,0
0,11.867193056207062,6.867193056207062,0,1,1,1,0
0,13.352092325790071,6.6041846515801454,0,0,0,1,0
0,13.351002754688592,6.474498622655704,0,0,1,1,0
1,12.82505673529548,7.037358161761297,1,1,0,0,0
1,13.164797700703607,6.6,1,1,0,0,0
0,14.360175438718333,6.507964912256333,1,0,0,1,0
1,12.7,5.17732973196639,1,0,1,1,0
0,11.888084946963652,6.948014157827275,0,1,1,0,0
1,12.059520757713653,6.944940094714207,1,0,0,1,0
1,12.7,5.689147534010291,1,0,1,1,0
1,12.93077797680381,6.692296030928253,1,1,0,0,0
1,14.001594734675388,6.3,1,0,0,0,0
0,13.08039862155994,6.38039862155994,1,0,0,1,0
1,12.442528032723674,7.028735983638163,1,0,0,1,0
0,12.997619543099084,6.968253637933944,1,0,0,1,0
0,13.39604162704741,6.692083254094821,0,0,0,1,0
1,11.966260653064811,5.167478693870373,1,1,1,0,0
1,14.413786198318634,5.735184843026457,1,0,1,0,0
0,13.192373488896212,6.769208837034596,1,0,0,1,0
1,14.146125348856977,6.438376046570933,1,0,1,0,0
0,13.727025992244204,6.4252251102493565,0,0,1,1,0
1,14.07862805290186,6.3,1,0,0,0,0
1,11.52493960592333,5.668825492595837,0,1,1,1,0
0,13.777505876636736,6.245830068535146,0,0,1,1,0
1,14.21057197483631,6.078856050327381,1,0,1,0,0
1,11.9,5.998246035453686,0,1,1,1,0
1,14.037441637226337,6.3,1,0,0,0,0
1,13.997380759943306,6.3,1,0,0,0,0
0,11.560040018420738,6.939959981579263,0,1,1,0,0
1,12.378324477023495,6.984790559627937,1,0,0,1,0
1,13.921771514350514,6.3,1,0,0,0,0
1,14.264102620813963,6.0046152825348615,1,0,1,0,0
0,14.383005057101832,6.488670038067888,1,0,1,0,0
0,13.59484593196746,6.661030813606508,1,0,0,1,0
0,13.359164932752492,6.3225052017425245,0,0,1,1,0
1,12.562116705711086,7.0,1,0,0,1,0
0,13.341545177367909,6.375364467896274,0,0,1,1,0
0,13.284442347575943,6.584442347575944,1,0,0,1,0
1,11.61763172325619,5.769144484301666,1,1,1,0,0
0,11.741557942268887,6.681168456701665,0,1,1,1,0
1,14.046577078021494,6.216241669702003,1,1,0,0,0
0,13.526465378162468,6.674706924367507,1,0,0,1,0
0,11.72030491129055,6.920050818548425,0,1,1,0,0
1,12.94063941574298,6.748401460642552,1,1,0,0,0
1,12.609276539921773,6.5061843599478495,1,1,1,0,0
0,12.432387336540977,5.65445189263114,1,1,0,1,0
1,14.474495438874252,5.625908210026346,1,0,1,0,0
1,11.9,5.294688748227485,0,1,1,1,0
1,11.9,5.883279861686306,0,1,1,1,0
1,12.7,5.398650953786175,1,0,1,1,0
0,12.416459387127864,5.5873445403458994,1,1,0,1,0
1,14.101098389967913,6.297803220064173,1,0,1,0,0
1,12.670837357283892,7.0,1,0,0,1,0
1,11.9,5.659834917429042,0,1,1,1,0
0,13.397996367872144,6.206010896383569,0,0,1,1,0
0,14.224770024742996,5.997349986253892,0,0,1,1,0
1,14.18584129884358,6.557523896530744,1,0,1,0,0
0,13.30456536723607,6.731811544254644,1,0,0,1,0
0,14.203900459017351,6.478211162113039,0,0,1,1,0
0,13.16868309633368,6.77710563455544,1,0,0,1,0
1,11.908892921135031,5.28221415772994,1,1,1,0,0
0,12.099196801223046,6.983199466870508,0,1,1,0,0
0,14.11820733608518,6.468689704009464,0,0,1,1,0
1,12.7,5.151044635013472,1,0,1,1,0
1,11.75924066761794,5.442094302684385,1,0,1,1,0
1,12.395850414719169,6.986981301839896,1,0,0,1,0
0,13.66244573667791,6.5,0,0,1,1,0
1,11.72735428562385,6.902735428562385,1,0,0,1,0
1,13.65175746781889,6.399297012872444,1,1,0,0,0
1,11.80599054844996,6.9105990548449965,1,0,0,1,0
0,13.416159600650287,6.232319201300579,0,0,1,1,0
1,14.181065069573371,6.154082874767929,1,0,1,0,0
0,13.903548472976258,6.5992903054047485,1,0,0,1,0
1,12.163453216939892,5.234136695765027,1,0,1,1,0
1,12.13971157996233,7.04657052665411,1,0,0,1,0
1,14.095659771181117,6.3,1,0,0,0,0
1,14.107952838154116,6.28568489132259,1,0,1,0,0
0,11.561612036724998,6.938387963275001,0,1,1,0,0
1,12.95110653003179,6.64889346996821,1,1,0,0,0
1,12.42419355006059,6.990524193757573,1,0,0,1,0
1,12.78787516747607,6.625250111650713,1,1,1,0,0
0,14.153681015605384,5.839701986623956,0,0,1,1,0
1,14.16561329442444,6.496839883273322,1,0,1,0,0
1,12.60523021199795,5.134461741091654,1,0,1,1,0
0,14.26893871961548,6.4126258130769855,1,0,1,0,0
0,13.310090608455122,6.520181216910243,0,0,0,1,0
1,12.9,6.924133449894577,1,1,1,0,0
1,14.312602038100424,6.064227406799757,1,1,0,0,0
0,13.355613252372692,6.472193373813655,0,0,1,1,0
0,12.22363635204546,5.729090943863621,1,1,0,1,0
0,14.373634689576846,6.482423126384563,1,0,1,0,0
0,13.406819945002551,6.69863601099949,1,0,0,1,0
1,14.177688189170574,6.14462362165885,1,0,1,0,0
0,11.950581936278256,6.958430322713043,0,1,1,0,0
0,12.268148787270492,5.595553638188525,1,1,0,1,0
0,13.891845835634223,6.182307869092098,0,0,1,1,0
1,13.99249702654592,6.392497026545919,1,1,0,0,0
1,11.885073486196315,6.961691162065439,1,0,0,1,0
1,13.054422389823571,6.6,1,1,0,0,0
0,12.227640623801886,5.9341562571886834,1,1,0,1,0
0,11.52156564828584,6.586262593143362,0,1,1,0,0
1,12.39261932103306,5.134153408774104,1,0,1,1,0
1,14.072328279177183,6.472328279177183,1,1,0,0,0
1,14.25288328293812,5.994233434123762,1,0,1,0,0
1,11.9,5.292976009773763,0,1,1,1,0
1,11.78653871771534,5.220191923426992,1,0,1,1,0
0,13.30806875840775,6.495965620796126,0,0,1,1,0
0,14.358100058880265,6.5,0,0,1,1,0
0,13.694512255437768,6.641097548912446,1,0,0,1,0
1,12.982666718448646,6.617333281551354,1,1,0,0,0
1,12.824177201150205,7.039556997124494,1,1,0,0,0
0,13.451195980792098,6.424402009603951,0,0,1,1,0
1,14.22449670915848,6.051006581683042,1,0,1,0,0
1,12.659174471975152,7.0,1,0,0,1,0
1,11.89673906990495,5.296739069904948,1,0,1,1,0
0,12.067612221515898,6.97793537025265,0,1,1,0,0
1,12.922715957163902,6.677284042836098,1,1,0,0,0
0,14.17323168908888,6.348821126059253,1,0,1,0,0
0,13.272387153397093,6.486193576698546,0,0,1,1,0
0,12.847050119563685,7.06863325362421,1,0,0,1,0
1,12.051505213808776,6.935150521380878,1,0,0,1,0
0,13.091764084734024,6.905490610177318,1,0,0,1,0
1,14.254608546251836,6.021704616746695,1,0,1,0,0
1,14.021529276652297,6.3,1,0,0,0,0
1,13.124527038981125,6.558490987006293,1,1,0,0,0
0,13.096000454176291,6.398000227088145,0,0,1,1,0
1,13.98944334797871,6.3,1,0,0,0,0
0,12.821168471551626,6.892943842816125,1,0,0,1,0
1,13.980787290275378,6.380787290275379,1,1,0,0,0
1,13.023861766419204,6.6,1,1,0,0,0
0,13.391538941562189,6.683077883124376,0,0,0,1,0
0,13.333577751406152,6.483211124296925,0,0,1,1,0
0,14.297995278511689,6.520400944297663,1,0,0,1,0
0,11.50661826469123,6.498676347061754,0,1,1,1,0
1,11.81737961699805,5.198068931444661,1,0,1,1,0
0,11.565656653990146,6.762626615960582,0,1,1,0,0
1,12.026191395755257,5.152382791510514,1,1,1,0,0
0,12.033001715420337,6.972166952570056,0,1,1,0,0
0,14.133731323384191,6.322487548922794,1,0,1,0,0
1,12.84991954146895,6.975201146327628,1,1,0,0,0
0,14.386514808287034,6.498501645365226,0,0,1,1,0
1,14.383300829941714,6.023828097176163,1,1,0,0,0
1,14.464688124159771,5.643561376512411,1,0,1,0,0
0,13.491026566744216,6.4044867166278925,0,0,1,1,0
1,11.977300921889368,6.567238893732758,1,0,0,1,0
0,12.17212546170635,6.995354243617725,0,1,1,0,0
0,12.274517341339443,5.576447975981673,1,1,0,1,0
0,14.294302745729263,6.4295351638195095,1,0,1,0,0
1,12.99775656873406,6.6056085781648495,1,1,0,0,0
1,14.070558819033929,6.3,1,0,0,0,0
1,14.300232363257583,5.939581746136347,1,0,1,0,0
1,13.9988708817957,6.3,1,0,0,0,0
1,12.88096168842752,6.7761532462899225,1,1,1,0,0
1,11.732790763197194,5.3008138552042094,1,0,1,1,0
1,12.00414764439376,5.108295288787518,1,1,1,0,0
1,12.946613927469,6.6813544290124005,1,1,0,0,0
1,11.914931463147516,5.238310487715839,1,0,1,1,0
0,14.135899314536912,6.046722603035049,0,0,1,1,0
1,12.31546853217508,7.09226573391246,1,0,0,1,0
1,14.11584294948052,6.347528848441562,1,0,1,0,0
0,13.3723720690514,6.644744138102798,0,0,0,1,0
0,13.317697562986645,6.446907311040074,0,0,1,1,0
1,14.132061557913948,6.396184673741848,1,0,1,0,0
1,12.7,5.507502047557973,1,0,1,1,0
1,12.854648443302148,6.793802075597137,1,1,0,0,0
0,14.02326119927468,5.951490400621703,0,0,1,1,0
1,12.99274809424061,6.618129764398473,1,1,0,0,0
0,13.361242610389075,6.622485220778151,0,0,0,1,0
1,14.121635859501406,6.256728280997186,1,0,1,0,0
1,11.721780212963814,5.433863744443423,1,1,1,0,0
0,13.23631977558243,6.468159887791215,0,0,1,1,0
1,13.163804157460197,6.545398614179934,1,1,0,0,0
0,13.67914761320823,6.41990529035647,0,0,1,1,0
1,12.65221409417566,7.0,1,0,0,1,0
1,11.966173455278993,5.16765308944202,1,1,1,0,0
1,12.83980662382017,6.65987108254678,1,1,1,0,0
1,13.135621947596174,6.6,1,1,0,0,0
1,12.625671712528382,7.0,1,0,0,1,0
1,11.688053084878897,6.935221233951559,0,1,1,0,0
1,12.302317552832095,7.098841223583952,1,0,0,1,0
1,11.9,5.209791222568414,0,1,1,1,0
0,13.53560685329562,6.369479840032327,0,0,1,1,0
0,13.369047024213351,6.292858927359943,0,0,1,1,0
0,12.2,6.048539736474852,1,1,0,1,0
1,12.667241619449062,7.0,1,0,0,1,0
1,11.9,5.276815249760276,0,1,1,1,0
0,13.351224629042903,6.602449258085804,0,0,0,1,0
1,12.9,6.938799885240266,1,1,1,0,0
1,14.225257306900854,6.049485386198292,1,0,1,0,0
1,12.047616135985884,5.195232271971768,1,1,1,0,0
1,11.597262081548006,5.578422398064992,0,1,1,1,0
0,13.2043429782716,6.5043429782716,1,0,0,1,0
1,12.816380342264146,6.644253561509431,1,1,1,0,0
0,13.326404735382669,6.486797632308667,0,0,1,1,0
0,11.75211430745769,6.449577138508462,0,1,1,1,0
0,12.27670248235658,5.56989255293026,1,1,0,1,0
0,14.338465051435657,6.458976700957104,1,0,1,0,0
0,11.504432760602466,6.504432760602466,0,1,1,1,0
0,11.596024245752712,6.884096983010847,0,1,1,0,0
1,13.055689369497562,6.6,1,1,0,0,0
1,11.909631021764012,5.280737956471977,1,1,1,0,0
1,14.032268614334296,6.3,1,0,0,0,0
0,13.803931280300873,6.5,0,0,1,1,0
0,14.35801374006542,6.472009160043614,1,0,1,0,0
0,12.2,5.840588813626432,1,1,0,1,0
0,14.116525019889194,6.057486100061559,0,0,1,1,0
1,14.123454790872938,6.257781376428711,1,0,1,0,0
1,11.92003628726694,5.259927425466118,1,1,1,0,0
0,13.313099255527383,6.613099255527385,1,0,0,1,0
0,13.33194503496299,6.563890069925979,0,0,0,1,0
1,12.294836445613592,5.235054518128802,1,0,1,1,0
0,13.660976462158056,6.5,0,0,1,1,0
1,12.35396587212984,6.965396587212984,1,0,0,1,0
0,13.222314162439488,6.759228612520172,1,0,0,1,0
0,13.231792555181938,6.465896277590969,0,0,1,1,0
1,12.9,6.956888670324179,1,1,1,0,0
0,13.427587352234944,6.25517470446989,0,0,1,1,0
1,12.441018778388107,5.164745305402972,1,0,1,1,0
1,14.209790463940308,6.080419072119388,1,0,1,0,0
0,12.2,5.833079031594857,1,1,0,1,0
1,12.01646628442504,6.520240458689949,1,0,0,1,0
1,13.974273399000786,6.257558057713837,1,1,0,0,0
1,14.006465260878056,6.406465260878057,1,1,0,0,0
1,12.052973868261018,6.476431358086778,1,0,0,1,0
0,11.746316352120832,6.746316352120831,0,1,1,1,0
0,13.333621809695105,6.567243619390204,0,0,0,1,0
1,11.72532193013786,6.869613683834566,1,0,0,1,0
0,12.52765677281433,6.990781075728557,1,0,0,1,0
0,14.296263109856683,6.4308420732377884,1,0,1,0,0
1,12.842347731385283,6.786478402922075,1,1,1,0,0
1,13.129223932560148,5.273726758855407,1,1,1,0,0
1,11.54715688216073,7.005686235678541,0,1,1,0,0
0,13.351453017921427,6.6029060358428575,0,0,0,1,0
1,13.07417480929527,6.630330076281893,1,1,0,0,0
0,13.195217301860753,6.76826089937975,1,0,0,1,0
0,12.98530204317554,6.34265102158777,0,0,1,1,0
1,13.912425403256613,6.3,1,0,0,0,0
1,14.006809993220449,6.3,1,0,0,0,0
1,11.9,5.231852720448997,0,1,1,1,0
1,13.84395912203285,6.318680292655716,1,1,0,0,0
1,12.834724885839613,6.656483257226409,1,1,1,0,0
0,12.266960924941356,5.665195375293215,1,1,0,1,0
0,12.6889918855744,6.937002704808534,1,0,0,1,0
1,12.826696162629307,7.033259593426735,1,1,0,0,0
0,11.97080995777553,6.405838008444895,0,1,1,1,0
1,13.028422562676042,6.6,1,1,0,0,0
1,11.646955230319286,5.717828346941251,1,1,1,0,0
0,12.2,5.959633346575833,1,1,0,1,0
1,11.50453308231872,7.090933835362558,0,1,1,0,0
1,12.087266365028686,5.2745327300573726,1,1,1,0,0
1,12.090931807297178,5.281863614594356,1,1,1,0,0
0,13.434671606676783,6.269343213353569,0,0,1,1,0
1,12.928170053696896,6.671829946303102,1,1,0,0,0
0,12.22024185635165,5.739274430945047,1,1,0,1,0
1,14.00939966379588,6.3,1,0,0,0,0
1,14.13517665083289,6.165613342381207,1,1,0,0,0
1,11.762334291139974,5.256498563290042,1,0,1,1,0
0,12.94202755128673,6.852657482904424,1,0,0,1,0
1,14.033118260283256,6.3,1,0,0,0,0
1,11.56636814487327,6.967263710253461,0,1,1,0,0
0,13.273814206054356,6.486907103027177,0,0,1,1,0
0,11.68550703004257,6.685507030042571,0,1,1,1,0
0,14.19530001746329,6.5,0,0,1,1,0
1,12.87621476449133,6.909463088771675,1,1,0,0,0
0,11.94134016355112,6.95689002725852,0,1,1,0,0
1,14.227980767406176,6.044038465187647,1,0,1,0,0
1,11.944908808093633,5.166109430287642,1,1,1,0,0
0,13.214744641704252,6.761751786098583,1,0,0,1,0
1,12.68148093309076,5.102057674101026,1,0,1,1,0
1,12.873510675639745,6.682340450426497,1,1,1,0,0
1,11.71036865061873,5.3493855823021175,1,0,1,1,0
0,13.00861005590656,6.8304633146978135,1,0,0,1,0
1,13.567532249915557,6.410822583361481,1,1,0,0,0
0,13.313854650151152,6.4930726749244245,0,0,1,1,0
1,12.420983467230604,5.131001836974377,1,0,1,1,0
0,12.859818012736856,6.880060662421048,1,0,0,1,0
1,14.024816740853312,6.3,1,0,0,0,0
0,13.368147490637831,6.295557528086505,0,0,1,1,0
0,13.68396350610107,6.420440389566786,0,0,1,1,0
1,13.952458437335409,6.3,1,0,0,0,0
0,13.4315079752886,6.69369840494228,1,0,0,1,0
1,14.573798600614182,5.44716251889447,1,0,1,0,0
0,13.744856381428631,6.631028723714274,1,0,0,1,0
1,12.371689341548228,7.064155329225886,1,0,0,1,0
1,11.742935436639849,5.549862985880264,1,1,1,0,0
1,11.61549121900032,6.984508780999682,1,0,0,1,0
0,12.94080833601133,6.320404168005664,0,0,1,1,0
0,13.023302784148504,6.361651392074252,0,0,1,1,0
1,11.95225488943042,5.286936277642395,1,0,1,1,0
0,12.601132361589457,5.725849271192091,1,1,0,1,0
0,13.23866881675133,6.53866881675133,1,0,0,1,0
1,14.53887540703831,5.934928338835252,1,1,0,0,0
0,13.352596026733412,6.342211919799765,0,0,1,1,0
0,13.28127001241888,6.739576662527041,1,0,0,1,0
0,13.411705857096033,6.223411714192061,0,0,1,1,0
1,11.941757633556987,5.216484732886023,1,1,1,0,0
0,13.382885965303744,6.458557017348128,0,0,1,1,0
0,13.375583533185136,6.675583533185136,1,0,0,1,0
1,14.035260639398336,6.3,1,0,0,0,0
0,13.303572910208146,6.4892812693755655,0,0,1,1,0
1,12.486047637021516,5.171317454326161,1,0,1,1,0
1,12.921704563282088,6.795738591794782,1,1,0,0,0
1,12.7,5.434301115921392,1,0,1,1,0
1,13.19475329608009,6.53508223463997,1,1,0,0,0
0,13.539363929494131,6.378131150281039,0,0,1,1,0
1,14.010213065994217,6.410213065994215,1,1,0,0,0
0,13.301826103997971,6.499086948001014,0,0,1,1,0
0,14.314350824010068,6.442900549340044,1,0,1,0,0
1,12.03229427009355,5.164588540187099,1,1,1,0,0
0,12.608047307310295,5.8,1,1,0,1,0
1,11.97453426293569,6.991511420978563,1,0,0,1,0
1,12.976925018015605,6.623074981984397,1,1,0,0,0
1,12.967311713234963,6.6817207169125865,1,1,0,0,0
0,13.423551102826316,6.438224448586842,0,0,1,1,0
1,12.33061926767092,5.19234518308227,1,0,1,1,0
1,14.099196058560103,6.499196058560105,1,1,0,0,0
1,12.484435070313598,7.007782464843201,1,0,0,1,0
0,13.360580991323587,6.621161982647173,0,0,0,1,0
1,12.9,6.833787440354487,1,1,1,0,0
1,12.364389393730695,5.1560599067278,1,1,1,0,0
1,11.5959892055878,7.004010794412202,1,0,0,1,0
1,12.403584920609331,7.048207539695333,1,0,0,1,0
1,11.584297091483135,6.931405817033731,0,1,1,0,0
1,13.186081316198887,6.53797289460037,1,1,0,0,0
1,14.121058152191418,6.363174456574255,1,0,1,0,0
1,12.049771881638875,6.480273742033346,1,0,0,1,0
0,14.232043682371623,6.3880291215810825,1,0,1,0,0
1,12.022629587316851,6.940328698414607,1,0,0,1,0
0,11.591022254178892,6.908977745821108,0,1,1,0,0
0,12.917335806925744,7.02177612871617,1,0,0,1,0
1,14.074901816375336,6.3,1,0,0,0,0
0,12.296646606101024,5.520120363393855,1,1,0,1,0
1,11.9,5.230102327592029,0,1,1,1,0
1,13.920650755454982,6.320650755454982,1,1,0,0,0
0,12.984758837456903,6.284758837456903,1,0,0,1,0
0,11.661472307708676,6.910245384618113,0,1,1,0,0
1,14.25168945640804,5.996621087183922,1,0,1,0,0
1,11.849420685862272,5.21647356195409,1,0,1,1,0
0,13.369976385126703,6.465011807436649,0,0,1,1,0
0,14.045138746314068,5.932738217445084,0,0,1,1,0
1,12.698999666047056,6.565999777364705,1,1,1,0,0
0,13.353285820229006,6.606571640458011,0,0,0,1,0
1,12.012328851850151,7.064931540740061,0,1,1,0,0
1,12.893244967178903,6.695496644785935,1,1,1,0,0
0,13.409237411168316,6.21847482233663,0,0,1,1,0
1,13.199544070439387,6.533485309853537,1,1,0,0,0
1,12.153057164158865,5.236735708960284,1,0,1,1,0
1,11.956286198221008,5.15245656213479,1,1,1,0,0
0,13.338415664413102,6.576831328826201,0,0,0,1,0
1,14.333261898353408,5.880128582963866,1,0,1,0,0
1,12.384785958205752,5.178803510448562,1,0,1,1,0
0,11.576865285220382,6.923134714779617,0,1,1,0,0
0,13.12906255127145,6.42906255127145,1,0,0,1,0
1,11.9,5.630551155686932,0,1,1,1,0
1,14.309179016733344,5.92347776987998,1,0,1,0,0
0,14.107324594734868,6.062597447369518,0,0,1,1,0
1,13.973069186035666,6.3,1,0,0,0,0
0,13.461970666655022,6.419014666672489,0,0,1,1,0
1,11.952728254165546,7.041091301666218,0,1,1,0,0
1,14.37810181384555,5.79941673507801,1,0,1,0,0
0,14.01916393677598,5.955002339906302,0,0,1,1,0
1,13.948104139564055,6.3,1,0,0,0,0
0,11.562261797606157,6.9377382023938425,0,1,1,0,0
0,13.461835309244112,6.419082345377944,0,0,1,1,0
0,13.325880557221714,6.551761114443427,0,0,0,1,0
1,14.41970843838179,5.724524810912779,1,0,1,0,0
1,12.94933243293382,6.667556756088242,1,1,0,0,0
1,12.289381272278836,5.202654681930291,1,0,1,1,0
1,14.54498608344242,5.499025049803644,1,0,1,0,0
1,11.67737827039547,5.487146075525435,1,1,1,0,0
1,13.99618711651376,6.3,1,0,0,0,0
1,12.608963462703471,5.130345512432175,1,0,1,1,0
0,13.327020726788168,6.554041453576335,0,0,0,1,0
1,13.981326239482264,6.3,1,0,0,0,0
1,14.298068504758884,5.903862990482235,1,0,1,0,0
1,11.60317000250838,6.99682999749162,1,0,0,1,0
1,14.133755503614372,6.232488992771255,1,0,1,0,0
1,11.830826372654796,6.943608790884932,1,0,0,1,0
1,11.908127460419106,7.0232509841676425,0,1,1,0,0
0,11.697216491889094,6.460556701622181,0,1,1,1,0
0,13.006928509065368,6.306928509065368,1,0,0,1,0
0,11.80769620778912,6.93461603463152,0,1,1,0,0
1,13.59142776700722,6.402857410997593,1,1,0,0,0
1,12.295749091120513,6.974468636390064,1,0,0,1,0
0,13.155041944197754,6.4550419441977525,1,0,0,1,0
0,14.268085686589831,6.412057124393221,1,0,1,0,0
0,11.603746303010778,6.136887939462274,0,1,1,1,0
0,11.755552581227342,6.925925430204557,0,1,1,0,0
1,13.949076854907018,6.271956082910275,1,1,0,0,0
0,14.395997616906218,6.4973317446041445,1,0,1,0,0
1,11.978345470230266,5.239172735115133,0,1,1,1,0
0,13.323894757015443,6.428315728953664,0,0,1,1,0
0,13.428851703458012,6.435574148270994,0,0,1,1,0
0,14.193272610818417,6.36218174054561,1,0,1,0,0
1,14.136356469487428,6.227287061025145,1,0,1,0,0
0,13.641460224215164,6.321410986547132,0,0,1,1,0
1,12.841305485568569,6.934778057725728,1,1,1,0,0
1,12.923668108429194,6.676331891570806,1,1,0,0,0
0,13.881154598252133,6.07329605864103,0,0,1,1,0
0,13.358203305580547,6.470898347209726,0,0,1,1,0
1,11.902705391255216,6.920270539125522,1,0,0,1,0
0,13.257500073647543,6.478750036823771,0,0,1,1,0
0,13.305518292845,6.511036585689999,0,0,0,1,0
1,14.149248770543704,6.447746311631117,1,0,1,0,0
1,13.611339939415195,6.415464024233922,1,1,0,0,0
1,11.686133855284176,5.627732289431648,0,1,1,1,0
0,13.50786627431659,6.678426745136682,1,0,0,1,0
0,14.348916852838071,5.928379526201071,0,0,1,1,0
1,12.922985417997252,6.677014582002748,1,1,0,0,0
1,12.261036756649643,5.259622997581948,1,0,1,1,0
1,13.267395362115618,6.6,1,1,0,0,0
1,11.959383805149017,5.181232389701966,1,1,1,0,0
0,13.391419703777398,6.682839407554796,0,0,0,1,0
1,12.499543927389237,5.166818690870255,1,0,1,1,0
1,12.432164461738235,5.129759504251306,1,0,1,1,0
0,14.200604120511104,6.010775488604942,0,0,1,1,0
0,13.924078612865372,6.5,0,0,1,1,0
0,14.332514363543185,6.455009575695456,1,0,1,0,0
1,12.819715480679635,7.050711298300914,1,1,0,0,0
0,11.833426463397007,6.433314707320599,0,1,1,1,0
0,13.305194375265623,6.484416874203126,0,0,1,1,0
1,12.218279261674022,5.153524526480664,1,0,1,1,0
1,13.709020720317431,6.3636597598941895,1,1,0,0,0
0,13.309354620198665,6.495322689900669,0,0,1,1,0
0,14.084175441721491,5.899278192810151,0,0,1,1,0
0,13.92387776694083,6.447097529660092,0,0,1,1,0
0,13.471689884650996,6.34337976930199,0,0,1,1,0
0,13.535367520503003,6.672926495899399,1,0,0,1,0
1,14.518146065662078,5.946773676764527,1,1,0,0,0
1,11.509176441845684,7.090823558154314,1,0,0,1,0
0,13.162266355920456,6.85848909605303,1,0,0,1,0
1,13.93123499957993,6.3,1,0,0,0,0
0,12.273832241984286,5.630838790078575,1,1,0,1,0
1,13.033071326637955,6.6,1,1,0,0,0
1,13.55944928856091,6.436220284575636,1,1,0,0,0
1,11.964853740451677,6.93310671755646,1,0,0,1,0
1,11.774994666064568,6.969997866425827,0,1,1,0,0
1,14.07252065700039,6.3,1,0,0,0,0
1,12.814444496366528,7.063888759083681,1,1,0,0,0
0,11.745787516527834,6.924297919421306,0,1,1,0,0
0,13.987989858240262,6.582402028351948,1,0,0,1,0
1,14.199960886949222,6.599882660847667,1,0,1,0,0
0,11.80327286525315,6.933878810875525,0,1,1,0,0
1,11.624024406978688,6.975975593021313,1,0,0,1,0
1,13.973837566668315,6.3,1,0,0,0,0
0,13.311286046438523,6.522572092877048,0,0,0,1,0
1,14.14626934631754,6.207461307364918,1,0,1,0,0
0,12.860166017059852,6.177237724034201,1,1,0,1,0
0,13.303972120185175,6.507944240370354,0,0,0,1,0
0,14.145757101082427,6.041246054954208,0,0,1,1,0
1,12.00946641389316,6.930946641389316,1,0,0,1,0
0,13.28427445058817,6.492137225294084,0,0,1,1,0
1,14.127242100284471,6.250964219487948,1,0,1,0,0
0,11.884791578932616,6.884791578932616,0,1,1,1,0
1,14.257913725231075,5.984172549537849,1,0,1,0,0
1,14.12022656003799,6.360679680113969,1,0,1,0,0
1,11.9,5.740056678206425,0,1,1,1,0
1,14.128090952946112,6.249436284696995,1,0,1,0,0
1,11.765063795991962,5.368670255010049,0,1,1,1,0
0,11.578195051344991,6.921804948655007,0,1,1,0,0
0,12.945720084968976,7.002853276687349,1,0,0,1,0
1,11.504209471372656,7.091581057254687,0,1,1,0,0
0,14.35604468737804,6.508791062524391,1,0,0,1,0
0,13.079024095658282,6.3895120478291405,0,0,1,1,0
0,12.259379394292107,5.621861817123677,1,1,0,1,0
0,13.300022569756983,6.5,0,0,1,1,0
1,11.838414845329574,5.238414845329573,1,0,1,1,0
0,13.347444066782934,6.476277966608533,0,0,1,1,0
0,11.580265711917235,6.821062847668951,0,1,1,0,0
0,13.373848330299984,6.647696660599968,0,0,0,1,0
1,14.32963185939234,5.886662653093784,1,0,1,0,0
1,11.778544748882982,6.9714178995531935,0,1,1,0,0
1,12.957317110814463,6.7067072229638365,1,1,0,0,0
1,11.81012718037474,5.312341024531575,0,1,1,1,0
0,13.330143475436016,6.560286950872031,0,0,0,1,0
0,11.98862954636658,6.964771591061097,0,1,1,0,0
1,12.385656023224572,5.204781325591808,1,0,1,1,0
1,13.959862158822755,6.3,1,0,0,0,0
0,13.980606369331795,6.132996461482335,0,0,1,1,0
0,14.05020799836202,6.5,0,0,1,1,0
1,14.116812569424916,6.350437708274751,1,0,1,0,0
0,13.4437539656542,6.287507931308404,0,0,1,1,0
1,14.268659811518251,5.962680376963494,1,0,1,0,0
1,11.961387972481903,6.987129324160635,1,0,0,1,0
1,14.105266129359014,6.290520967153772,1,0,1,0,0
1,13.858508509228429,6.316596596308628,1,1,0,0,0
1,14.046016300217437,6.3,1,0,0,0,0
0,13.331483697551684,6.4055489073449525,0,0,1,1,0
1,12.911373380094414,6.688626619905586,1,1,0,0,0
1,12.812281257218602,6.850291657041863,1,1,0,0,0
1,13.222627883185838,6.52579070560472,1,1,0,0,0
1,13.478009991067816,6.440663336310728,1,1,0,0,0
0,13.482060572688814,6.364121145377628,0,0,1,1,0
1,11.586322749679985,6.927354500640031,0,1,1,0,0
1,14.029609674695614,6.3,1,0,0,0,0
1,12.64533534484406,7.0,1,0,0,1,0
0,12.964884594413174,6.990076937057885,1,0,0,1,0
1,11.867545335203364,6.916754533520337,1,0,0,1,0
1,11.73142944290505,5.314284261824919,1,0,1,1,0
0,14.134452444110494,6.047526419938616,0,0,1,1,0
1,12.854335067415905,6.768497398876143,1,1,1,0,0
0,13.663051564838616,6.5,0,0,1,1,0
0,13.3299398427145,6.723353385761834,1,0,0,1,0
0,13.372726448945643,6.463636775527178,0,0,1,1,0
0,14.139776329862674,6.5,0,0,1,1,0
0,13.720659231861042,6.424517692429005,0,0,1,1,0
1,12.831664304676366,7.020839238309085,1,1,0,0,0
1,14.177947759044065,6.141172709117678,1,1,0,0,0
1,13.802925628445808,6.332358123851398,1,1,0,0,0
0,12.227612603653643,5.934324378078132,1,1,0,1,0
0,13.448309928458958,6.296619856917914,0,0,1,1,0
0,13.35502168747798,6.47248915626101,0,0,1,1,0
0,13.63987695896551,6.5,0,0,1,1,0
1,11.603631255021549,6.996368744978452,1,0,0,1,0
1,13.063351152056349,6.6,1,1,0,0,0
1,12.573908978515664,7.0,1,0,0,1,0
0,11.517299950296763,6.982700049703236,0,1,1,0,0
1,12.48316904456479,5.12409232838169,1,0,1,1,0
1,14.130241139625104,6.390723418875314,1,0,1,0,0
1,12.7,5.325652936279577,1,0,1,1,0
1,12.982593541630813,6.666962583347676,1,1,0,0,0
1,13.447244035072314,6.450918654975896,1,1,0,0,0
1,11.802360613172274,6.98094424526891,0,1,1,0,0
1,12.738916709874466,6.941624935188299,1,1,1,0,0
1,12.828921252234029,6.828104997021297,1,1,0,0,0
1,11.725245109494448,6.950098043797779,0,1,1,0,0
0,14.125080450220793,6.316720300147194,1,0,1,0,0
1,14.01652345029245,6.3,1,0,0,0,0
1,14.032616148224967,6.3,1,0,0,0,0
0,13.363042556946915,6.310872329159249,0,0,1,1,0
0,13.44695727884062,6.426521360579691,0,0,1,1,0
0,13.49272278271564,6.40363860864218,0,0,1,1,0
1,14.105785771545344,6.317357314636035,1,0,1,0,0
0,13.726602880261977,6.634679423947604,1,0,0,1,0
1,14.207693303632638,6.1061520534612495,1,0,1,0,0
1,14.106088077742744,6.318264233228233,1,0,1,0,0
0,11.71403004009328,6.457193991981344,0,1,1,1,0
0,12.36502297593826,5.548767231953696,1,1,0,1,0
0,14.070711506222745,6.565857698755451,1,0,0,1,0
0,13.823464158981803,6.5,0,0,1,1,0
0,12.247969294623536,5.656092116129388,1,1,0,1,0
1,14.501934190590804,5.576518456936553,1,0,1,0,0
1,14.12934328041746,6.388029841252379,1,0,1,0,0
0,13.397008943174212,6.208973170477363,0,0,1,1,0
0,13.38025589003096,6.259232329907125,0,0,1,1,0
1,14.102262617154665,6.295474765690675,1,0,1,0,0
0,12.232815006104945,5.701554981685169,1,1,0,1,0
0,13.20103394601152,6.450516973005759,0,0,1,1,0
1,12.82510852931989,7.037228676700276,1,1,0,0,0
1,12.083524255588344,6.947940531948543,1,0,0,1,0
0,14.335748972961303,6.457165981974202,1,0,1,0,0
1,11.587075415252547,6.925849169494905,0,1,1,0,0
1,14.173294993835066,6.153410012329869,1,0,1,0,0
0,13.3488469055524,6.597693811104797,0,0,0,1,0
0,13.981692876695265,5.9871203914040585,0,0,1,1,0
1,13.053808216505413,6.6,1,1,0,0,0
1,11.9,5.627523385017748,0,1,1,1,0
1,13.978212591698124,6.378212591698125,1,1,0,0,0
0,12.700107705265289,6.933297431578238,1,0,0,1,0
0,13.715073461613832,6.636985307677234,1,0,0,1,0
1,12.956593857578708,6.708515356053235,1,1,0,0,0
0,13.031334650384103,6.822888449871965,1,0,0,1,0
0,12.247888445573224,5.656334663280325,1,1,0,1,0
0,14.343618096324631,5.931323279819648,0,0,1,1,0
0,14.221087538553336,6.380725025702224,1,0,1,0,0
0,11.506082377506235,6.524329510024947,0,1,1,0,0
0,12.862519654351134,6.879160115216289,1,0,0,1,0
0,13.656201654773556,6.266112867336953,0,0,1,1,0
1,12.94941672125189,6.650583278748111,1,1,0,0,0
1,12.91478048365238,6.685219516347621,1,1,0,0,0
1,12.7,5.5662346715537465,1,0,1,1,0
0,11.54393451732285,6.532950887992137,0,1,1,1,0
1,12.514819118690886,7.0,1,0,0,1,0
0,11.550377558547751,6.701510234191015,0,1,1,0,0
1,12.84413683125848,6.662757887505655,1,1,1,0,0
1,12.605654853185126,7.0,1,0,0,1,0
1,11.923623719557373,5.191651536531153,1,1,1,0,0
1,11.953214193375162,5.286696451656209,1,0,1,1,0
1,14.186018897828411,6.558056693485241,1,0,1,0,0
0,13.556383756237617,6.406264861804179,0,0,1,1,0
0,13.494358273673209,6.402820863163396,0,0,1,1,0
0,11.584843474347627,6.915156525652373,0,1,1,0,0
1,12.407144462400964,5.173213884399758,1,0,1,1,0
1,12.01120947177926,7.003736490593087,1,0,0,1,0
1,11.888071137424024,6.67431463509117,1,0,0,1,0
1,12.035917696878924,5.267958848439462,0,1,1,1,0
1,12.498446852865326,5.122394794126074,1,0,1,1,0
0,13.375486363243594,6.462256818378203,0,0,1,1,0
1,14.14527725707613,6.435831771228388,1,0,1,0,0
0,13.16449132221252,6.43224566110626,0,0,1,1,0
1,11.699102685465537,5.351345971801698,1,0,1,1,0
1,12.7,5.687660366724358,1,0,1,1,0
1,11.599568757755616,6.900862484488767,0,1,1,0,0
1,14.243178365728795,6.013643268542412,1,0,1,0,0
0,11.678583867000937,5.874956465496725,0,1,1,1,0
1,13.684884117964142,6.371705294011952,1,1,0,0,0
1,12.845311174596723,6.986722063508188,1,1,0,0,0
1,12.364708648336377,5.2219241278776805,1,0,1,1,0
1,11.750164544019258,5.399802547176891,1,1,1,0,0
1,12.633522477455454,5.116619380636136,1,0,1,1,0
0,11.512488330708893,6.549953322835571,0,1,1,0,0
1,14.569878162662564,5.454219307207383,1,0,1,0,0
0,11.532376077690913,6.967623922309088,0,1,1,0,0
1,12.185327894016178,6.960665986752023,1,0,0,1,0
1,12.07363776767628,7.089455107070512,0,1,1,0,0
0,13.606438884477148,6.658712223104571,1,0,0,1,0
0,12.262491241657708,5.612526275026875,1,1,0,1,0
1,13.918365483732645,6.3,1,0,0,0,0
0,11.52840032243162,6.613601289726473,0,1,1,0,0
0,13.32396611858262,6.428101644252143,0,0,1,1,0
0,13.23203733702184,6.811975108652107,1,0,0,1,0
0,12.874172941959396,7.050551372027068,1,0,0,1,0
1,12.033834218823005,5.2669171094115015,0,1,1,1,0
1,14.57618390108616,5.913609199379338,1,1,0,0,0
0,14.15213207455627,6.4724591193951415,0,0,1,1,0
0,13.345615884223111,6.645615884223112,1,0,0,1,0
1,12.318627364416514,5.195343158895871,1,0,1,1,0
1,12.20017663348509,7.066725544495029,1,0,0,1,0
0,11.688612242398252,6.688612242398252,0,1,1,1,0
0,14.315629003378264,6.490625444819807,0,0,1,1,0
0,13.355171150830037,6.610342301660071,0,0,0,1,0
1,12.03921426705275,6.9424017833815945,1,0,0,1,0
0,14.229424205255455,6.481047133917273,0,0,1,1,0
0,13.33935442328321,6.72021519223893,1,0,0,1,0
0,13.373373195463236,6.71775120302451,1,0,0,1,0
1,12.769546130232309,6.90727182635692,1,1,0,0,0
0,11.693060532739455,6.693060532739457,0,1,1,1,0
0,12.938355674976188,6.319177837488093,0,0,1,1,0
1,12.456804615145508,6.975680461514551,1,0,0,1,0
0,14.097593276685174,6.5,0,0,1,1,0
1,12.915093841863666,6.684906158136335,1,1,0,0,0
1,11.9,5.340309203269876,0,1,1,1,0
1,11.984439914243229,6.935554989280404,1,0,0,1,0
1,12.224323519288731,5.272973265713189,1,0,1,1,0
0,13.468044473661449,6.336088947322896,0,0,1,1,0
0,13.363544451117894,6.627088902235789,0,0,0,1,0
1,11.844304243254488,5.244304243254486,1,0,1,1,0
0,13.22716825336862,6.757610582210461,1,0,0,1,0
0,12.30419218294032,5.8,1,1,0,1,0
1,14.196997948498606,6.106004103002791,1,0,1,0,0
1,13.94768105970373,6.3,1,0,0,0,0
0,12.209529042220831,5.771412873337498,1,1,0,1,0
0,14.267111268193242,6.411407512128828,1,0,1,0,0
1,12.7,5.437748356674408,1,0,1,1,0
0,13.302755246080938,6.505510492161876,0,0,0,1,0
0,13.618059284773247,6.65638814304535,1,0,0,1,0
0,13.024764487741816,6.9501570081721225,1,0,0,1,0
0,13.563370331944109,6.3647942600310525,0,0,1,1,0
1,12.140681022116947,6.37118277345966,1,0,0,1,0
1,14.195338813200234,6.586016439600705,1,0,1,0,0
0,13.094923458050433,6.394923458050431,1,0,0,1,0
0,12.584116910100668,6.971961029966445,1,0,0,1,0
1,12.692058858176226,7.0,1,0,0,1,0
1,11.905858465801424,6.925732308225179,1,0,0,1,0
1,11.96505060901436,5.169898781971281,1,1,1,0,0
0,12.2,5.815750629554688,1,1,0,1,0
1,11.624644064185553,5.492259893024082,1,0,1,1,0
0,13.97937547573126,5.989106735087491,0,0,1,1,0
1,11.855625761039075,5.255467798701155,0,1,1,1,0
1,11.779273514347238,6.926424504782413,1,0,0,1,0
0,12.455019855334744,5.616264891501057,1,1,0,1,0
0,12.2,5.999140278915061,1,1,0,1,0
0,13.359134538237576,6.322596385287279,0,0,1,1,0
1,13.422455435170528,6.459181521609825,1,1,0,0,0
1,11.653683881678466,5.515579341985841,1,1,1,0,0
1,14.19701814133029,6.591054423990868,1,0,1,0,0
0,12.961271469811903,6.846242843396032,1,0,0,1,0
0,13.332224235027404,6.403327294917792,0,0,1,1,0
1,14.045563681302148,6.3,1,0,0,0,0
1,11.507305575295009,7.092694424704994,1,0,0,1,0
0,11.7226736700117,6.45546526599766,0,1,1,1,0
0,13.066306553368095,6.811231148877302,1,0,0,1,0
1,11.979065912424105,5.13663465325782,1,1,1,0,0
0,14.131267225856597,6.320844817237731,1,0,1,0,0
1,12.653826862285912,7.0,1,0,0,1,0
1,14.284359757809314,5.968152435943233,1,0,1,0,0
1,14.332139328269486,5.882149209114925,1,0,1,0,0
0,13.983005602754885,6.5,0,0,1,1,0
1,12.690338813002787,5.103220395665737,1,0,1,1,0
0,13.624521035137132,6.655095792972574,1,0,0,1,0
1,13.67425520045172,6.375248266516093,1,1,0,0,0
0,13.349466909387774,6.475266545306114,0,0,1,1,0
0,14.396487040532202,6.499609671170245,0,0,1,1,0
0,11.571348038487155,6.785392153948627,0,1,1,0,0
1,11.954655756915876,6.9848852523052924,1,0,0,1,0
1,11.70926488940101,5.448882132718786,1,1,1,0,0
0,11.64815211472214,6.648152114722139,0,1,1,1,0
0,13.473728552027032,6.413135723986485,0,0,1,1,0
1,12.828356688303804,6.828857748928261,1,1,0,0,0
1,12.888882021604598,6.748157304527202,1,1,0,0,0
1,14.157251440423206,6.47175432126962,1,0,1,0,0
1,14.191210547678322,6.573631643034966,1,0,1,0,0
0,13.899749606478991,6.44441662294211,0,0,1,1,0
1,11.74406282854344,5.283905757184838,1,0,1,1,0
1,12.46133296007276,5.179555679975746,1,0,1,1,0
1,13.9173836969233,6.317383696923301,1,1,0,0,0
0,13.33638653883052,6.39084038350844,0,0,1,1,0
1,12.7,5.213252401949623,1,0,1,1,0
1,14.16339708054462,6.490191241633861,1,0,1,0,0
1,13.920144953676456,6.3,1,0,0,0,0
0,13.431757110388592,6.263514220777182,0,0,1,1,0
1,11.915773779161178,5.385173171214117,1,0,1,1,0
1,12.038966295858254,5.279655431952752,1,0,1,1,0
0,14.171418057593923,6.5,0,0,1,1,0
1,12.149043496300491,6.361147804439409,1,0,0,1,0
0,13.832676740298298,6.114848508315744,0,0,1,1,0
0,14.265952559954004,6.5,0,0,1,1,0
1,13.587276030204228,6.404241323265257,1,1,0,0,0
0,12.86015608757932,6.879947970806893,1,0,0,1,0
1,14.17630594154215,6.1473881169157005,1,0,1,0,0
0,13.447838652164776,6.295677304329554,0,0,1,1,0
1,12.700270174580908,6.566846783053939,1,1,1,0,0
1,12.83675621852864,6.952975125885444,1,1,1,0,0
1,14.127500024505087,6.382500073515267,1,0,1,0,0
1,12.368443910547466,5.136839565494726,1,0,1,1,0
1,12.516036258342911,7.0,1,0,0,1,0
1,11.839400374512756,6.946466791504252,1,0,0,1,0
0,12.875820918088236,7.049452721274508,1,0,0,1,0
1,12.981755067609274,6.645612330976813,1,1,0,0,0
1,11.78667200461675,6.910834000577094,1,0,0,1,0
1,14.185453433270636,6.556360299811911,1,0,1,0,0
0,13.338398562389273,6.384804312832191,0,0,1,1,0
0,12.2,5.907025701327608,1,1,0,1,0
1,12.375318188961984,5.208227270346005,1,0,1,1,0
1,11.585658089231888,6.928683821536223,0,1,1,0,0
1,12.81862883059316,6.645752553728773,1,1,1,0,0
1,12.826790875977728,6.992836496089091,1,1,1,0,0
1,12.9086757218032,6.691324278196799,1,1,0,0,0
0,14.15748432616436,6.338322884109575,1,0,1,0,0
1,12.689953203106285,6.559968802070856,1,1,1,0,0
0,13.306872239386172,6.513744478772345,0,0,0,1,0
0,12.686799587832368,6.078171193047067,1,1,0,1,0
0,12.079542859985771,6.979923809997628,0,1,1,0,0
1,14.451272973093062,5.667708648432488,1,0,1,0,0
0,13.16510135702884,6.856599095314107,1,0,0,1,0
1,12.630734819645255,5.117316295088686,1,0,1,1,0
1,13.536114867746782,6.421295044084406,1,1,0,0,0
1,12.9,7.008454508480188,1,1,1,0,0
1,13.428791160144002,6.4570696132853325,1,1,0,0,0
0,13.375878916050288,6.651757832100574,0,0,0,1,0
1,13.063906096295462,6.6,1,1,0,0,0
1,12.07110493806103,7.088441975224412,0,1,1,0,0
1,11.995697846151984,5.276075538462004,1,0,1,1,0
0,12.2,5.810191675353691,1,1,0,1,0
1,12.062710353057742,6.4647475763307085,1,0,0,1,0
0,12.2,5.896330749565919,1,1,0,1,0
0,13.284514996653174,6.492257498326587,0,0,1,1,0
0,11.514142828482456,6.4971714343035085,0,1,1,1,0
1,11.749186367581602,5.501627264836797,0,1,1,1,0
1,12.017490066347856,7.066996026539143,0,1,1,0,0
1,14.211960731241398,6.076078537517205,1,0,1,0,0
0,14.183802649246688,6.355868432831125,1,0,1,0,0
0,13.346470068189744,6.360589795430763,0,0,1,1,0
1,12.82872876717935,6.985084931282605,1,1,1,0,0
0,13.385755736616757,6.6715114732335135,0,0,0,1,0
1,12.7,5.4773719408086405,1,0,1,1,0
1,13.03357000578882,6.6,1,1,0,0,0
1,12.96503934855,6.63496065145,1,1,0,0,0
1,13.996977012624289,6.3,1,0,0,0,0
1,14.134587748652818,6.403763245958456,1,0,1,0,0
0,12.81217723026369,6.895940923245437,1,0,0,1,0
0,11.553936222836956,6.715744891347829,0,1,1,0,0
1,14.215866161334064,6.068267677331875,1,0,1,0,0
1,14.080828795651652,6.480828795651651,1,1,0,0,0
1,13.088259431551808,6.6,1,1,0,0,0
1,12.51149112370776,6.981149112370776,1,0,0,1,0
1,13.179271466380648,6.6,1,1,0,0,0
1,14.169176354968387,6.507529064905164,1,0,1,0,0
1,11.720537055109022,6.906845685036341,1,0,0,1,0
0,13.350658937379029,6.348023187862922,0,0,1,1,0
1,12.24102851453122,5.1509968317187536,1,0,1,1,0
1,11.524225870831287,7.051548258337425,0,1,1,0,0
1,12.569573426520623,7.0,1,0,0,1,0
1,11.879970136751972,5.240059726496056,0,1,1,1,0
0,12.296381167151704,5.510856498544891,1,1,0,1,0
0,13.317468683170736,6.491265658414632,0,0,1,1,0
0,14.256846298206206,6.404564198804137,1,0,1,0,0
1,12.771565833051335,6.904578889264884,1,1,0,0,0
0,13.305308203456448,6.497345898271776,0,0,1,1,0
0,13.566029093442486,6.36331717030973,0,0,1,1,0
0,13.455358831199314,6.422320584400343,0,0,1,1,0
0,12.22318307061698,5.7304507881490565,1,1,0,1,0
0,13.31172898776432,6.523457975528636,0,0,0,1,0
0,13.277669646837904,6.781553568774731,1,0,0,1,0
1,13.699326097898997,6.380269560840401,1,1,0,0,0
1,14.330212244581146,5.885617959753937,1,0,1,0,0
1,12.89568745137981,6.860781371550475,1,1,0,0,0
0,13.00945362192514,6.354726810962569,0,0,1,1,0
1,13.473264663327909,6.470694134668838,1,1,0,0,0
0,13.313145583250844,6.526291166501688,0,0,0,1,0
1,12.418551936828624,6.9898189921035785,1,0,0,1,0
1,12.924065277389898,6.675934722610102,1,1,0,0,0
0,13.59782170570017,6.5,0,0,1,1,0
1,13.19860199953477,6.6,1,1,0,0,0
1,13.910067713101672,6.3,1,0,0,0,0
0,12.2,5.89467483582274,1,1,0,1,0
1,14.065067795104866,6.3,1,0,0,0,0
1,12.41619005000439,7.041904974997805,1,0,0,1,0
0,12.247301209619764,5.658096371140704,1,1,0,1,0
1,12.501152591321429,7.0,1,0,0,1,0
0,13.338738489946936,6.577476979893873,0,0,0,1,0
0,12.277809740637595,5.56657077808721,1,1,0,1,0
0,13.336744021423504,6.721085326192165,1,0,0,1,0
0,13.032419438826622,6.332419438826623,1,0,0,1,0
0,13.344036187577256,6.718654604140915,1,0,0,1,0
0,13.103123046794495,6.401561523397248,0,0,1,1,0
1,13.903235158523804,6.298151337986397,1,1,0,0,0
0,13.451717763855036,6.424141118072482,0,0,1,1,0
0,12.127491195967853,6.987915199327976,0,1,1,0,0
1,14.176952655184769,6.530857965554306,1,0,1,0,0
0,13.292357387461404,6.592357387461404,1,0,0,1,0
0,13.953380011281176,6.148122215954903,0,0,1,1,0
0,13.97857456947416,6.134125239181024,0,0,1,1,0
1,12.936025384281242,6.68529948762501,1,1,0,0,0
1,14.53535238619183,5.936941493604668,1,1,0,0,0
1,14.160658061479555,6.178683877040885,1,0,1,0,0
1,12.81854148664322,7.025834053427124,1,1,1,0,0
0,12.619049508621508,5.872224426725093,1,1,0,1,0
1,11.9,5.984795664706489,0,1,1,1,0
1,11.9,5.3381263569192345,0,1,1,1,0
0,13.10389048042334,6.79870317319222,1,0,0,1,0
1,11.671884295825208,5.674202482305884,1,1,1,0,0
0,12.200051186262924,5.8,1,1,0,1,0
0,13.3695901897263,6.6391803794526,0,0,0,1,0
0,11.526574395620406,6.606297582481627,0,1,1,0,0
1,11.9,5.271165081030709,0,1,1,1,0
1,11.837716160528682,5.237716160528683,1,0,1,1,0
0,13.306370841360922,6.76241943909272,1,0,0,1,0
1,12.7,5.157050057765079,1,0,1,1,0
0,12.590276641750156,6.969907786083282,1,0,0,1,0
0,12.226126093920726,5.8,1,1,0,1,0
1,12.339233147532433,5.152189715004989,1,1,1,0,0
0,13.360264404589394,6.620528809178789,0,0,0,1,0
1,12.881934714953898,6.757420380061467,1,1,0,0,0
1,14.450136414866185,5.669754453240872,1,0,1,0,0
0,11.629703937669374,6.59727795325203,0,1,1,1,0
1,12.134872358123864,5.305500960682232,1,0,1,1,0
0,13.365250977360068,6.630501954720137,0,0,0,1,0
0,13.355423492444933,6.333729522665202,0,0,1,1,0
0,12.924021034487309,7.017319310341795,1,0,0,1,0
1,12.990931472814731,6.622671317963167,1,1,0,0,0
0,13.487603720370286,6.406198139814857,0,0,1,1,0
1,12.31203683137055,7.093981584314725,1,0,0,1,0
0,12.204821561736484,6.07107062958109,1,1,0,1,0
0,13.369210901259748,6.465394549370126,0,0,1,1,0
0,13.499178483016795,6.400410758491603,0,0,1,1,0
0,11.690326348752,6.690326348752,0,1,1,1,0
1,14.146481204992192,6.159153597147319,1,1,0,0,0
1,12.80718822064459,6.857082372473879,1,1,0,0,0
0,12.876720969812643,6.874426343395785,1,0,0,1,0
1,11.972853113690157,5.154293772619688,1,1,1,0,0
1,14.211679504952254,6.09897689108594,1,0,1,0,0
1,13.209682738308402,6.6,1,1,0,0,0
0,13.215048948333813,6.457524474166905,0,0,1,1,0
1,12.654587346619664,7.0,1,0,0,1,0
0,11.526523607346986,6.40716737428555,0,1,1,1,0
1,14.111923159855069,6.511923159855068,1,1,0,0,0
1,11.88882314301769,5.222353713964621,0,1,1,1,0
1,14.28753504509772,5.924929909804561,1,0,1,0,0
1,12.39881406925781,6.987351758657226,1,0,0,1,0
0,11.574217375245514,6.925782624754486,0,1,1,0,0
1,14.117196024992126,6.517196024992125,1,1,0,0,0
1,11.78861988652904,6.911077485816131,1,0,0,1,0
1,11.970514389719051,6.933814298714882,1,0,0,1,0
0,13.382838745205104,6.665677490410205,0,0,0,1,0
0,14.126815401905608,6.46964615576729,0,0,1,1,0
0,12.984855061303548,6.976763292464303,1,0,0,1,0
1,11.706970950789453,6.900697095078946,1,0,0,1,0
0,13.33683333889152,6.5,0,0,1,1,0
0,13.334166887132906,6.482916556433548,0,0,1,1,0
0,14.330894693704735,6.453929795803158,1,0,1,0,0
0,13.592676208843615,6.320563249562614,0,0,1,1,0
1,11.64145997862925,5.5302480256449,1,1,1,0,0
0,12.21985162114918,5.811343783513816,1,1,0,1,0
1,11.870234211481446,5.192196198724284,1,0,1,1,0
1,11.816880216348196,6.91168802163482,1,0,0,1,0
0,12.799704328891831,6.14268818793819,1,1,0,1,0
0,12.610392396962544,5.862124463122967,1,1,0,1,0
1,13.10012059120211,6.6,1,1,0,0,0
1,14.415591427789169,5.731935429979497,1,0,1,0,0
1,13.932321613565296,6.3,1,0,0,0,0
1,11.890020715197922,5.230006905065974,1,0,1,1,0
0,13.375482743865168,6.273551768404504,0,0,1,1,0
0,13.332032710786525,6.403901867640433,0,0,1,1,0
0,11.592441076729736,6.86976430691894,0,1,1,0,0
0,13.397525165574464,6.451237417212768,0,0,1,1,0
0,13.220897965671773,6.81940135621882,1,0,0,1,0
0,13.2583388423178,6.558338842317801,1,0,0,1,0
0,13.9854758614883,6.5,0,0,1,1,0
1,12.581962503730344,7.0,1,0,0,1,0
0,11.532686204899854,6.630744819599418,0,1,1,0,0
1,14.128165585537458,6.243668828925083,1,0,1,0,0
1,12.01676018003583,5.3484508436233344,1,0,1,1,0
0,13.527356156782623,6.384802135120764,0,0,1,1,0
0,13.836253763468903,6.437361529274323,0,0,1,1,0
1,11.600573826809091,5.49913925978636,1,0,1,1,0
0,13.422253525278018,6.244507050556037,0,0,1,1,0
1,12.637957423941817,6.525304949294545,1,1,1,0,0
1,11.85703785334402,5.285924293311963,0,1,1,1,0
1,14.42487650905274,6.000070566255577,1,1,0,0,0
0,11.523245731497182,6.976754268502817,0,1,1,0,0
1,11.903470489278876,5.268926643761967,1,1,1,0,0
1,11.91450681652327,7.025802726609308,0,1,1,0,0
0,13.339471881340955,6.480264059329522,0,0,1,1,0
1,11.662441388777156,5.406337916834266,1,0,1,1,0
1,14.037863815212082,6.3,1,0,0,0,0
1,12.291226176765411,5.202193455808646,1,0,1,1,0
1,12.446062283345524,7.026968858327239,1,0,0,1,0
1,11.9,5.229383487635703,0,1,1,1,0
0,13.35973732361309,6.659737323613088,1,0,0,1,0
0,13.444038294039178,6.427980852980411,0,0,1,1,0
1,13.675053023843295,6.374982325385568,1,1,0,0,0
0,13.997083030058612,6.455231447784291,0,0,1,1,0
1,13.551895932033869,6.416034689322045,1,1,0,0,0
0,13.96851441339089,6.586297117321823,1,0,0,1,0
1,12.88810344815278,6.879741379618051,1,1,0,0,0
1,12.969694136578337,6.630305863421664,1,1,0,0,0
0,13.02902855724267,6.364514278621335,0,0,1,1,0
1,12.40420612839904,5.173948467900239,1,0,1,1,0
1,12.971481083330632,6.6285189166693685,1,1,0,0,0
1,12.662620877421574,5.104153235842047,1,0,1,1,0
0,13.292176000468649,6.771882666354235,1,0,0,1,0
1,12.561074067819186,5.150518520793023,1,0,1,1,0
0,14.299845718748225,6.4332304791654815,1,0,1,0,0
1,14.13491220025023,6.40473660075069,1,0,1,0,0
0,14.145645797384525,6.550870840523095,1,0,0,1,0
1,12.090885889637391,5.321496040131857,1,0,1,1,0
1,12.150711081681017,6.359146701982781,1,0,0,1,0
0,11.53299524542346,6.967004754576538,0,1,1,0,0
0,13.102042602475048,6.402042602475047,1,0,0,1,0
0,13.075404988235134,6.808198337254956,1,0,0,1,0
1,12.473528550816106,5.172850546279401,1,1,1,0,0
1,12.33770774660049,7.081146126699755,1,0,0,1,0
1,11.742770720614075,5.396536599232406,0,1,1,1,0
0,13.353340958085337,6.731106027943111,1,0,0,1,0
1,12.104502563840912,6.950562820480115,1,0,0,1,0
1,11.902092135275126,5.390148314445408,1,0,1,1,0
0,14.317757862080247,6.516448427583951,1,0,0,1,0
1,12.83217140815625,6.8017428877656245,1,1,1,0,0
1,13.160956756507831,6.6,1,1,0,0,0
1,13.70317523106944,6.365608256310187,1,1,0,0,0
0,14.22998869223767,6.386659128158446,1,0,1,0,0
1,12.858372270791005,6.7624415938134925,1,1,1,0,0
1,12.967020658133414,5.248772408943602,1,1,1,0,0
0,12.001727151711815,6.876295363783862,0,1,1,1,0
1,11.913201802640618,5.296699549339846,1,0,1,1,0
0,13.082375897798164,6.805874700733945,1,0,0,1,0
0,13.011937226710437,6.958708515526378,1,0,0,1,0
0,11.586221499623742,6.564666124717806,0,1,1,1,0
0,14.2343418640939,6.3895612427292665,1,0,1,0,0
1,11.592474813801452,6.915050372397096,0,1,1,0,0
0,13.124399902633304,6.883733398244463,1,0,0,1,0
1,14.102267495869626,6.184418573788785,1,1,0,0,0
1,14.469337992415626,5.635191613651872,1,0,1,0,0
0,13.419617869119875,6.440191065440063,0,0,1,1,0
1,13.97950811143146,6.3,1,0,0,0,0
1,12.937845205844646,6.682873058873806,1,1,0,0,0
0,13.342383332587314,6.584766665174627,0,0,0,1,0
0,13.1118284935092,6.4118284935092005,1,0,0,1,0
1,12.813763280286809,6.829355079569788,1,1,1,0,0
0,13.339950787746512,6.480024606126745,0,0,1,1,0
0,12.867510489759097,7.054993006827268,1,0,0,1,0
0,13.313926226988835,6.527852453977669,0,0,0,1,0
0,13.310149126820878,6.469552619537369,0,0,1,1,0
1,12.037295305582676,5.174590611165352,1,1,1,0,0
1,12.41008179378152,7.04495910310924,1,0,0,1,0
1,11.779428189242582,6.909928523655323,1,0,0,1,0
1,14.537239853228026,5.512968264189551,1,0,1,0,0
0,11.518357871310895,6.573431485243592,0,1,1,0,0
0,14.30535321392708,6.436902142618052,1,0,1,0,0
1,11.731253347984795,5.314577753358677,1,0,1,1,0
0,13.425455891538483,6.437272054230758,0,0,1,1,0
1,12.864666856351413,6.841332574594355,1,1,1,0,0
1,13.02786371308448,6.590712095638507,1,1,0,0,0
1,12.561192540637808,7.0,1,0,0,1,0
1,11.83286904711328,6.993147618845312,0,1,1,0,0
0,12.97206211004037,6.27206211004037,1,0,0,1,0
0,14.157717260828097,6.5,0,0,1,1,0
1,12.647522792590356,7.0,1,0,0,1,0
0,13.364077674716611,6.467961162641694,0,0,1,1,0
0,13.384032435830216,6.247902692509353,0,0,1,1,0
0,14.100426745422638,6.300284496948426,1,0,1,0,0
1,13.43171495002534,6.456095016658219,1,1,0,0,0
0,13.368723680597142,6.465638159701429,0,0,1,1,0
0,13.111533599019824,6.405766799509912,0,0,1,1,0
1,13.23211806149864,6.567152775400545,1,1,0,0,0
0,12.232672015919942,5.701983952240172,1,1,0,1,0
0,14.084341262824712,6.563131747435057,1,0,0,1,0
1,12.93574998331757,6.685666688909905,1,1,0,0,0
0,12.868555455749975,6.182031688999986,1,1,0,1,0
0,14.379603195147949,6.497733688349772,0,0,1,1,0
1,14.151783773940268,6.4553513218208,1,0,1,0,0
1,11.667645846647128,5.420590255588121,1,0,1,1,0
1,13.337512014751296,6.487495995082901,1,1,0,0,0
0,14.239221327834573,5.989321484536349,0,0,1,1,0
0,13.47216714734554,6.34433429469108,0,0,1,1,0
1,11.723627288090327,5.314559067864511,1,0,1,1,0
1,14.385641843082851,5.785844682450864,1,0,1,0,0
1,12.89047900468488,6.738083981260479,1,1,1,0,0
1,12.969415269046811,6.640779641270916,1,1,0,0,0
1,12.9288174912778,6.671182508722199,1,1,0,0,0
1,12.88635009240924,6.884124768976899,1,1,0,0,0
1,14.073516870593698,6.3,1,0,0,0,0
0,13.505496537234569,6.395288682370371,0,0,1,1,0
0,12.98675815437026,6.343379077185129,0,0,1,1,0
1,11.989999157433989,5.244999578716994,0,1,1,1,0
1,12.82331772781854,7.041705680453652,1,1,0,0,0
1,12.971059919134175,6.628940080865824,1,1,0,0,0
0,12.343164614949847,5.532373461212385,1,1,0,1,0
0,12.2,5.925436267562462,1,1,0,1,0
0,12.364274342224109,5.8,1,1,0,1,0
1,12.7,5.396538436448213,1,0,1,1,0
1,12.6607220825315,7.0,1,0,0,1,0
0,13.481414673289818,6.409292663355092,0,0,1,1,0
0,14.353263336720868,6.509347332655826,1,0,0,1,0
1,11.868089763866555,6.92101122048332,1,0,0,1,0
1,12.63351075994096,7.0,1,0,0,1,0
0,11.520439114082306,6.979560885917694,0,1,1,0,0
0,13.868196044931022,6.606360791013796,1,0,0,1,0
1,11.862289185879218,5.2652529769449385,1,1,1,0,0
1,12.03218306775665,5.164366135513301,1,1,1,0,0
1,11.849002608315738,6.721196870021114,1,0,0,1,0
1,11.52130330118622,7.057393397627559,0,1,1,0,0
0,13.392653559688506,6.702448813437165,1,0,0,1,0
1,12.982977756975163,6.622696324033115,1,1,0,0,0
0,14.273327104971122,6.415551403314081,1,0,1,0,0
1,11.790643132372985,6.9762572529491935,0,1,1,0,0
0,13.594941954336829,6.347254469812873,0,0,1,1,0
0,12.984512686991089,6.342256343495544,0,0,1,1,0
0,13.194462801144317,6.447231400572158,0,0,1,1,0
1,12.128991786253456,5.290336071248848,1,0,1,1,0
1,14.14691745176268,6.44075235528804,1,0,1,0,0
0,13.5316732187934,6.403519246532601,0,0,1,1,0
0,13.350381406561118,6.600762813122233,0,0,0,1,0
0,11.676312680424228,6.676312680424228,0,1,1,1,0
0,14.288036862253978,6.425357908169319,1,0,1,0,0
0,13.018938722037932,6.359469361018966,0,0,1,1,0
1,14.008177578620405,6.23818424078834,1,1,0,0,0
1,14.218101763515335,6.087416825672395,1,0,1,0,0
0,13.403437414786694,6.206874829573387,0,0,1,1,0
0,13.90236548892271,6.599526902215458,1,0,0,1,0
1,11.627992698344848,5.744014603310305,0,1,1,1,0
0,12.884560524075404,6.871813158641532,1,0,0,1,0
1,12.073543344607309,6.937354334460731,1,0,0,1,0
0,13.04913246136163,6.933911692425581,1,0,0,1,0
0,13.332533328519844,6.632533328519843,1,0,0,1,0
0,13.155453548553249,6.4554535485532485,1,0,0,1,0
1,12.990212860287414,6.624467849281463,1,1,0,0,0
1,12.469842932683878,5.15753926682903,1,0,1,1,0
0,13.48230543793544,6.3646108758708815,0,0,1,1,0
0,13.124688909412322,6.883540727058452,1,0,0,1,0
0,14.393940607774075,6.495960405182717,1,0,1,0,0
1,12.858521104783264,6.672347403188844,1,1,1,0,0
1,11.932002963692067,5.235994072615866,1,1,1,0,0
1,12.080427837887642,7.0921711351550565,0,1,1,0,0
1,13.137777515744329,6.6,1,1,0,0,0
1,11.714758280865455,6.945903312346182,0,1,1,0,0
1,11.59663101628226,6.906737967435481,0,1,1,0,0
0,13.301932714775203,6.494201855674388,0,0,1,1,0
0,13.329042012122256,6.485478993938872,0,0,1,1,0
0,12.606494708174251,5.72987103113069,1,1,0,1,0
0,11.519535814344955,6.519535814344958,0,1,1,1,0
1,11.80412984015537,6.913016230019422,1,0,0,1,0
1,14.536030932090656,5.515144322236818,1,0,1,0,0
0,12.739581118780317,6.920139627073229,1,0,0,1,0
1,11.9,5.288546239675384,0,1,1,1,0
0,13.330525657787502,6.5,0,0,1,1,0
0,13.336713772318635,6.5734275446372745,0,0,0,1,0
0,13.313596892643126,6.493201553678437,0,0,1,1,0
0,11.594991764579742,6.905008235420257,0,1,1,0,0
1,14.127386682428302,6.245226635143395,1,0,1,0,0
0,14.130436850753393,5.859625556497091,0,0,1,1,0
0,13.39520262139228,6.690405242784559,0,0,0,1,0
0,12.213765686710028,6.017405879739832,1,1,0,1,0
0,13.405230111398412,6.210460222796823,0,0,1,1,0
0,14.343876546683855,6.493764060742651,0,0,1,1,0
1,12.78505499909662,6.623369999397746,1,1,1,0,0
1,12.9458027090483,6.6541972909517,1,1,0,0,0
0,11.553822716391416,6.946177283608585,0,1,1,0,0
1,14.5172542251901,5.548942394657818,1,0,1,0,0
0,12.2,5.98239695735009,1,1,0,1,0
0,12.916364284649513,6.308182142324756,0,0,1,1,0
1,12.328470930325924,7.085764534837038,1,0,0,1,0
1,13.820531268903096,6.3264895770323015,1,1,0,0,0
0,13.343915867095774,6.587831734191548,0,0,0,1,0
1,11.723534118674449,6.907844706224817,1,0,0,1,0
0,12.33664802449175,5.878084585423856,1,1,0,1,0
0,13.313278889748464,6.526557779496927,0,0,0,1,0
0,13.320007200081594,6.540014400163186,0,0,0,1,0
0,12.677179305878084,5.782884479408564,1,1,0,1,0
1,13.754695485491435,6.348434838169521,1,1,0,0,0
1,12.788471663633151,6.625647775755434,1,1,1,0,0
1,12.207026957352934,5.15477478251634,1,0,1,1,0
1,11.767544315285422,5.378946821657494,1,1,1,0,0
0,13.336576125939274,6.573152251878548,0,0,0,1,0
1,13.739211714256603,6.353596095247799,1,1,0,0,0
0,13.490710470308976,6.5,0,0,1,1,0
1,12.96909342650082,6.677266433747953,1,1,0,0,0
1,14.37337525600816,5.807924539185312,1,0,1,0,0
0,13.7571509845165,6.5,0,0,1,1,0
1,12.570173264517043,7.0,1,0,0,1,0
0,13.36626869548473,6.632537390969458,0,0,0,1,0
0,14.256482449878153,6.5287035100243695,1,0,0,1,0
0,13.441628001182991,6.2832560023659845,0,0,1,1,0
1,11.892448503142598,5.189727944095267,1,0,1,1,0
0,13.392880170551448,6.685760341102894,0,0,0,1,0
1,11.791361449694392,6.911420181211799,1,0,0,1,0
0,14.35863103982222,6.495403448869136,0,0,1,1,0
0,13.30890801713509,6.517816034270181,0,0,0,1,0
0,13.343066386382352,6.718977871205883,1,0,0,1,0
0,13.352785733813798,6.341642798558605,0,0,1,1,0
1,11.57331850999035,6.953362980019299,0,1,1,0,0
0,13.34986297328222,6.475068513358891,0,0,1,1,0
1,12.804564863559536,5.22377920977839,1,1,1,0,0
0,14.191296312326571,6.3608642082177145,1,0,1,0,0
0,11.52104261653258,6.97895738346742,0,1,1,0,0
1,11.514581350420558,7.070837299158884,0,1,1,0,0
1,11.95859351820246,5.149687778157047,1,1,1,0,0
0,14.292179630019406,6.42811975334627,1,0,1,0,0
1,14.14354292470129,6.4306287741038695,1,0,1,0,0
1,13.89857832796901,6.300568668812396,1,1,0,0,0
0,13.465873535271085,6.331747070542165,0,0,1,1,0
1,11.60106186408142,6.998938135918579,1,0,0,1,0
0,13.331226502716122,6.562453005432243,0,0,0,1,0
0,13.437631060974068,6.431184469512966,0,0,1,1,0
0,14.267749889834914,6.5,0,0,1,1,0
0,13.36140548328257,6.72572967781162,1,0,0,1,0
1,12.116415955765914,6.941641595576592,1,0,0,1,0
0,12.8191089132026,6.8936303622658,1,0,0,1,0
1,13.406614133009631,6.464461955663455,1,1,0,0,0
1,13.431221658538409,6.456259447153864,1,1,0,0,0
0,11.584073660315584,6.915926339684415,0,1,1,0,0
0,13.476049370191529,6.684790125961695,1,0,0,1,0
0,13.77748346878004,6.430831496531116,0,0,1,1,0
0,12.215648044229178,5.921759778854109,1,1,0,1,0
0,13.074700261107498,6.808433246297501,1,0,0,1,0
1,14.154800126384371,6.5548001263843725,1,1,0,0,0
1,12.613061982877223,6.508707988584816,1,1,1,0,0
1,12.998875341719526,6.601124658280473,1,1,0,0,0
0,14.331895426371286,6.454596950914191,1,0,1,0,0
1,11.79032426537212,5.216126224379801,1,0,1,1,0
0,13.300017783463854,6.500035566927709,0,0,0,1,0
0,13.359223911326096,6.322328266021713,0,0,1,1,0
0,12.535546059447531,5.6766595445856485,1,1,0,1,0
0,13.47577097049992,6.41211451475004,0,0,1,1,0
0,14.082849923162025,6.5,0,0,1,1,0
0,12.610279420884748,5.8,1,1,0,1,0
1,11.910557585433814,6.647330897479423,1,0,0,1,0
1,12.911788278441517,6.688211721558485,1,1,0,0,0
1,13.89233074331058,6.302556418896473,1,1,0,0,0
1,11.543961434581387,7.012077130837221,0,1,1,0,0
1,14.39681469452978,6.016105888840126,1,1,0,0,0
1,14.268137881037424,5.997351814132635,1,0,1,0,0
1,14.178793609196228,6.1424127816075424,1,0,1,0,0
0,11.69409857855308,6.694098578553083,0,1,1,1,0
0,12.29913614436874,5.504319278156303,1,1,0,1,0
0,13.23788805572039,6.53788805572039,1,0,0,1,0
1,11.74276879467533,5.448084074663516,1,0,1,1,0
1,11.83129189789789,5.231291897897888,1,0,1,1,0
1,11.9,5.841494954563727,0,1,1,1,0
1,13.61291714720727,6.395694284264244,1,1,0,0,0
1,14.11796072162229,6.353882164866873,1,0,1,0,0
0,13.375886298229,6.651772596458,0,0,0,1,0
1,13.252929981461016,6.558828007415593,1,1,0,0,0
0,13.329155215418371,6.558310430836744,0,0,0,1,0
1,12.317589624368686,7.091205187815657,1,0,0,1,0
0,13.73062200701396,6.271876662770022,0,0,1,1,0
1,12.934367584756266,6.665632415243733,1,1,0,0,0
1,13.96619568504761,6.3,1,0,0,0,0
0,13.302712997859054,6.764858001427298,1,0,0,1,0
1,11.829150966172511,5.229150966172511,1,0,1,1,0
1,12.342402035033649,6.980300254379206,1,0,0,1,0
0,12.222328323939111,5.888358380304442,1,1,0,1,0
1,12.907150154830838,6.723799793558881,1,1,0,0,0
1,12.9,6.872862182043454,1,1,1,0,0
1,11.891337904799215,5.217324190401568,0,1,1,1,0
0,13.23951116849072,6.80699255433952,1,0,0,1,0
1,14.062082522628195,6.3,1,0,0,0,0
0,13.420081130818753,6.2401622616375,0,0,1,1,0
0,12.458975073824057,5.619231305368043,1,1,0,1,0
0,12.824202463170533,7.083865024552979,1,0,0,1,0
1,12.463312329190572,5.178895890269809,1,0,1,1,0
1,11.606140462262667,5.5726314452848005,1,1,1,0,0
0,14.239246455901563,6.392830970601041,1,0,1,0,0
0,12.851160545567028,7.065892969621981,1,0,0,1,0
1,11.840241401329315,5.240241401329317,1,0,1,1,0
0,14.155582128098256,6.337054752065503,1,0,1,0,0
1,11.9,5.200251434108428,0,1,1,1,0
1,14.14068443115529,6.218631137689421,1,0,1,0,0
0,11.565145008012976,6.565145008012975,0,1,1,1,0
0,12.572257657478348,5.817633933724738,1,1,0,1,0
0,14.18607546475003,5.811935315928546,0,0,1,1,0
0,13.130808435598215,6.879461042934524,1,0,0,1,0
1,12.619357300313284,7.0,1,0,0,1,0
1,12.031600348125284,5.174266627986079,1,0,1,1,0
1,14.153284607518676,6.459853822556028,1,0,1,0,0
0,12.81394908972572,6.89535030342476,1,0,0,1,0
1,11.83623095962114,5.41409783286504,1,0,1,1,0
1,13.237622616095654,6.520792461301448,1,1,0,0,0
0,12.268480586902244,5.594558239293275,1,1,0,1,0
1,12.947345835241975,6.652654164758023,1,1,0,0,0
0,13.747045829247885,6.630590834150423,1,0,0,1,0
1,12.260543979174708,6.970067997396838,1,0,0,1,0
0,13.143902955431408,6.870731363045728,1,0,0,1,0
0,13.874593589404007,6.191892450331107,0,0,1,1,0
0,12.818856790970482,7.087428806019679,1,0,0,1,0
0,14.202684897833892,6.3684565985559285,1,0,1,0,0
1,14.534273461280767,5.518307769694618,1,0,1,0,0
0,12.242185281434123,5.8,1,1,0,1,0
0,13.459717884119858,6.688056423176029,1,0,0,1,0
1,14.045327405654769,6.3,1,0,0,0,0
1,11.97830929437676,6.566028846747888,1,0,0,1,0
1,12.715565636487238,6.979245818017015,1,1,0,0,0
1,12.393722519253258,5.1765693701866855,1,0,1,1,0
0,13.343263244919887,6.370210265240339,0,0,1,1,0
0,14.351781343698368,6.509643731260327,1,0,0,1,0
1,12.731955204015296,6.587970136010197,1,1,1,0,0
1,12.041170693076008,7.076468277230403,0,1,1,0,0
1,13.966494245384675,6.3,1,0,0,0,0
0,13.493022724939706,6.386045449879414,0,0,1,1,0
1,14.27184059430029,5.990686930259478,1,0,1,0,0
1,13.564313150725289,6.411895616424904,1,1,0,0,0
0,13.335167743962003,6.482416128018998,0,0,1,1,0
1,11.55147954049178,5.614200765847032,1,0,1,1,0
1,14.274635470878218,5.950729058243565,1,0,1,0,0
1,11.9,5.927621925940365,0,1,1,1,0
0,11.985034016896904,6.985034016896904,0,1,1,1,0
1,14.196735543304476,6.1065289133910445,1,0,1,0,0
1,12.01870908157296,5.13741816314592,1,1,1,0,0
1,12.140460139091449,7.046820046363815,1,0,0,1,0
1,12.093395215797736,5.251651196050566,1,0,1,1,0
0,13.41748095332987,6.234961906659739,0,0,1,1,0
1,11.756909070808671,6.831709115029592,1,0,0,1,0
1,11.53132884487657,7.06867115512343,1,0,0,1,0
1,12.994460220579288,6.613849448551783,1,1,0,0,0
1,12.878594090097346,6.903514774756634,1,1,0,0,0
1,14.155532024111242,6.200042356599763,1,0,1,0,0
0,13.504807040875958,6.5,0,0,1,1,0
0,11.583826189543156,6.835304758172622,0,1,1,0,0
0,12.69127089908183,5.8,1,1,0,1,0
0,11.629796145439636,6.04571349096127,0,1,1,1,0
1,12.593431208113412,7.0,1,0,0,1,0
0,13.654951799227858,6.5,0,0,1,1,0
1,12.383286748128128,5.205571083957291,1,0,1,1,0
1,11.959613395156712,5.369231492670286,1,0,1,1,0
0,12.643624484167358,5.757718363125518,1,1,0,1,0
0,12.252478009609929,5.64256597117022,1,1,0,1,0
0,11.526923952954956,6.494615209409009,0,1,1,1,0
0,12.18688689434276,6.99781448239046,0,1,1,0,0
1,14.080101597510724,6.480101597510725,1,1,0,0,0
1,12.9,6.911869392365014,1,1,1,0,0
0,13.090315358454026,6.390315358454025,1,0,0,1,0
1,13.976608762570017,6.3,1,0,0,0,0
1,11.940969287397998,5.203303747053504,1,1,1,0,0
1,12.823467296299524,6.814799055550712,1,1,1,0,0
0,13.462654500732572,6.325309001465143,0,0,1,1,0
1,12.7,5.403741798365953,1,0,1,1,0
1,13.27503792653718,6.6,1,1,0,0,0
0,12.979190968817289,6.339595484408643,0,0,1,1,0
0,12.210985000337386,5.9450749983130695,1,1,0,1,0
0,13.343644707118395,6.478177646440802,0,0,1,1,0
1,11.9,5.88222741207378,0,1,1,1,0
1,12.86512497074426,5.23309614934527,1,1,1,0,0
0,13.315814263673568,6.531628527347136,0,0,0,1,0
1,12.7,5.171346483706009,1,0,1,1,0
1,12.817371966260808,7.05657008434798,1,1,0,0,0
1,12.12194464279699,5.164228373022556,1,0,1,1,0
1,14.1131823181769,6.276271827281579,1,0,1,0,0
1,14.000025908654605,6.400025908654604,1,1,0,0,0
0,13.744315210179526,6.190586962703264,0,0,1,1,0
1,11.948194306981025,5.224097153490512,0,1,1,1,0
0,12.203844970203296,6.076930178780213,1,1,0,1,0
0,14.130452852486734,6.47005031694297,0,0,1,1,0
0,13.4048174196599,6.209634839319802,0,0,1,1,0
0,13.590117302308022,6.410013033589781,0,0,1,1,0
1,11.588555753258076,7.011444246741925,1,0,0,1,0
1,11.85685456603012,5.256854566030119,1,0,1,1,0
1,12.46540622477918,7.01729688761041,1,0,0,1,0
0,12.25391759194242,5.638247224172739,1,1,0,1,0
0,13.331250222921287,6.631250222921288,1,0,0,1,0
0,12.552681478863557,5.8,1,1,0,1,0
1,12.513843733481878,7.0,1,0,0,1,0
0,13.366524778559867,6.466737610720066,0,0,1,1,0
1,14.112050373539947,6.278309327628093,1,0,1,0,0
1,11.92138207210298,6.634341513476425,1,0,0,1,0
0,11.64095683971516,6.906826139952527,0,1,1,0,0
1,13.266415382358415,6.6,1,1,0,0,0
1,13.971407068521778,6.3,1,0,0,0,0
1,12.83176533466062,6.97293866135752,1,1,1,0,0
0,13.930525082141264,6.447836120237918,0,0,1,1,0
0,11.912779926994975,6.952129987832496,0,1,1,0,0
0,13.370119646956942,6.289641059129175,0,0,1,1,0
1,12.082268129109112,7.092907251643645,0,1,1,0,0
0,13.370145911943728,6.640291823887456,0,0,0,1,0
1,14.112569789515296,6.337709368545887,1,0,1,0,0
0,12.661369247342543,6.9462102508858194,1,0,0,1,0
0,13.09393703560786,6.904041976261427,1,0,0,1,0
1,13.939636400534786,6.3,1,0,0,0,0
0,13.369355556601796,6.7102148144660685,1,0,0,1,0
1,12.008420458333983,6.938552557291748,1,0,0,1,0
0,13.919568232356832,6.166906537579537,0,0,1,1,0
1,14.013274614508305,6.3,1,0,0,0,0
0,13.847098995487796,6.610580200902441,1,0,0,1,0
0,13.587362423759044,6.32511792249225,0,0,1,1,0
0,13.157305850361515,6.457305850361514,1,0,0,1,0
1,12.311736894266758,7.094131552866621,1,0,0,1,0
1,13.937745654981494,6.337745654981494,1,1,0,0,0
0,13.85937768383639,6.091961985283094,0,0,1,1,0
0,11.554373833648578,6.945626166351423,0,1,1,0,0
1,12.684616918800865,7.0,1,0,0,1,0
0,14.398148121668662,6.498765414445775,1,0,1,0,0
0,13.134799590477677,6.788400136507441,1,0,0,1,0
1,12.709538657531674,6.987281789957766,1,1,0,0,0
1,13.831393363460036,6.327442654615985,1,1,0,0,0
0,11.65242544594032,6.652425445940321,0,1,1,1,0
0,14.138283761740366,5.852899632793971,0,0,1,1,0
1,12.216010432906144,6.951601043290615,1,0,0,1,0
1,12.553362984533663,7.0,1,0,0,1,0
0,13.726403753666755,6.205939639714209,0,0,1,1,0
1,12.365353266581986,5.221689721242914,1,0,1,1,0
1,13.981566833243528,6.253390381003698,1,1,0,0,0
1,12.919166149662448,6.802084625843884,1,1,0,0,0
1,12.356389470678227,5.138178947702419,1,0,1,1,0
0,13.249873411766384,6.750042196077872,1,0,0,1,0
1,11.543758286873846,5.645302141407692,0,1,1,1,0
0,14.153838259185378,6.549232348162925,1,0,0,1,0
1,12.390212377167671,7.054893811416164,1,0,0,1,0
1,11.9,5.297608505415515,0,1,1,1,0
0,11.800511196115265,6.439897760776947,0,1,1,1,0
1,14.11356709518108,6.2755792286740535,1,0,1,0,0
0,13.82329498648857,6.435921665165397,0,0,1,1,0
1,11.61056616203181,5.5617922974602365,0,1,1,1,0
0,13.04177513189919,6.938816578733873,1,0,0,1,0
1,11.892280367084334,6.924035045885542,1,0,0,1,0
0,12.59026222319479,5.717696667396092,1,1,0,1,0
0,13.34093996352088,6.377180109437359,0,0,1,1,0
0,13.373266162702024,6.646532325404047,0,0,0,1,0
1,11.979673620391017,7.051869448156406,0,1,1,0,0
0,13.328453973332524,6.55690794666505,0,0,0,1,0
0,14.117121640082116,6.31141442672141,1,0,1,0,0
0,12.2,5.920183147996975,1,1,0,1,0
0,12.9808532427649,6.979431171490066,1,0,0,1,0
1,14.40754060015651,5.746426919718282,1,0,1,0,0
1,12.77720540260145,6.897059463198066,1,1,0,0,0
0,13.478456674403038,6.410771662798481,0,0,1,1,0
1,13.867204462506946,6.310931845831018,1,1,0,0,0
1,12.243343217668045,7.081114405889348,1,0,0,1,0
1,11.56845469971552,6.963090600568958,0,1,1,0,0
0,11.775129126256132,6.929188187709356,0,1,1,0,0
1,11.582039652632806,7.017960347367194,1,0,0,1,0
0,13.955542034762336,6.5,0,0,1,1,0
1,14.112941826671197,6.512941826671197,1,1,0,0,0
1,11.885092009690457,5.285092009690454,1,0,1,1,0
0,14.041066353806787,6.571786729238642,1,0,0,1,0
1,11.9,5.244758249295405,0,1,1,1,0
1,12.9,6.864381533786082,1,1,1,0,0
1,14.48047674406432,5.9682990033918175,1,1,0,0,0
1,12.646049896268876,6.994604989626888,1,0,0,1,0
0,13.055955538475652,6.355955538475653,1,0,0,1,0
0,14.194895242286211,6.363263494857475,1,0,1,0,0
0,13.039434320443563,6.820188559852146,1,0,0,1,0
1,12.542304453673784,7.0,1,0,0,1,0
1,11.969355723489434,5.256451907829811,1,0,1,1,0
0,13.263897075375294,6.563897075375293,1,0,0,1,0
1,12.02193810794408,7.007312702648027,1,0,0,1,0
1,12.640295012340587,7.0,1,0,0,1,0
0,14.218155888469267,6.479795098718808,0,0,1,1,0
1,12.557025181412168,7.0,1,0,0,1,0
1,14.117892330271436,6.353676990814311,1,0,1,0,0
0,13.345766158832932,6.591532317665863,0,0,0,1,0
1,11.962563249162548,7.045025299665019,0,1,1,0,0
0,12.62640915009415,6.957863616635284,1,0,0,1,0
1,12.70807380485332,6.572049203235547,1,1,1,0,0
1,12.693263039322934,7.0,1,0,0,1,0
0,14.393889488533144,6.495926325688762,1,0,1,0,0
1,11.595233169268162,7.004766830731836,1,0,0,1,0
1,13.697857393756616,6.380857042497354,1,1,0,0,0
0,13.365818750063545,6.665818750063545,1,0,0,1,0
1,14.044995433770698,6.3,1,0,0,0,0
0,13.25775776039635,6.557757760396349,1,0,0,1,0
1,12.864627105012998,6.753059342480502,1,1,1,0,0
1,11.518531627560156,5.677762046927812,1,1,1,0,0
1,13.1325172626714,6.6,1,1,0,0,0
0,12.2,5.949855621608444,1,1,0,1,0
1,12.664674573111729,7.0,1,0,0,1,0
1,14.072837672510968,6.3,1,0,0,0,0
1,11.52467995956732,7.050640080865359,0,1,1,0,0
1,12.646158990306027,7.0,1,0,0,1,0
1,13.748209636606164,6.3505967877979455,1,1,0,0,0
0,13.347876849541338,6.595753699082676,0,0,0,1,0
1,14.282994432189277,5.934011135621448,1,0,1,0,0
1,13.135743408969663,6.6,1,1,0,0,0
0,13.374882961120722,6.462558519439639,0,0,1,1,0
1,14.12114606178522,6.36343818535566,1,0,1,0,0
1,14.0739346264605,6.3,1,0,0,0,0
0,13.471153758632072,6.5,0,0,1,1,0
0,13.305553749248949,6.511107498497892,0,0,0,1,0
1,14.12770751756167,6.383122552685013,1,0,1,0,0
0,11.599066184362838,6.900933815637161,0,1,1,0,0
1,14.304454018472343,6.068883418015804,1,1,0,0,0
0,11.94312287031848,6.411375425936304,0,1,1,1,0
1,12.821386778227613,7.046533054430972,1,1,0,0,0
1,11.991096069032055,5.115581879193902,1,1,1,0,0
1,12.7,5.161428745166037,1,0,1,1,0
0,13.313361588562618,6.526723177125233,0,0,0,1,0
1,13.21129972956691,6.6,1,1,0,0,0
0,14.172786567567984,6.474754063063109,0,0,1,1,0
1,12.454936263495538,6.994367032936943,1,0,0,1,0
0,13.57985881158719,6.331549590068123,0,0,1,1,0
1,14.572191987747232,5.450054422054981,1,0,1,0,0
1,12.9576891581022,6.6423108418978005,1,1,0,0,0
1,12.08398441336612,5.2919922066830605,0,1,1,1,0
0,11.59413391683995,6.905866083160049,0,1,1,0,0
0,13.46141744164382,6.687716511671236,1,0,0,1,0
0,11.9468521480828,6.41062957038344,0,1,1,1,0
1,12.141354049408532,6.955169256176067,1,0,0,1,0
0,14.057813767578557,5.921873913504093,0,0,1,1,0
1,11.751597480672324,6.838083023193208,1,0,0,1,0
0,12.253880439604773,5.77671736237136,1,1,0,1,0
1,12.82432438472784,6.64954958981856,1,1,1,0,0
0,12.8942264606315,6.193264204070081,1,1,0,1,0
0,11.648178248163584,6.648178248163587,0,1,1,1,0
0,12.670995316949057,6.943001561016981,1,0,0,1,0
1,11.772709241099353,5.245484598167751,1,0,1,1,0
1,12.190232213178776,7.063410737726258,1,0,0,1,0
0,14.224320156473024,6.5,0,0,1,1,0
1,14.063636704340157,6.3,1,0,0,0,0
0,14.114799625958504,6.3098664173056696,1,0,1,0,0
1,12.7,5.35404312614211,1,0,1,1,0
0,12.205626147895948,5.971869260520255,1,1,0,1,0
0,13.372148191929046,6.283555424212861,0,0,1,1,0
0,12.321391867814595,5.516043900860946,1,1,0,1,0
0,13.340142444080076,6.719952518639975,1,0,0,1,0
0,14.239138229086388,5.989367650507563,0,0,1,1,0
1,11.9785622862904,7.0514249145161605,0,1,1,0,0
1,12.478344517490427,6.997293064686303,1,0,0,1,0
0,12.844595903642482,7.070269397571678,1,0,0,1,0
1,12.957859031318783,6.642140968681216,1,1,0,0,0
1,12.918180235223655,6.709093019701793,1,1,0,0,0
1,11.603380606636682,5.498770688495752,1,0,1,1,0
1,13.93429772368036,6.33429772368036,1,1,0,0,0
0,12.892889877165372,6.869036707611543,1,0,0,1,0
1,11.575599785016976,7.024400214983026,1,0,0,1,0
0,13.329693098096651,6.485153450951674,0,0,1,1,0
0,12.2,6.025960142812311,1,1,0,1,0
0,12.256276255690032,5.718618721549838,1,1,0,1,0
1,12.863787197976182,6.754319203035728,1,1,1,0,0
1,14.16438720640641,6.493161619219232,1,0,1,0,0
1,13.177480511644667,6.5408398294517776,1,1,0,0,0
0,13.44824870349446,6.42587564825277,0,0,1,1,0
1,14.055915604149858,6.3,1,0,0,0,0
1,12.637234502378716,5.120921832540428,1,0,1,1,0
1,11.680140507001502,6.919859492998498,1,0,0,1,0
1,12.112979310106518,6.941297931010652,1,0,0,1,0
0,12.803459818694185,7.097693454203878,1,0,0,1,0
0,13.280361268558448,6.580361268558447,1,0,0,1,0
1,12.61971180412726,5.108920910652526,1,0,1,1,0
0,13.378058671263666,6.656117342527333,0,0,0,1,0
1,11.833025923699951,5.233025923699951,1,0,1,1,0
1,12.501234095433473,7.0,1,0,0,1,0
0,13.172393353858666,6.775868882047112,1,0,0,1,0
0,11.587320340181329,6.849281360725307,0,1,1,0,0
0,13.475486793162544,6.35097358632509,0,0,1,1,0
0,11.597775795095105,6.891103180380412,0,1,1,0,0
1,11.998296042394704,5.103407915210594,1,1,1,0,0
1,12.7,5.454946092461855,1,0,1,1,0
1,12.66450860595739,5.108872848510652,1,0,1,1,0
0,13.762274734571731,6.254291814126816,0,0,1,1,0
1,11.9,5.642647769838611,0,1,1,1,0
0,12.106719430471854,6.984453238411976,0,1,1,0,0
1,11.637146895792936,5.444279656310594,1,0,1,1,0
1,12.814750760477466,7.0631230988063365,1,1,0,0,0
1,12.945510630081284,6.654489369918714,1,1,0,0,0
0,11.58113329169822,6.918866708301779,0,1,1,0,0
0,12.981515248367314,6.340757624183657,0,0,1,1,0
0,13.059833551802624,6.8133888160657925,1,0,0,1,0
1,12.364038406110778,5.137329065987691,1,0,1,1,0
1,11.962163816759464,6.5854034198886415,1,0,0,1,0
1,12.616280089347486,5.127906636884171,1,0,1,1,0
1,12.508488756047036,5.147877810988241,1,0,1,1,0
1,13.2415569932414,6.6,1,1,0,0,0
0,13.4913169247107,6.5,0,0,1,1,0
0,13.424836261788164,6.437581869105918,0,0,1,1,0
0,13.343518421800804,6.587036843601606,0,0,0,1,0
1,14.386792716190149,6.02183273360563,1,1,0,0,0
0,12.310427880917167,5.863101646238381,1,1,0,1,0
0,13.373801206980694,6.647602413961386,0,0,0,1,0
1,12.867324652922711,6.931688367693224,1,1,0,0,0
1,12.7,5.364904758592197,1,0,1,1,0
0,12.2,5.987513156811885,1,1,0,1,0
1,12.373465060182903,7.063267469908547,1,0,0,1,0
1,11.593755272405238,7.006244727594761,1,0,0,1,0
0,14.326427123440396,6.45095141562693,1,0,1,0,0
0,13.326585266033954,6.553170532067906,0,0,0,1,0
1,14.116065100323729,6.2710828194172885,1,0,1,0,0
0,13.70314131665752,6.225878871436412,0,0,1,1,0
0,13.332661811701165,6.402014564896505,0,0,1,1,0
1,11.587365955967304,5.554390073387827,1,0,1,1,0
0,14.060744718660574,6.567851056267886,1,0,0,1,0
0,13.939519587833464,6.448835509759274,0,0,1,1,0
1,13.103846245265704,6.565384584911431,1,1,0,0,0
1,12.002343154888903,5.104686309777805,1,1,1,0,0
0,11.608073485048802,6.901345580841467,0,1,1,0,0
1,12.8682189130249,6.747671630462649,1,1,1,0,0
1,11.945929711571967,6.604884346113638,1,0,0,1,0
0,14.079317365656696,6.564136526868661,1,0,0,1,0
0,13.45620560838859,6.421897195805705,0,0,1,1,0
0,13.691306825872012,6.5,0,0,1,1,0
0,12.957942807350069,6.257942807350067,1,0,0,1,0
1,12.453826828709143,5.161543292822714,1,0,1,1,0
1,13.960788734146751,6.3,1,0,0,0,0
1,11.659713134403184,6.9238852537612745,0,1,1,0,0
0,12.715166584038426,6.9282778053205245,1,0,0,1,0
0,14.389088339856109,6.502182332028779,1,0,0,1,0
1,11.93299211490127,6.929124014362659,1,0,0,1,0
1,12.15243509429845,6.357077886841858,1,0,0,1,0
0,14.099537650745129,6.5,0,0,1,1,0
0,14.182679763218673,6.020733464878516,0,0,1,1,0
0,13.427935804457384,6.694412839108524,1,0,0,1,0
1,12.9,6.807745987954856,1,1,1,0,0
1,12.925741669917624,6.674258330082376,1,1,0,0,0
0,13.311483446774409,6.522966893548813,0,0,0,1,0
1,12.93597652132578,6.6640234786742205,1,1,0,0,0
1,11.859498647518864,5.3458773668419886,1,1,1,0,0
1,13.908739944825005,6.3,1,0,0,0,0
1,14.522461031963548,5.539570142465613,1,0,1,0,0
1,12.705422886101116,6.570281924067411,1,1,1,0,0
1,14.16079589469956,6.190567389540792,1,0,1,0,0
0,14.10426808616573,6.467140898462859,0,0,1,1,0
0,13.32500997373378,6.550019947467559,0,0,0,1,0
0,13.75811621650427,6.628376756699146,1,0,0,1,0
1,11.573133926613622,5.608582591732972,0,1,1,1,0
1,11.500687810994188,7.098624378011625,0,1,1,0,0
0,14.267420503554495,6.5,0,0,1,1,0
1,12.492701540704925,7.003649229647538,1,0,0,1,0
1,11.974662360528088,5.258220786842696,1,0,1,1,0
1,12.370272692525516,7.064863653737242,1,0,0,1,0
0,14.395815716752027,6.4972104778346855,1,0,1,0,0
0,14.087331425586047,6.073704763563308,0,0,1,1,0
1,12.087926398288523,5.275852796577048,1,1,1,0,0
0,11.648053889639453,5.981811386261917,0,1,1,1,0
1,12.9372813422142,6.662718657785801,1,1,0,0,0
0,14.265131570007703,6.41008771333847,1,0,1,0,0
1,12.22897240525005,6.952897240525005,1,0,0,1,0
0,13.183013038423548,6.4830130384235485,1,0,0,1,0
0,14.261768716301322,6.407845810867548,1,0,1,0,0
1,11.821015169386085,6.988406067754434,0,1,1,0,0
1,14.133380629673477,6.400141889020429,1,0,1,0,0
1,11.881202909920802,5.237594180158398,0,1,1,1,0
0,11.57790780946363,6.227322666877291,0,1,1,1,0
1,14.15352670872785,6.1929465825443,1,0,1,0,0
0,12.98035487881588,6.979763414122747,1,0,0,1,0
1,12.7,5.400259132463249,1,0,1,1,0
0,14.13294033359712,6.321960222398079,1,0,1,0,0
0,11.55991856529737,6.739674261189476,0,1,1,0,0
0,12.289861797677704,5.5608292139337845,1,1,0,1,0
0,12.928294337045452,7.014470441969699,1,0,0,1,0
1,11.64630979770086,5.524428242758968,1,1,1,0,0
1,14.14055810028822,6.421674300864663,1,0,1,0,0
1,11.507650336210425,7.084699327579155,0,1,1,0,0
0,13.175937276552894,6.437968638276447,0,0,1,1,0
0,14.131263842869595,6.470140426985511,0,0,1,1,0
1,12.7,5.695104918932784,1,0,1,1,0
0,14.190170517417508,6.3601136782783385,1,0,1,0,0
0,13.085595099102946,6.385595099102947,1,0,0,1,0
0,13.366193423256592,6.632386846513188,0,0,0,1,0
1,12.1789946347741,6.959874329346763,1,0,0,1,0
0,12.35436706777792,5.563428245740905,1,1,0,1,0
1,11.719730590071991,6.906576863357332,1,0,0,1,0
1,12.683830053479062,5.105389982173646,1,0,1,1,0
0,12.792272673870077,6.138441527925759,1,1,0,1,0
0,14.104575114151688,6.303050076101125,1,0,1,0,0
1,11.97049018243878,6.933811272804848,1,0,0,1,0
0,13.694715301205294,6.233101170395462,0,0,1,1,0
1,12.480746151265397,6.978074615126539,1,0,0,1,0
0,13.362987737952244,6.625975475904491,0,0,0,1,0
0,13.48531252528135,6.407343737359326,0,0,1,1,0
0,13.624989922772112,6.292865780481046,0,0,1,1,0
1,11.720162198253206,5.424797252183492,0,1,1,1,0
1,14.022881500644628,6.3,1,0,0,0,0
0,13.24824835201162,6.801167765325587,1,0,0,1,0
0,13.33054319027174,6.48472840486413,0,0,1,1,0
1,14.417166380612796,6.004476353935545,1,1,0,0,0
1,13.809521604292405,6.330159465235866,1,1,0,0,0
0,13.39022535168604,6.680450703372079,0,0,0,1,0
1,12.367800540717305,6.966780054071731,1,0,0,1,0
0,14.20303811307564,6.368692075383759,1,0,1,0,0
0,12.225784966392906,7.044338724794679,0,1,1,1,0
0,12.29615203412232,5.519239829388404,1,1,0,1,0
0,13.332222082117976,6.564444164235952,0,0,0,1,0
1,12.788488316610422,6.625658877740282,1,1,1,0,0
1,14.073804240712716,6.3,1,0,0,0,0
0,13.61259864926898,6.303486872055159,0,0,1,1,0
1,14.419449600389706,6.003171656920168,1,1,0,0,0
1,11.992665432561385,7.057066173024554,0,1,1,0,0
0,13.386829225731644,6.456585387134178,0,0,1,1,0
0,13.366566121958478,6.633132243916953,0,0,0,1,0
1,11.972207401361809,5.236103700680904,0,1,1,1,0
1,14.147021684474003,6.441065053422019,1,0,1,0,0
1,13.430419206185096,6.456526931271634,1,1,0,0,0
0,11.578873864697316,6.921126135302685,0,1,1,0,0
1,12.383413997041997,6.9683413997042,1,0,0,1,0
0,12.449623089939283,5.674560271595831,1,1,0,1,0
0,14.01879809106523,6.457644232340582,0,0,1,1,0
1,14.128304726828308,6.243390546343385,1,0,1,0,0
1,11.927806691285271,6.626631970457671,1,0,0,1,0
1,12.051069432346992,7.080427772938797,0,1,1,0,0
0,12.630891537919474,5.886040127572719,1,1,0,1,0
1,11.617708702137367,5.558749557435158,1,1,1,0,0
1,14.425471827084497,5.71415071124791,1,0,1,0,0
0,11.786918024692389,6.931153004115399,0,1,1,0,0
1,11.989430129475595,5.112683844629284,1,1,1,0,0
1,14.189972647123328,6.120054705753347,1,0,1,0,0
0,14.3888520260032,6.492568017335467,1,0,1,0,0
0,13.719674616379384,6.2117074716748135,0,0,1,1,0
1,12.895680807263467,6.8607979818413325,1,1,0,0,0
1,12.155535281900772,5.123928504907811,1,1,1,0,0
0,12.561285490685716,5.8,1,1,0,1,0
0,13.493372791343742,6.40331360432813,0,0,1,1,0
1,12.556413367321063,7.0,1,0,0,1,0
0,13.833177612004652,6.613364477599069,1,0,0,1,0
1,14.485324551388423,5.606415807500837,1,0,1,0,0
1,14.063971735182848,6.3,1,0,0,0,0
1,12.956506986794327,6.643493013205672,1,1,0,0,0
1,12.999981346395751,6.600046634010621,1,1,0,0,0
0,14.343648883203564,6.462432588802377,1,0,1,0,0
1,12.928233753240349,6.779415616899127,1,1,0,0,0
1,12.815757255795544,7.0369709768178215,1,1,1,0,0
0,14.10353996893238,6.302359979288252,1,0,1,0,0
1,11.86830477501457,5.192410580553937,1,0,1,1,0
0,13.50328277835116,6.397186189984721,0,0,1,1,0
0,12.201373022417371,5.993134887913135,1,1,0,1,0
1,11.600553547571034,5.57933574291476,1,1,1,0,0
1,13.177299487565476,5.281122998086996,1,1,1,0,0
1,12.603436219346198,6.502290812897466,1,1,1,0,0
0,12.50136070662006,5.651020529965045,1,1,0,1,0
0,13.709254247005532,6.2206392168524,0,0,1,1,0
1,11.74219482220538,6.956877928882153,0,1,1,0,0
0,13.303843491103018,6.488469526690949,0,0,1,1,0
1,12.949226691016174,6.650773308983827,1,1,0,0,0
1,14.30712542791005,5.927174229761911,1,0,1,0,0
1,11.510684842705958,7.089315157294042,1,0,0,1,0
1,14.218919270468726,6.085945313156291,1,0,1,0,0
0,12.274131886293596,5.629340568532024,1,1,0,1,0
1,13.630301054225535,6.389899648591489,1,1,0,0,0
0,13.08854045494269,6.907639696704873,1,0,0,1,0
0,13.354725155258125,6.654725155258124,1,0,0,1,0
0,11.67941657844079,6.679416578440791,0,1,1,1,0
1,11.605862001639643,6.994137998360356,1,0,0,1,0
1,12.7,5.603607153353516,1,0,1,1,0
1,11.635259954365749,5.537688054761101,1,1,1,0,0
0,11.559538616697155,6.940461383302845,0,1,1,0,0
1,11.945971162392626,6.930746395299078,1,0,0,1,0
0,11.874508241802856,6.94575137363381,0,1,1,0,0
0,13.382880833884364,6.665761667768725,0,0,0,1,0
0,13.714357992418206,6.2162645779272525,0,0,1,1,0
0,13.349654930599796,6.599309861199593,0,0,0,1,0
0,12.254076743823626,5.637769768529123,1,1,0,1,0
1,12.954757411710675,6.645242588289325,1,1,0,0,0
0,12.276584133591406,5.6170793320429695,1,1,0,1,0
0,12.975071896573652,6.841642701142116,1,0,0,1,0
1,12.01948546570916,7.067794186283664,0,1,1,0,0
1,11.74562022400518,6.905702528000648,1,0,0,1,0
0,12.2741011620982,5.8,1,1,0,1,0
1,14.164463751262137,6.564463751262137,1,1,0,0,0
0,13.470275325325506,6.340550650651012,0,0,1,1,0
1,11.83942137093753,5.239421370937529,1,0,1,1,0
1,12.592634920004484,7.0,1,0,0,1,0
0,14.359952503792076,6.49555027819912,0,0,1,1,0
1,12.12067776445849,6.952584720557312,1,0,0,1,0
1,13.112956546643115,6.6,1,1,0,0,0
0,14.333736258722718,6.455824172481812,1,0,1,0,0
0,13.37630501597287,6.652610031945738,0,0,0,1,0
0,13.460858548910949,6.419570725544527,0,0,1,1,0
0,14.149928619192542,6.550014276161492,1,0,0,1,0
0,13.813027111631529,6.617394577673695,1,0,0,1,0
1,12.451357165104104,5.1276269816551,1,0,1,1,0
0,11.5634491728768,6.753796691507207,0,1,1,0,0
0,14.178460992586732,6.352307328391155,1,0,1,0,0
1,12.841701979770349,6.933192080918606,1,1,1,0,0
0,14.279039201523174,6.419359467682116,1,0,1,0,0
1,11.66666472497976,6.933335275020239,1,0,0,1,0
1,14.461492027863049,5.649314349846515,1,0,1,0,0
1,12.52770563396907,7.0,1,0,0,1,0
0,12.96757072900568,6.98828618066288,1,0,0,1,0
1,12.671689942410662,7.0,1,0,0,1,0
0,13.818972588945424,6.126594923761067,0,0,1,1,0
1,12.492974330975205,5.169008556341598,1,0,1,1,0
0,14.355040885148885,6.470027256765921,1,0,1,0,0
1,14.25573507758666,6.019676860344012,1,0,1,0,0
0,13.647658408777044,6.273435649619677,0,0,1,1,0
1,11.719912515835944,5.333479140273425,1,0,1,1,0
1,11.9,5.2097687673456505,0,1,1,1,0
0,14.104151158536125,6.064360467479932,0,0,1,1,0
0,13.213372099761,6.762209300079667,1,0,0,1,0
0,13.581834945138128,6.329855761310177,0,0,1,1,0
0,12.575712889411149,6.974762370196284,1,0,0,1,0
1,13.951173912726272,6.3,1,0,0,0,0
1,12.441815174082562,5.186061608639146,1,0,1,1,0
1,14.277955380369663,5.94408923926067,1,0,1,0,0
1,12.880331359734855,6.77867456106058,1,1,1,0,0
0,13.38364942179057,6.458175289104715,0,0,1,1,0
0,13.87353036020041,6.1924831332219945,0,0,1,1,0
1,12.196662194663055,5.155926422815216,1,0,1,1,0
1,11.98120422822934,5.137591543541317,1,1,1,0,0
0,13.061660562201164,6.380830281100582,0,0,1,1,0
0,13.85745045507558,6.201416413846901,0,0,1,1,0
1,11.879837994511952,6.922479749313994,1,0,0,1,0
0,12.84025521017418,7.073163193217214,1,0,0,1,0
1,14.595983303556652,5.407230053598026,1,0,1,0,0
0,13.3549158814866,6.4725420592567,0,0,1,1,0
0,11.977761489905523,6.404447702018896,0,1,1,1,0
1,14.190140102731608,6.137747815083105,1,0,1,0,0
1,11.832261902697168,6.916532737837146,1,0,0,1,0
0,13.41941075854358,6.5,0,0,1,1,0
1,12.098792676245408,6.42144878850551,1,0,0,1,0
1,13.673805510347725,6.375398163217426,1,1,0,0,0
1,12.628473266844043,6.51898217789603,1,1,1,0,0
0,13.265488069554646,6.789674620296903,1,0,0,1,0
0,14.372929015498826,6.481952676999217,1,0,1,0,0
0,11.560760874797008,6.287336938210475,0,1,1,1,0
0,11.637877389530969,6.01742913664161,0,1,1,1,0
0,12.8744149434855,6.185379967706,1,1,0,1,0
1,14.19175089409757,6.133285203372818,1,1,0,0,0
1,12.16928060618478,6.958660075773098,1,0,0,1,0
1,12.059460604793278,5.286486868264426,1,0,1,1,0
0,13.331286813783295,6.484356593108353,0,0,1,1,0
1,11.756460744684553,5.4870785106309,0,1,1,1,0
0,13.320451792407647,6.489774103796177,0,0,1,1,0
0,11.630685953852426,6.042599161516509,0,1,1,1,0
1,12.246479432240962,6.96830992903012,1,0,0,1,0
0,12.2,5.990919240956789,1,1,0,1,0
0,13.19113091177812,6.491130911778119,1,0,0,1,0
0,12.240772233752656,5.796138831236721,1,1,0,1,0
1,12.7,5.276266923868831,1,0,1,1,0
0,13.908701417720472,6.445411268635608,0,0,1,1,0
1,12.719011363361156,6.971482954958264,1,1,1,0,0
0,12.5076810770136,5.8,1,1,0,1,0
0,12.677733493550868,5.783300120163152,1,1,0,1,0
0,13.3987458345155,6.697491669031,0,0,0,1,0
0,12.22203441152639,5.889827942368049,1,1,0,1,0
1,12.328097003976785,7.085951498011608,1,0,0,1,0
0,11.504201449905812,6.516805799623253,0,1,1,0,0
1,14.42500179013188,5.714996777762616,1,0,1,0,0
0,11.555870425554051,6.304453510560812,0,1,1,1,0
0,11.838052410675894,6.939675401779316,0,1,1,0,0
1,11.976752818100817,5.238376409050408,0,1,1,1,0
0,13.037879488115705,6.8207068372947655,1,0,0,1,0
0,13.45094626628376,6.301892532567518,0,0,1,1,0
1,11.61108091415549,6.988919085844509,1,0,0,1,0
1,11.753888924764976,6.835333290282027,1,0,0,1,0
0,12.2,6.007498969223415,1,1,0,1,0
0,13.39238764746028,6.705074901693148,1,0,0,1,0
0,13.398048628450296,6.450975685774853,0,0,1,1,0
0,13.628669914681703,6.32851671406572,0,0,1,1,0
0,12.820145655073068,6.15436894575604,1,1,0,1,0
1,12.205214654448165,5.131571485299717,1,1,1,0,0
1,14.54849041882779,5.492717246109979,1,0,1,0,0
1,11.948551836195165,6.931068979524396,1,0,0,1,0
0,11.539074065177273,6.960925934822729,0,1,1,0,0
0,11.502694498451598,6.997305501548403,0,1,1,0,0
0,13.1121094925873,6.4121094925873,1,0,0,1,0
0,13.453523499039154,6.5,0,0,1,1,0
0,12.2,6.0558209602372095,1,1,0,1,0
1,11.9,5.288902477986603,0,1,1,1,0
1,11.607449750286738,5.5656878121415785,0,1,1,1,0
1,11.598249124562214,6.903501750875571,0,1,1,0,0
0,14.197983298038489,5.801728601681296,0,0,1,1,0
0,12.63750316258791,5.893753689685894,1,1,0,1,0
1,12.541889164365871,7.0,1,0,0,1,0
1,13.091221749803438,6.569592750065521,1,1,0,0,0
1,12.7,5.153967717842033,1,0,1,1,0
0,12.044743325549293,6.908557494161968,0,1,1,1,0
0,13.415027357292097,6.442486321353953,0,0,1,1,0
1,12.983460384255851,6.6165396157441485,1,1,0,0,0
1,12.7,5.681724923790065,1,0,1,1,0
0,13.347937618781303,6.647937618781303,1,0,0,1,0
1,12.96166700334472,6.638332996655279,1,1,0,0,0
1,14.112037791120946,6.33611337336284,1,0,1,0,0
0,13.12640845896603,6.42640845896603,1,0,0,1,0
1,14.190084173278484,6.570252519835451,1,0,1,0,0
0,13.485635599558838,6.407182200220581,0,0,1,1,0
0,14.034242462550823,6.5,0,0,1,1,0
1,12.911233723204404,6.688766276795596,1,1,0,0,0
0,12.271012190730149,5.673926855619117,1,1,0,1,0
0,12.99086096797022,6.34543048398511,0,0,1,1,0
1,11.709467766613384,6.888638680063937,1,0,0,1,0
1,12.333784014645149,7.0831079926774265,1,0,0,1,0
0,12.296014287130992,5.511957138607026,1,1,0,1,0
0,11.538035138986825,6.961964861013176,0,1,1,0,0
0,13.350260164866391,6.600520329732781,0,0,0,1,0
0,11.550665317942157,6.550665317942156,0,1,1,1,0
1,14.15949769864795,6.478493095943851,1,0,1,0,0
1,12.467158730141197,6.976715873014119,1,0,0,1,0
0,13.426843505713244,6.253687011426486,0,0,1,1,0
1,12.9,6.980498363793875,1,1,1,0,0
0,11.61111686474351,6.611116864743511,0,1,1,1,0
1,12.370887718978953,7.064556140510524,1,0,0,1,0
0,13.43035419081631,6.260708381632619,0,0,1,1,0
0,13.17154132483413,6.471541324834131,1,0,0,1,0
0,11.558519902829124,6.295180340098064,0,1,1,1,0
0,13.06560054514955,6.9229329699003,1,0,0,1,0
1,14.452317109367966,5.9843902232183055,1,1,0,0,0
0,14.17497559714342,6.5,0,0,1,1,0
1,14.224908553932725,6.050182892134554,1,0,1,0,0
1,14.171534999039103,6.514604997117315,1,0,1,0,0
0,13.36065200919911,6.469673995400445,0,0,1,1,0
1,13.909170760472689,6.3,1,0,0,0,0
0,14.069257883707367,6.566148423258527,1,0,0,1,0
0,12.773287866951993,6.908904044349336,1,0,0,1,0
0,13.188330462978607,6.444165231489304,0,0,1,1,0
0,13.319535925808614,6.539071851617227,0,0,0,1,0
0,13.580410874644713,6.331076393161676,0,0,1,1,0
0,11.924468639283475,6.954078106547247,0,1,1,0,0
0,12.2,5.880376977852265,1,1,0,1,0
0,13.293314921422354,6.593314921422353,1,0,0,1,0
1,11.790064386194988,5.21490342070752,1,0,1,1,0
0,14.166523776604432,6.546695244679114,1,0,0,1,0
1,12.69756895537962,5.207318300827634,1,1,1,0,0
1,14.56875875675095,5.45623423784829,1,0,1,0,0
1,12.910820723425436,6.718905702099418,1,1,0,0,0
0,13.26387690057375,6.481938450286875,0,0,1,1,0
1,13.319304180249802,6.532278327900079,1,1,0,0,0
0,12.2,5.808731062999723,1,1,0,1,0
1,13.461291098507475,6.47548356059701,1,1,0,0,0
1,12.491705450276555,6.998963181284569,1,0,0,1,0
1,14.126137440495002,6.378412321485008,1,0,1,0,0
1,12.007313306866855,5.1146266137337095,1,1,1,0,0
1,11.662002747939692,5.505596702472367,1,1,1,0,0
1,11.973400629178808,5.153198741642382,1,1,1,0,0
0,13.789547513898938,6.622090497220213,1,0,0,1,0
1,14.124994995109097,6.524994995109095,1,1,0,0,0
1,12.08515507775128,5.270310155502559,1,1,1,0,0
0,12.405113628465424,5.578835221349068,1,1,0,1,0
1,12.862366732696586,6.944083168258535,1,1,0,0,0
1,12.071681904501077,5.243363809002149,1,1,1,0,0
0,11.5258404953209,6.603361981283607,0,1,1,0,0
0,13.483987691636235,6.408006154181883,0,0,1,1,0
1,12.65401922408573,5.105108975101585,1,0,1,1,0
0,13.31968142043905,6.72677285985365,1,0,0,1,0
1,12.7,5.434799441406818,1,0,1,1,0
1,12.152626819520446,6.356847816575465,1,0,0,1,0
0,13.362965212871458,6.625930425742916,0,0,0,1,0
1,12.099906194020615,7.099962477608247,0,1,1,0,0
1,13.930486347891785,6.3,1,0,0,0,0
1,12.7,5.6545219519108825,1,0,1,1,0
0,12.53003239889502,6.989989200368328,1,0,0,1,0
1,14.126300845798337,6.378902537395011,1,0,1,0,0
1,12.526611646583218,7.0,1,0,0,1,0
1,12.546579478648908,6.984657947864891,1,0,0,1,0
0,13.047748976177,6.817417007941,1,0,0,1,0
0,12.230493948358296,5.847530258208515,1,1,0,1,0
1,11.534234439098128,7.031531121803744,0,1,1,0,0
0,13.399096819305935,6.69819363861187,0,0,0,1,0
0,13.04802852909658,6.348028529096579,1,0,0,1,0
1,11.500732038251456,7.098535923497089,0,1,1,0,0
0,14.345891234059708,6.5,0,0,1,1,0
1,11.97796120613816,5.238980603069081,0,1,1,1,0
1,12.62485448427712,5.12504850524096,1,0,1,1,0
1,12.61560269220652,7.0,1,0,0,1,0
1,12.931166566343087,6.772083584142279,1,1,0,0,0
1,12.09585653682778,7.098342614731112,0,1,1,0,0
0,13.269957431931775,6.569957431931777,1,0,0,1,0
0,14.276913639679194,6.417942426452796,1,0,1,0,0
0,12.02912210653086,6.971520351088477,0,1,1,0,0
1,11.749155407577682,5.388555740527897,0,1,1,1,0
1,12.820774451182183,7.016902195271272,1,1,1,0,0
1,13.934520645848226,6.3,1,0,0,0,0
0,13.403830565748397,6.207661131496793,0,0,1,1,0
0,12.2,5.913897039412244,1,1,0,1,0
0,13.316498732842472,6.532997465684943,0,0,0,1,0
0,12.994443433550602,6.294443433550603,1,0,0,1,0
0,13.790403483697194,6.621919303260562,1,0,0,1,0
1,14.24009417787053,6.047830479833046,1,0,1,0,0
1,13.335632827081524,6.52574686916739,1,1,0,0,0
0,11.54492301341666,6.491015397316668,0,1,1,1,0
0,13.328806458030613,6.557612916061221,0,0,0,1,0
0,13.318474721026226,6.490762639486888,0,0,1,1,0
1,12.290473212260446,6.973809151532556,1,0,0,1,0
1,12.863084942050122,6.675389961366749,1,1,1,0,0
0,13.551767720878605,6.405751968986512,0,0,1,1,0
1,12.383917558370966,7.058041220814517,1,0,0,1,0
1,11.882372620542633,5.190847486606375,1,0,1,1,0
0,13.652248043924454,6.5,0,0,1,1,0
0,13.403678150777958,6.448160924611021,0,0,1,1,0
1,12.576672376347553,7.0,1,0,0,1,0
1,13.958543280954066,6.358543280954065,1,1,0,0,0
0,11.53796709652756,6.367115162153537,0,1,1,1,0
1,11.51542143675637,7.06915712648726,0,1,1,0,0
1,14.236340098183229,6.027319803633547,1,0,1,0,0
0,11.877836940735556,6.783377705551668,0,1,1,1,0
1,13.002525281834744,6.658989887266103,1,1,0,0,0
1,12.341126110649729,5.189718472337568,1,0,1,1,0
0,13.430990687794829,6.261981375589658,0,0,1,1,0
0,14.364832936926344,6.476555291284229,1,0,1,0,0
0,14.33858974836899,5.934116806461672,0,0,1,1,0
0,12.929599598117582,6.314799799058791,0,0,1,1,0
0,13.331285735631194,6.562571471262388,0,0,0,1,0
0,12.2,5.806618626348975,1,1,0,1,0
1,12.35914585884736,6.98239323235592,1,0,0,1,0
0,13.37240335966558,6.644806719331161,0,0,0,1,0
0,13.029652953377424,6.8234490155408585,1,0,0,1,0
0,13.287451374804006,6.587451374804006,1,0,0,1,0
1,14.00661388201138,6.3,1,0,0,0,0
0,14.19369518383738,6.541260963232524,1,0,0,1,0
1,12.175247972559568,5.274917342480144,1,0,1,1,0
1,11.546437116123077,5.622604806461544,1,0,1,1,0
1,13.419534064636853,6.460155311787716,1,1,0,0,0
1,11.7629835763777,5.474032847244601,0,1,1,1,0
0,13.379359272107765,6.658718544215528,0,0,0,1,0
1,14.384551243291137,6.023113575262209,1,1,0,0,0
1,14.527908350521006,5.529764969062189,1,0,1,0,0
1,12.81770044130891,7.055748896727729,1,1,0,0,0
1,12.7,5.655426144513741,1,0,1,1,0
0,11.526009330997825,6.973990669002174,0,1,1,0,0
1,12.038240885848678,5.176481771697356,1,1,1,0,0
0,11.552195540545297,6.947804459454705,0,1,1,0,0
0,12.232399706426046,5.90560176144372,1,1,0,1,0
0,12.939708140455457,6.239708140455457,1,0,0,1,0
1,14.428980091941655,5.707835834505017,1,0,1,0,0
0,12.578639883492595,5.825079864074695,1,1,0,1,0
0,13.000912030769102,6.300912030769103,1,0,0,1,0
0,14.14504701893494,6.330031345956627,1,0,1,0,0
1,13.950590833492488,6.350590833492488,1,1,0,0,0
0,13.199632910602816,6.499632910602816,1,0,0,1,0
0,13.856108332255175,6.5,0,0,1,1,0
1,12.406360564731914,6.988295070591489,1,0,0,1,0
0,13.556272426032194,6.3687375410932265,0,0,1,1,0
0,13.451538481935758,6.424230759032121,0,0,1,1,0
1,14.258375271245953,5.983249457508094,1,0,1,0,0
0,13.30200597454352,6.504011949087039,0,0,0,1,0
0,14.15446795889138,5.839027463807389,0,0,1,1,0
0,13.820639641685212,6.435626626853913,0,0,1,1,0
0,12.6203885778317,6.9598704740561,1,0,0,1,0
0,13.337477180087348,6.481261409956327,0,0,1,1,0
1,12.40760136556176,5.197466211479413,1,0,1,1,0
1,12.216834370344207,6.964604296293026,1,0,0,1,0
1,11.65812872519472,6.941871274805281,1,0,0,1,0
0,11.534714755543147,6.638859022172595,0,1,1,0,0
1,13.993278706398264,6.3,1,0,0,0,0
0,12.999966461874504,6.299966461874505,1,0,0,1,0
1,14.230679978187554,6.111040012464255,1,1,0,0,0
0,12.602313679578735,6.029893531187849,1,1,0,1,0
0,13.553664039402571,6.37018664477635,0,0,1,1,0
0,13.925349162120764,6.5,0,0,1,1,0
1,11.55604054819387,5.606599086343549,1,0,1,1,0
1,11.803179585382384,6.910317958538238,1,0,0,1,0
1,11.9,5.283100379237784,0,1,1,1,0
0,13.13336050971529,6.416680254857645,0,0,1,1,0
1,12.8222882224248,6.836949036766935,1,1,0,0,0
0,13.120983876574734,6.410491938287366,0,0,1,1,0
1,12.359285746985224,5.223896092005373,1,0,1,1,0
0,12.447668103025476,5.610751077269107,1,1,0,1,0
1,11.858392730174808,5.283214539650383,0,1,1,1,0
1,14.107387061945374,6.3221611858361255,1,0,1,0,0
1,14.066403600771825,6.3,1,0,0,0,0
1,12.072727897978954,5.328098946189471,1,0,1,1,0
1,13.6383509867554,6.40465960529784,1,1,0,0,0
0,14.231958260842529,6.48132869564917,0,0,1,1,0
0,14.171478795019876,6.34765253001325,1,0,1,0,0
0,13.359205932935648,6.32238220119306,0,0,1,1,0
1,14.18116009621818,6.137679807563639,1,0,1,0,0
0,13.016499707275878,6.827833430908041,1,0,0,1,0
0,13.36971259218372,6.720191605210855,1,0,0,1,0
0,13.334564526013429,6.569129052026858,0,0,0,1,0
0,13.308417079666077,6.495791460166962,0,0,1,1,0
1,12.560197370765351,7.0,1,0,0,1,0
1,13.960241957743044,6.3,1,0,0,0,0
0,13.237767254363057,6.537767254363056,1,0,0,1,0
0,13.42359659284551,6.247193185691019,0,0,1,1,0
0,11.60145132190809,6.60145132190809,0,1,1,1,0
0,13.47048267247284,6.3409653449456815,0,0,1,1,0
1,14.07865751133644,6.3,1,0,0,0,0
0,14.213924876218485,6.537215024756304,1,0,0,1,0
1,13.688412596256324,6.370529134581226,1,1,0,0,0
0,13.316517290199146,6.533034580398292,0,0,0,1,0
0,12.239623089476185,5.862261463142899,1,1,0,1,0
0,11.590303791450763,6.481939241709847,0,1,1,1,0
1,12.736485481094658,6.590990320729772,1,1,1,0,0
1,12.525371404742184,7.0,1,0,0,1,0
1,12.59284225695878,7.0,1,0,0,1,0
0,13.395148476751007,6.214554569746979,0,0,1,1,0
1,13.990484100879062,6.3,1,0,0,0,0
0,12.82347431892804,7.084350454047973,1,0,0,1,0
1,11.52446877067351,7.051062458652981,0,1,1,0,0
0,13.091361155384789,6.391361155384789,1,0,0,1,0
1,14.084114531112755,6.3,1,0,0,0,0
1,13.280644271175984,6.506451909608004,1,1,0,0,0
1,12.113357403977558,5.16518251066916,1,0,1,1,0
1,13.913928298162263,6.3,1,0,0,0,0
1,11.9,5.891506740365386,0,1,1,1,0
0,11.832020996934094,6.938670166155683,0,1,1,0,0
1,12.83613612203935,6.818485170614199,1,1,0,0,0
1,14.110980662394796,6.332941987184389,1,0,1,0,0
1,14.047871521014413,6.3,1,0,0,0,0
0,13.481164871720852,6.3623297434417045,0,0,1,1,0
0,14.1190971879954,6.5,0,0,1,1,0
0,11.892033235343026,6.948672205890505,0,1,1,0,0
0,13.389338963259643,6.689338963259644,1,0,0,1,0
0,13.392048281547538,6.684096563095075,0,0,0,1,0
1,11.541021151909982,7.058978848090017,1,0,0,1,0
0,13.439841348564864,6.279682697129727,0,0,1,1,0
0,12.843518226761436,6.885493924412855,1,0,0,1,0
0,12.980837193013135,6.979441871324576,1,0,0,1,0
0,13.123156619696893,6.884562253535407,1,0,0,1,0
0,13.396382618874108,6.451808690562946,0,0,1,1,0
0,13.38940552360787,6.455297238196065,0,0,1,1,0
1,14.250013570796376,6.029975572566523,1,0,1,0,0
1,11.540420586002703,7.019158827994588,0,1,1,0,0
0,12.970393675678416,6.270393675678417,1,0,0,1,0
0,14.256038892175042,5.979978393236088,0,0,1,1,0
1,12.930592291452715,6.6694077085472845,1,1,0,0,0
0,13.339871424935374,6.579742849870748,0,0,0,1,0
0,13.35595183107016,6.6119036621403176,0,0,0,1,0
1,12.836845522860449,6.952617908558217,1,1,1,0,0
1,13.431949829458434,6.456016723513855,1,1,0,0,0
1,12.274828233275532,5.241723922241489,1,0,1,1,0
1,14.109145402073915,6.281709195852164,1,0,1,0,0
0,12.2,5.912056174355782,1,1,0,1,0
1,12.183573913327333,5.229106521668166,1,0,1,1,0
1,12.047631725460176,7.015877241820058,1,0,0,1,0
1,12.831799100150178,6.972803599399291,1,1,1,0,0
1,11.91913818796899,6.927392273496124,1,0,0,1,0
1,12.638213512636447,7.0,1,0,0,1,0
1,14.147200922757262,6.441602768271791,1,0,1,0,0
0,13.659191021107688,6.648161795778463,1,0,0,1,0
1,11.928882206048636,6.976294068682879,1,0,0,1,0
0,13.9297795598566,6.5,0,0,1,1,0
1,14.129871645912722,6.2462310373571,1,0,1,0,0
0,13.384534149981452,6.669068299962904,0,0,0,1,0
1,11.638279959005176,5.534064049193788,1,1,1,0,0
1,14.353009617768302,5.844582688017055,1,0,1,0,0
0,13.819825445059704,6.61603491098806,1,0,0,1,0
0,13.738488068403898,6.195581655653802,0,0,1,1,0
1,14.07142625463129,6.3,1,0,0,0,0
0,12.62265503155869,5.8,1,1,0,1,0
1,11.656195680538064,6.943804319461933,1,0,0,1,0
0,13.357394512800086,6.471302743599957,0,0,1,1,0
1,12.555803095468905,5.136049226132774,1,0,1,1,0
1,11.710743406857544,5.447107911770947,1,1,1,0,0
1,11.564271159674096,6.971457680651809,0,1,1,0,0
0,12.597261874681456,6.967579375106181,1,0,0,1,0
1,13.92057724906441,6.3,1,0,0,0,0
0,12.2523143310115,5.738428344942503,1,1,0,1,0
1,14.249332181742949,6.001335636514105,1,0,1,0,0
0,13.476294707320289,6.352589414640574,0,0,1,1,0
1,13.452837889361154,6.478864844255539,1,1,0,0,0
0,13.37438211118394,6.2768536664481855,0,0,1,1,0
0,13.890278776300686,6.5,0,0,1,1,0
1,11.570637471768208,6.958725056463583,0,1,1,0,0
1,13.082851701594135,6.6,1,1,0,0,0
1,14.008577632393658,6.3,1,0,0,0,0
1,13.188795523197092,6.6,1,1,0,0,0
0,14.20826284541248,6.372175230274985,1,0,1,0,0
1,12.99804446800837,6.604888829979076,1,1,0,0,0
0,11.84716336832725,6.941193894721208,0,1,1,0,0
0,13.35279158265632,6.341625252031039,0,0,1,1,0
0,11.76341951027649,6.927236585046082,0,1,1,0,0
0,13.410548700967327,6.444725649516337,0,0,1,1,0
1,13.964650247179687,6.3,1,0,0,0,0
1,14.354451070895282,5.841988072388493,1,0,1,0,0
1,11.88135998482045,6.960453328273483,1,0,0,1,0
0,11.66995980455009,6.669959804550088,0,1,1,1,0
1,11.915028083833016,5.296242979041746,1,0,1,1,0
0,13.35628156198178,6.331155314054662,0,0,1,1,0
1,11.54053513335775,7.018929733284499,0,1,1,0,0
1,12.59714297585855,5.125714256035362,1,0,1,1,0
0,13.109785068190622,6.4097850681906205,1,0,0,1,0
1,12.927292306114037,6.781769234714912,1,1,0,0,0
0,13.468058758475308,6.415970620762347,0,0,1,1,0
0,12.227042276843132,5.937746338941198,1,1,0,1,0
1,12.007974976183023,6.930797497618303,1,0,0,1,0
1,12.9,6.728473769702069,1,1,1,0,0
1,14.077517742420795,6.3,1,0,0,0,0
1,11.894746549790776,5.206566812761531,0,1,1,1,0
0,13.017406692378804,6.358703346189402,0,0,1,1,0
1,14.1347785813578,6.2304428372844,1,0,1,0,0
1,11.814759870298476,5.19836001441128,1,0,1,1,0
0,13.367572988728712,6.466213505635644,0,0,1,1,0
0,13.153962530912858,6.864024979391428,1,0,0,1,0
0,11.516707334934564,6.516707334934565,0,1,1,1,0
1,14.443568807031014,5.681576147344174,1,0,1,0,0
0,12.917406835139529,7.0217287765736485,1,0,0,1,0
1,11.99754196017144,5.2487709800857205,0,1,1,1,0
1,12.210269324966877,6.96378366562086,1,0,0,1,0
1,14.452439829759008,5.984320097280566,1,1,0,0,0
1,13.98616803654974,6.3,1,0,0,0,0
0,13.35700874120985,6.728660839193434,1,0,0,1,0
1,11.74343298128474,6.914477660428248,1,0,0,1,0
0,13.683671213924423,6.242567530921923,0,0,1,1,0
1,11.908464766101757,6.649842280677893,1,0,0,1,0
0,12.403936423330547,5.57795231749791,1,1,0,1,0
0,13.14337728222796,6.42168864111398,0,0,1,1,0
1,11.627571057554588,5.487381570742353,1,0,1,1,0
1,12.068758968990132,7.0875035875960535,0,1,1,0,0
1,12.7,5.149401888507246,1,0,1,1,0
1,11.656479228775012,5.415281156837483,1,0,1,1,0
1,11.945189589233562,6.981729863077854,1,0,0,1,0
0,14.091959113759549,6.5,0,0,1,1,0
0,13.321547260585064,6.543094521170125,0,0,0,1,0
1,11.723690289713584,6.902961286214199,1,0,0,1,0
1,12.24032434784752,7.080108115949172,1,0,0,1,0
0,14.057288458222208,5.92232417866668,0,0,1,1,0
0,13.406166816865122,6.212333633730244,0,0,1,1,0
1,12.98214058114172,6.617859418858281,1,1,0,0,0
1,11.9,5.2095929952226046,0,1,1,1,0
1,11.574434716669826,5.61067833999621,1,1,1,0,0
1,14.552332146056909,5.4858021370975685,1,0,1,0,0
0,13.8505906266623,6.099493748575171,0,0,1,1,0
0,12.282367008415406,5.552898974753782,1,1,0,1,0
1,14.152975007151843,6.458925021455534,1,0,1,0,0
1,11.988288374252717,5.123423251494568,1,1,1,0,0
0,13.214302878793228,6.514302878793228,1,0,0,1,0
1,14.057977094901805,6.3,1,0,0,0,0
1,11.878202393853169,5.243595212293664,0,1,1,1,0
0,12.857187933667293,6.175535962095596,1,1,0,1,0
1,12.339230748083288,6.979903843510411,1,0,0,1,0
0,14.358657414516337,6.508268517096733,1,0,0,1,0
1,11.81929975806847,6.756840290317836,1,0,0,1,0
0,13.415963813206032,6.442018093396984,0,0,1,1,0
0,13.282865460821217,6.491432730410608,0,0,1,1,0
1,12.037249606176534,5.173638932647052,1,0,1,1,0
0,13.364964197227716,6.629928394455433,0,0,0,1,0
1,12.636962523020834,5.107004164108796,1,0,1,1,0
1,12.94644401458246,6.653555985417541,1,1,0,0,0
0,13.246998945183847,6.802000703210768,1,0,0,1,0
0,12.91383352130237,6.86205549289921,1,0,0,1,0
1,14.199667925088178,6.599003775264538,1,0,1,0,0
0,12.980763158864391,6.97949122742374,1,0,0,1,0
1,12.883193823911377,6.892015440221565,1,1,0,0,0
0,13.357789938463585,6.615579876927167,0,0,0,1,0
1,12.9,6.751289803695868,1,1,1,0,0
0,13.16929754917824,6.434648774589119,0,0,1,1,0
1,13.959021023675971,6.3,1,0,0,0,0
1,11.525802724649884,7.074197275350116,1,0,0,1,0
1,12.354451713240204,5.154531032806185,1,1,1,0,0
0,13.065591203019917,6.3655912030199175,1,0,0,1,0
1,12.146330094968318,5.23841747625792,1,0,1,1,0
0,13.41897558146359,6.237951162927178,0,0,1,1,0
1,12.0784930252561,5.1690563305271,1,0,1,1,0
0,13.26025726567069,6.793161822886207,1,0,0,1,0
0,13.758118044555353,6.428679782728373,0,0,1,1,0
1,11.817653905259734,6.911765390525974,1,0,0,1,0
1,11.547319704212317,7.005360591575369,0,1,1,0,0
1,12.921489479930944,6.796276300172639,1,1,0,0,0
0,13.083319557400554,6.3916597787002765,0,0,1,1,0
1,13.98987394114494,6.3,1,0,0,0,0
1,12.615005157587664,7.0,1,0,0,1,0
0,14.258405192724384,6.405603461816256,1,0,1,0,0
0,13.984408475065887,6.45382316389621,0,0,1,1,0
1,12.975204170230404,6.661989574423991,1,1,0,0,0
1,11.827117198049132,5.402544903414018,1,1,1,0,0
1,11.84216924408145,5.272288444898187,0,1,1,1,0
0,13.477788368048026,6.411105815975987,0,0,1,1,0
0,13.427963902349385,6.436018048825309,0,0,1,1,0
1,14.052035336284993,6.3,1,0,0,0,0
1,13.614389464254796,6.414244214298082,1,1,0,0,0
1,11.6094675527135,5.517554078810835,1,0,1,1,0
1,14.115085096528494,6.272846826248709,1,0,1,0,0
1,11.705884196120495,6.901961398706833,1,0,0,1,0
1,11.529268110043764,7.070731889956235,1,0,0,1,0
0,11.56967717193766,6.930322828062338,0,1,1,0,0
0,11.590788313982673,6.863153255930691,0,1,1,0,0
1,12.571765162829106,7.0,1,0,0,1,0
1,13.953147615633137,6.3,1,0,0,0,0
1,12.20152296901446,5.224619257746385,1,0,1,1,0
1,12.662768317033914,7.0,1,0,0,1,0
1,12.04124779668782,6.490502643974614,1,0,0,1,0
1,12.305917799232216,7.097041100383891,1,0,0,1,0
0,14.163904795019436,6.342603196679626,1,0,1,0,0
1,13.068851732836317,6.632459306865474,1,1,0,0,0
0,13.124765567701653,6.883489621532232,1,0,0,1,0
1,12.067445933805748,5.283722966902873,0,1,1,1,0
1,12.388123432658244,5.134652951926862,1,0,1,1,0
1,14.15390291766256,6.553902917662559,1,1,0,0,0
0,13.071977676738262,6.918681548841159,1,0,0,1,0
0,12.26387974222175,5.716721546669498,1,1,0,1,0
1,12.402826615648404,6.97028266156484,1,0,0,1,0
0,13.335743966357384,6.571487932714767,0,0,0,1,0
1,11.947966384434814,5.223983192217407,0,1,1,1,0
1,14.0940831083373,6.3,1,0,0,0,0
1,11.56559083330369,5.618011458370389,0,1,1,1,0
1,12.50785057577061,7.0,1,0,0,1,0
1,11.95601614984436,5.252005383281454,1,0,1,1,0
1,11.884811989012976,6.923101498626623,1,0,0,1,0
0,11.527676619814088,6.494464676037183,0,1,1,1,0
0,13.364586138856584,6.306241583430246,0,0,1,1,0
1,12.28385547194432,5.20403613201392,1,0,1,1,0
0,13.878193213013589,6.0758343888454975,0,0,1,1,0
0,13.262824918072315,6.562824918072315,1,0,0,1,0
0,13.341133697005,6.376598908985009,0,0,1,1,0
0,12.634146472946233,5.7506098547096745,1,1,0,1,0
1,14.08162977168848,6.3,1,0,0,0,0
1,12.923765967604558,6.701645376527257,1,1,0,0,0
1,11.845491042325545,6.9981964169302175,0,1,1,0,0
0,11.910806045957589,6.91080604595759,0,1,1,1,0
0,13.406431076208968,6.212862152417934,0,0,1,1,0
0,12.934732396269291,6.317366198134645,0,0,1,1,0
1,12.53027560642562,5.156574797858126,1,0,1,1,0
1,14.327495489491367,5.890508118915539,1,0,1,0,0
0,11.527820927003033,6.611283708012124,0,1,1,0,0
1,12.261379298806036,6.970172412350755,1,0,0,1,0
0,12.960131564109322,6.33006578205466,0,0,1,1,0
1,11.511709186817546,7.076581626364906,0,1,1,0,0
1,12.338156771813187,7.080921614093406,1,0,0,1,0
0,13.761680808042485,6.1757021645350125,0,0,1,1,0
1,11.71285526478538,5.3452412253577,1,0,1,1,0
0,13.815299115349172,6.224833824806016,0,0,1,1,0
0,13.42974877076023,6.259497541520462,0,0,1,1,0
1,14.0963293855403,6.3,1,0,0,0,0
1,11.567258004047051,6.965483991905892,0,1,1,0,0
1,14.081295440474584,6.481295440474585,1,1,0,0,0
1,13.756919596311644,6.347693467896119,1,1,0,0,0
1,12.34138702304226,7.07930648847887,1,0,0,1,0
1,13.219862685863248,6.526712438045584,1,1,0,0,0
0,13.3953919085827,6.690783817165396,0,0,0,1,0
0,12.292924652066215,5.535376739668915,1,1,0,1,0
1,11.90327480828587,6.6560702300569545,1,0,0,1,0
1,11.699364381330655,5.45079452333668,0,1,1,1,0
1,14.55596482067352,5.479263322787661,1,0,1,0,0
1,13.795773240715976,6.334742253094674,1,1,0,0,0
0,13.367449723020664,6.634899446041323,0,0,0,1,0
0,13.53715454520495,6.37935858599725,0,0,1,1,0
1,14.26939370450708,6.088917883138811,1,1,0,0,0
0,12.815447153254242,7.089701897830505,1,0,0,1,0
0,13.318982306375291,6.490508846812355,0,0,1,1,0
0,13.8278380426954,6.61443239146092,1,0,0,1,0
1,12.541607333666272,7.0,1,0,0,1,0
1,14.230980638907637,6.064234849966252,1,0,1,0,0
1,13.037005047534857,6.6,1,1,0,0,0
1,14.19611272117,6.126997101894001,1,0,1,0,0
1,14.431326130612426,5.703612964897633,1,0,1,0,0
0,13.365969518040204,6.631939036080404,0,0,0,1,0
1,11.9,5.2214079421456265,0,1,1,1,0
0,12.2,5.901837844474628,1,1,0,1,0
1,12.310579638121604,5.1432689290976,1,0,1,1,0
0,12.877583298646307,7.048277800902461,1,0,0,1,0
0,13.842743217165475,6.209587101574735,0,0,1,1,0
1,12.672132995897382,7.0,1,0,0,1,0
0,13.952982093385415,6.450331343709491,0,0,1,1,0
1,13.4509052609932,6.4496982463356,1,1,0,0,0
0,13.694243576084276,6.641151284783145,1,0,0,1,0
1,12.064744818663636,7.085897927465455,0,1,1,0,0
0,12.007578250966455,6.96792970849441,0,1,1,0,0
0,12.942783138176331,6.321391569088165,0,0,1,1,0
1,11.726811841090033,5.416485198637461,0,1,1,1,0
0,12.845427077850838,6.136331590825977,1,1,0,1,0
0,12.964640161672028,6.264640161672028,1,0,0,1,0
0,12.373511508384494,5.55513363128837,1,1,0,1,0
1,12.888064408754186,6.879838978114537,1,1,0,0,0
0,12.98926308545535,6.344631542727675,0,0,1,1,0
1,12.7,5.379956126624434,1,0,1,1,0
1,14.33701825424304,5.873367142362529,1,0,1,0,0
0,12.09829876706165,6.983049794510275,0,1,1,0,0
0,12.76888405936442,6.125076605351097,1,1,0,1,0
0,13.3816103977475,6.663220795494998,0,0,0,1,0
1,11.868831374349872,6.956277124783291,1,0,0,1,0
1,14.089741743143422,6.3,1,0,0,0,0
1,11.96168585790449,5.17662828419102,1,1,1,0,0
0,14.214957967492904,6.537008406501419,1,0,0,1,0
1,12.91995164827048,6.68004835172952,1,1,0,0,0
0,14.317481050378309,6.5,0,0,1,1,0
0,11.553417655950572,6.489316468809886,0,1,1,1,0
0,13.336032932444006,6.5720658648880095,0,0,0,1,0
0,13.01538308929252,6.828205636902493,1,0,0,1,0
1,12.560907299770086,5.134773175057478,1,0,1,1,0
1,12.052644892767177,7.017548297589058,1,0,0,1,0
1,14.155997612884262,6.188004774231476,1,0,1,0,0
1,11.997378393380316,6.929737839338032,1,0,0,1,0
0,13.533360460149236,6.40370671779436,0,0,1,1,0
1,13.99676170666095,6.3,1,0,0,0,0
0,13.4423958256675,6.42880208716625,0,0,1,1,0
0,13.32987955751494,6.559759115029879,0,0,0,1,0
1,14.000725610624208,6.3,1,0,0,0,0
0,12.970984727306362,6.270984727306362,1,0,0,1,0
1,14.01326627163404,6.23527641620912,1,1,0,0,0
1,12.59248486762018,7.0,1,0,0,1,0
0,13.798440694862308,6.620311861027539,1,0,0,1,0
1,12.083770974639412,5.267541949278825,1,1,1,0,0
0,13.402874462010711,6.205748924021422,0,0,1,1,0
0,13.989021318424625,6.454335702047181,0,0,1,1,0
0,11.82535906356035,6.43492818728793,0,1,1,1,0
0,12.2,5.915756441094652,1,1,0,1,0
1,12.93649641702558,6.663503582974419,1,1,0,0,0
1,12.265705141910692,6.956570514191069,1,0,0,1,0
0,11.592691137190322,6.569518352892741,0,1,1,1,0
0,12.270609258712565,5.646953706437177,1,1,0,1,0
1,14.012442183272547,6.3,1,0,0,0,0
0,13.217126600195853,6.821915599869432,1,0,0,1,0
0,12.993620595387572,6.835459801537476,1,0,0,1,0
1,14.492192044085987,5.594054320645222,1,0,1,0,0
1,12.436545871915875,5.187818042694708,1,0,1,1,0
0,13.489941019360575,6.379882038721153,0,0,1,1,0
1,11.780827537034682,5.348965578706649,0,1,1,1,0
1,14.002167512420012,6.3,1,0,0,0,0
1,12.592905454394598,5.135698181868467,1,0,1,1,0
0,11.563515101243768,6.936484898756231,0,1,1,0,0
1,14.089442815551225,6.489442815551225,1,1,0,0,0
0,12.2,5.8254452930604455,1,1,0,1,0
0,13.370067441459456,6.640134882918912,0,0,0,1,0
1,12.54376565630221,5.117359371521976,1,0,1,1,0
1,12.954394428051506,6.66080742926466,1,1,0,0,0
0,14.169213590894929,6.346142393929951,1,0,1,0,0
0,14.11734451839646,6.556531096320708,1,0,0,1,0
1,14.14603012736285,6.217145770746868,1,0,1,0,0
1,14.265162226581822,5.969675546836357,1,0,1,0,0
1,14.007724120711105,6.3,1,0,0,0,0
0,14.135763770431652,6.323842513621102,1,0,1,0,0
1,12.525891416385289,7.0,1,0,0,1,0
0,12.967637215241004,6.267637215241005,1,0,0,1,0
0,11.51095038460138,6.543801538405527,0,1,1,0,0
1,14.278604796875888,5.942790406248225,1,0,1,0,0
0,13.950460884988615,6.4500512094431794,0,0,1,1,0
0,12.25276752257786,5.8,1,1,0,1,0
1,11.611364767325489,5.514392054457521,1,0,1,1,0
1,12.456755648473642,6.994594456059205,1,0,0,1,0
1,12.912677690751115,6.687322309248884,1,1,0,0,0
0,13.368162477688768,6.636324955377537,0,0,0,1,0
1,14.183820632658929,6.55146189797678,1,0,1,0,0
1,12.617117329368398,7.0,1,0,0,1,0
1,14.180042409543224,6.540127228629674,1,0,1,0,0
0,11.578124531076618,6.558593398307463,0,1,1,1,0
0,13.360446429411631,6.318660711765109,0,0,1,1,0
0,11.507688667173507,6.498462266565299,0,1,1,1,0
0,12.252551791326308,5.642344626021077,1,1,0,1,0
0,12.931089713359873,6.315544856679936,0,0,1,1,0
0,13.338065544460967,6.576131088921933,0,0,0,1,0
0,12.382683829560266,5.59646446782031,1,1,0,1,0
1,11.98131419843966,5.137371603120683,1,1,1,0,0
1,12.167483353701469,5.29364241683583,1,0,1,1,0
0,12.985318887124553,6.976454075250298,1,0,0,1,0
1,12.3580917718317,5.213969409389432,1,0,1,1,0
0,14.117344560056855,6.311563040037905,1,0,1,0,0
0,13.610563653262574,6.657887269347485,1,0,0,1,0
0,13.181703889568745,6.440851944784371,0,0,1,1,0
1,12.621664017964104,5.126111994011964,1,0,1,1,0
0,11.974800572195456,6.4050398855609085,0,1,1,1,0
0,13.37195989533699,6.284120313989031,0,0,1,1,0
1,11.725948805964869,6.903243600745609,1,0,0,1,0
0,12.2,5.856828707378637,1,1,0,1,0
1,14.408763306511071,5.744226048280068,1,0,1,0,0
0,13.831380782149273,6.436820086905475,0,0,1,1,0
0,13.302568631299472,6.505137262598943,0,0,0,1,0
1,12.917364107815905,6.682635892184098,1,1,0,0,0
0,13.444971609153876,6.427514195423063,0,0,1,1,0
1,12.83925668239725,6.942973270410998,1,1,1,0,0
1,13.666506721690247,6.3933973113239,1,1,0,0,0
1,11.619272475530115,6.9807275244698825,1,0,0,1,0
1,12.164195730432352,6.958024466304044,1,0,0,1,0
1,11.557880031010695,6.98423993797861,0,1,1,0,0
1,12.553051586030168,7.0,1,0,0,1,0
0,13.031396884281223,6.365698442140611,0,0,1,1,0
1,13.61827572639967,6.412689709440132,1,1,0,0,0
0,11.86889529679752,6.9448158827995865,0,1,1,0,0
1,13.971203315325903,6.3,1,0,0,0,0
1,14.09019750727485,6.3,1,0,0,0,0
1,12.100741860733292,5.299752713088902,1,0,1,1,0
1,14.565788922587164,5.9195491870930494,1,1,0,0,0
0,13.254157994926697,6.554157994926695,1,0,0,1,0
1,11.53213685044998,7.067863149550019,1,0,0,1,0
1,11.701458694795274,5.59708261040945,0,1,1,1,0
1,11.62809200171499,5.489784726649095,1,0,1,1,0
1,12.7,5.506994977520911,1,0,1,1,0
0,13.366875738034524,6.466562130982739,0,0,1,1,0
0,13.69578654249352,6.640842691501296,1,0,0,1,0
1,11.933757278373257,5.244585759457752,1,0,1,1,0
1,14.12729596886564,6.381887906596923,1,0,1,0,0
1,12.7,5.394208067004505,1,0,1,1,0
1,13.158577202829347,6.6,1,1,0,0,0
1,12.314664459900898,7.092667770049551,1,0,0,1,0
1,12.475309821617945,6.977530982161794,1,0,0,1,0
1,11.80690394104367,5.316370073695414,0,1,1,1,0
0,12.26080329594844,5.6959835202578,1,1,0,1,0
1,14.078697273183511,6.3,1,0,0,0,0
0,12.067206205527745,6.977867700921291,0,1,1,0,0
1,11.81752837070196,5.205842790233987,1,0,1,1,0
1,12.7,5.160001929252973,1,0,1,1,0
0,12.227212355733592,5.863938221332039,1,1,0,1,0
1,14.013804207756952,6.3,1,0,0,0,0
1,13.193639791162385,6.582544083535046,1,1,0,0,0
1,13.262200698431284,6.6,1,1,0,0,0
1,12.579835828684722,7.0,1,0,0,1,0
0,13.448762011519715,6.425618994240142,0,0,1,1,0
1,12.90997671274113,6.690023287258871,1,1,0,0,0
0,13.834812653071502,6.437201405896833,0,0,1,1,0
1,14.134103676730671,6.231792646538657,1,0,1,0,0
1,11.878070468852949,5.246315437376462,1,1,1,0,0
1,12.212545161443234,5.15416164872853,1,0,1,1,0
1,12.589645743331907,7.0,1,0,0,1,0
1,11.909192063172226,6.648969524193328,1,0,0,1,0
0,12.270459198660106,5.588622404019682,1,1,0,1,0
1,14.159260181125555,6.477780543376671,1,0,1,0,0
0,13.34139285660554,6.375821430183376,0,0,1,1,0
1,12.31903622955864,6.961903622955864,1,0,0,1,0
0,13.309604423972283,6.519208847944565,0,0,0,1,0
0,12.981494369748493,6.281494369748492,1,0,0,1,0
1,12.8694532547472,6.822186981011201,1,1,1,0,0
0,13.36437476916667,6.306875692499991,0,0,1,1,0
1,14.181563763727173,6.153185225291087,1,0,1,0,0
1,12.498950589973049,5.150262352506737,1,0,1,1,0
1,11.57706501974407,7.022934980255929,1,0,0,1,0
1,14.130187421523042,6.390562264569123,1,0,1,0,0
0,12.2,5.941719616936266,1,1,0,1,0
0,13.37155812024107,6.285325639276792,0,0,1,1,0
1,12.901238122352035,6.731682503530617,1,1,0,0,0
0,14.163269444587346,6.342179629724897,1,0,1,0,0
0,13.611134010572654,6.412348223396962,0,0,1,1,0
1,14.05373276610172,6.3,1,0,0,0,0
1,14.106557651329524,6.319672953988572,1,0,1,0,0
1,11.935287233084049,5.217643616542024,0,1,1,1,0
1,12.066868119333776,7.08674724773351,0,1,1,0,0
0,13.378274796966322,6.46086260151684,0,0,1,1,0
1,12.15693121917566,5.2810229269414455,1,0,1,1,0
0,12.2,5.951294445102112,1,1,0,1,0
0,13.803824221214509,6.231208765991941,0,0,1,1,0
0,13.258938812326456,6.479469406163227,0,0,1,1,0
1,14.183864140056183,6.132271719887629,1,0,1,0,0
0,13.302701953588228,6.602701953588228,1,0,0,1,0
1,11.773945826117652,6.924648608705884,1,0,0,1,0
1,12.109870082486168,5.29670997250461,1,0,1,1,0
1,11.640224630968596,5.5247192112892565,0,1,1,1,0
1,13.225766328687165,6.524744557104278,1,1,0,0,0
1,12.310630900905174,7.094684549547413,1,0,0,1,0
0,13.944703664118382,6.449411518235376,0,0,1,1,0
0,12.156010399361746,6.992007799521309,0,1,1,1,0
1,12.878374710852611,6.762167052196518,1,1,0,0,0
0,11.678701083097764,5.874546209157828,0,1,1,1,0
1,11.558756342547865,6.982487314904271,0,1,1,0,0
1,11.97617705066224,5.147645898675518,1,1,1,0,0
1,12.080503342484116,5.290251671242058,0,1,1,1,0
1,11.85268139170645,5.35780756451371,1,1,1,0,0
0,13.235090180660544,6.535090180660545,1,0,0,1,0
1,13.334065510595508,6.488644829801497,1,1,0,0,0
0,13.587532512490332,6.324972132151144,0,0,1,1,0
0,12.560272861159726,6.979909046280092,1,0,0,1,0
0,13.36534209508545,6.467328952457275,0,0,1,1,0
1,12.97665891118609,6.62334108881391,1,1,0,0,0
0,13.37412445570253,6.64824891140506,0,0,0,1,0
1,11.831001123633426,5.337997752733148,0,1,1,1,0
0,12.904475913600525,6.204475913600525,1,0,0,1,0
0,12.25175380668374,5.741230966581295,1,1,0,1,0
0,11.656323961636383,5.952866134272652,0,1,1,1,0
0,14.187092297450327,6.542581540509935,1,0,0,1,0
0,13.372141695270086,6.64428339054017,0,0,0,1,0
0,13.42224413462812,6.43887793268594,0,0,1,1,0
0,12.28870779544778,5.533876613656658,1,1,0,1,0
1,12.33625638990407,5.140415956677325,1,0,1,1,0
1,11.727403798253288,6.950961519301316,0,1,1,0,0
0,13.176557226291546,6.438278613145773,0,0,1,1,0
0,13.38798711929728,6.704004293567574,1,0,0,1,0
1,13.957607765223246,6.3,1,0,0,0,0
0,14.33139910960804,6.454266073072027,1,0,1,0,0
1,14.2205676770256,6.082978181353918,1,0,1,0,0
1,12.7,5.670105802743226,1,0,1,1,0
1,11.889124146429925,6.673051024284091,1,0,0,1,0
1,14.132487339431512,6.397462018294537,1,0,1,0,0
0,13.73614534649816,6.197589703001577,0,0,1,1,0
1,11.768152286421484,6.967260914568594,0,1,1,0,0
0,13.485962513694178,6.407018743152912,0,0,1,1,0
0,12.971239099340854,6.335619549670427,0,0,1,1,0
1,12.9,6.928782761661648,1,1,1,0,0
0,13.3158625033864,6.531725006772801,0,0,0,1,0
0,13.304128191488852,6.508256382977704,0,0,0,1,0
0,14.305840292142303,6.5188319415715394,1,0,0,1,0
1,12.955607386287229,6.644392613712771,1,1,0,0,0
0,11.518952468995549,6.518952468995546,0,1,1,1,0
0,13.335988850709231,6.482005574645385,0,0,1,1,0
0,14.379642156271014,6.497738017363446,0,0,1,1,0
1,12.978501525337704,6.653746186655735,1,1,0,0,0
0,13.592062615082211,6.6615874769835575,1,0,0,1,0
0,11.928149077440608,6.954691512906768,0,1,1,0,0
0,13.47055898142849,6.341117962856978,0,0,1,1,0
0,13.44317352741207,6.428413236293966,0,0,1,1,0
0,12.364116327321998,5.8,1,1,0,1,0
1,14.213868831809927,6.0722623363801445,1,0,1,0,0
1,12.552861338436882,7.0,1,0,0,1,0
0,11.50506239943056,6.9949376005694415,0,1,1,0,0
0,12.02836903430746,6.971394839051244,0,1,1,0,0
0,14.31426200617604,6.517147598764793,1,0,0,1,0
0,14.32692507632878,6.5,0,0,1,1,0
1,12.355369280691392,5.1382923021454,1,0,1,1,0
0,12.256668250065138,5.759990499609174,1,1,0,1,0
0,14.13699147236216,6.470776830262462,0,0,1,1,0
0,13.863805627538266,6.0881666049672,0,0,1,1,0
0,14.220170225489111,5.999905430283826,0,0,1,1,0
1,11.933935885066647,6.977978628355549,1,0,0,1,0
1,13.110049261638483,6.6,1,1,0,0,0
1,12.916748461734036,6.683251538265964,1,1,0,0,0
1,14.4193314760337,5.725203343139338,1,0,1,0,0
1,14.009661406854203,6.3,1,0,0,0,0
0,11.629347166747698,6.6293471667476975,0,1,1,1,0
1,12.8000047353411,6.866660352878532,1,1,0,0,0
1,12.660161232596453,5.109959691850886,1,0,1,1,0
0,14.23171200332516,6.387808002216772,1,0,1,0,0
0,12.259571021659502,5.7425738700429845,1,1,0,1,0
0,11.57332046379633,6.554990347847247,0,1,1,1,0
0,13.34479722436406,6.47760138781797,0,0,1,1,0
1,12.126733648767075,5.291088783744308,1,0,1,1,0
1,12.343316403798186,6.964331640379819,1,0,0,1,0
1,11.513689703023124,7.086310296976874,1,0,0,1,0
1,14.531155123815802,5.939339929248113,1,1,0,0,0
0,13.803852311659202,6.433761367962134,0,0,1,1,0
0,14.370072452919338,6.480048301946225,1,0,1,0,0
0,11.558270746226537,6.733082984906138,0,1,1,0,0
0,13.682324956003978,6.420258328444887,0,0,1,1,0
1,12.918783938350812,6.80304015412297,1,1,0,0,0
1,12.169096360495317,5.232725909876171,1,0,1,1,0
1,13.93142836422552,6.3,1,0,0,0,0
1,11.87703833873833,5.399258785913334,1,0,1,1,0
0,12.230651936938898,5.846740315305511,1,1,0,1,0
0,13.480014607826988,6.683997078434603,1,0,0,1,0
0,13.186496892763005,6.443248446381501,0,0,1,1,0
1,12.061019606121253,5.287006535373751,1,0,1,1,0
1,14.086440442032782,6.3,1,0,0,0,0
1,14.003019825423396,6.3,1,0,0,0,0
1,12.521160370171575,5.119871069980936,1,0,1,1,0
0,13.261687258455046,6.746104247181651,1,0,0,1,0
1,11.82845479104231,6.991381916416924,0,1,1,0,0
1,13.403752166582596,6.465415944472468,1,1,0,0,0
0,13.339543713311,6.579087426621998,0,0,0,1,0
1,12.06757576898344,5.289191922994481,1,0,1,1,0
1,12.087346960671605,5.274693921343211,1,1,1,0,0
1,12.02155239660368,5.260776198301841,0,1,1,1,0
1,11.897292633569846,5.20541473286031,0,1,1,1,0
0,13.654170959854063,6.5,0,0,1,1,0
0,13.28091468572861,6.73969510475713,1,0,0,1,0
1,13.641480188339624,6.386173270553458,1,1,0,0,0
0,13.3018984391072,6.4990507804464,0,0,1,1,0
1,14.178077374598752,6.159460725722244,1,0,1,0,0
0,14.234651067459913,6.5,0,0,1,1,0
1,12.278614053280515,5.240461982239827,1,0,1,1,0
0,13.935882238664837,6.448431359851648,0,0,1,1,0
0,13.460334077370446,6.320668154740891,0,0,1,1,0
1,12.057253364892617,5.260686658776846,1,0,1,1,0
1,14.18847643940374,6.565429318211227,1,0,1,0,0
0,14.373005828012582,6.4820038853417214,1,0,1,0,0
1,12.948630680786726,6.6513693192132735,1,1,0,0,0
1,11.762947744878597,5.384462706145685,1,1,1,0,0
1,11.58160956344347,7.01839043655653,1,0,0,1,0
1,12.554755127037655,7.0,1,0,0,1,0
1,13.95188979576821,6.3,1,0,0,0,0
0,12.497452308051882,5.648089231038911,1,1,0,1,0
1,13.736750811671849,6.354416396109384,1,1,0,0,0
0,12.999498551182205,6.299498551182204,1,0,0,1,0
0,14.12494664791891,6.052807417822828,0,0,1,1,0
1,14.127994774307291,6.249609406246875,1,0,1,0,0
0,13.637278844266488,6.323733975407508,0,0,1,1,0
0,13.069109983752575,6.810296672082475,1,0,0,1,0
1,13.295914103872018,6.6,1,1,0,0,0
1,12.693047314261053,6.999304731426105,1,0,0,1,0
1,13.34430349120626,6.522278603517496,1,1,0,0,0
0,13.318653760686528,6.537307521373055,0,0,0,1,0
0,11.5472040586345,6.5472040586345,0,1,1,1,0
1,14.1392039056567,6.221592188686601,1,0,1,0,0
0,13.89148377120392,6.5,0,0,1,1,0
0,13.10724024716112,6.797586584279626,1,0,0,1,0
1,12.759607029817364,6.9205239602435125,1,1,0,0,0
0,12.266747362283624,5.699515826298262,1,1,0,1,0
1,14.173769723944549,6.152460552110901,1,0,1,0,0
1,13.989707641897658,6.3,1,0,0,0,0
1,14.132848220519609,6.398544661558822,1,0,1,0,0
0,12.440836812888568,5.664309615036663,1,1,0,1,0
0,13.098369277877646,6.399184638938823,0,0,1,1,0
0,13.516520747291375,6.676695850541725,1,0,0,1,0
1,13.971344823527932,6.3,1,0,0,0,0
0,13.907227302020582,6.050948026839501,0,0,1,1,0
0,13.346419113358897,6.476790443320552,0,0,1,1,0
1,12.250947612379816,6.968868451547477,1,0,0,1,0
1,11.836760062514564,5.279049921856796,0,1,1,1,0
0,13.045672797630308,6.345672797630307,1,0,0,1,0
1,14.1066445366571,6.286710926685798,1,0,1,0,0
0,11.515065114177888,6.560260456711547,0,1,1,0,0
0,13.466249842167247,6.332499684334493,0,0,1,1,0
1,13.275980005885936,6.549607997645626,1,1,0,0,0
0,11.65544443681393,5.955944471151241,0,1,1,1,0
1,11.766693652962145,5.466612694075711,0,1,1,1,0
1,14.031168589498344,6.431168589498345,1,1,0,0,0
1,14.178489727740216,6.143020544519568,1,0,1,0,0
1,12.917186643449392,6.682813356550608,1,1,0,0,0
1,11.703826695160569,6.901275565053524,1,0,0,1,0
0,13.618455927435326,6.656308814512935,1,0,0,1,0
0,13.375577466640063,6.651154933280124,0,0,0,1,0
0,14.046210709433838,6.460690078825982,0,0,1,1,0
1,12.618327184654891,7.0,1,0,0,1,0
1,14.167702419128384,6.164595161743232,1,0,1,0,0
0,14.207045471952606,6.371363647968404,1,0,1,0,0
0,13.309024327543163,6.495487836228419,0,0,1,1,0
0,14.022443746260828,6.575511250747835,1,0,0,1,0
1,14.140769596194623,6.218460807610752,1,0,1,0,0
1,11.967633485577617,6.933454185697202,1,0,0,1,0
0,12.225580040604196,5.7232598781874175,1,1,0,1,0
0,13.383919169114218,6.667838338228436,0,0,0,1,0
0,13.424292033673495,6.248584067346989,0,0,1,1,0
0,12.2,5.862634903388377,1,1,0,1,0
1,12.918473774169048,6.681526225830952,1,1,0,0,0
1,14.508389552712266,5.56489880511792,1,0,1,0,0
0,13.371593681270337,6.718937545819776,1,0,0,1,0
0,14.162328365467772,6.341552243645182,1,0,1,0,0
0,14.190028357751592,5.808547121927206,0,0,1,1,0
0,13.042725503827198,6.819091498724268,1,0,0,1,0
0,14.146001457572906,6.041110301348386,0,0,1,1,0
1,11.9,5.282801818554093,0,1,1,1,0
1,12.9,6.973547599135234,1,1,1,0,0
1,12.949483078396804,6.650516921603195,1,1,0,0,0
0,13.470288024194511,6.340576048389022,0,0,1,1,0
0,14.1696572689103,5.826008055219741,0,0,1,1,0
1,11.821477593507964,6.988591037403186,0,1,1,0,0
1,12.40842318708528,5.17289420322868,1,0,1,1,0
0,11.593353809731727,6.873415238926909,0,1,1,0,0
0,13.558116185496566,6.367713230279686,0,0,1,1,0
1,12.937435737819545,6.662564262180456,1,1,0,0,0
0,11.91798098462762,6.95299683077127,0,1,1,0,0
1,11.968185216516597,5.163629566966812,1,1,1,0,0
0,11.58332117482792,6.83328469931168,0,1,1,0,0
0,13.18445753712905,6.4844575371290505,1,0,0,1,0
0,11.958270985796869,6.95827098579687,0,1,1,1,0
1,12.928447306130533,6.67155269386947,1,1,0,0,0
0,11.670645048438304,6.670645048438304,0,1,1,1,0
0,13.40757031226762,6.446214843866191,0,0,1,1,0
1,11.557538222814298,7.042461777185703,1,0,0,1,0
0,13.329092242973992,6.558184485947985,0,0,0,1,0
1,11.933264735454358,6.929158091931795,1,0,0,1,0
0,11.630486269882628,6.473902746023475,0,1,1,1,0
1,11.809876167979542,5.4327167060358015,1,1,1,0,0
0,13.353242158765314,6.653242158765313,1,0,0,1,0
0,12.97370835902626,6.984194427315826,1,0,0,1,0
0,13.47087339826306,6.341746796526124,0,0,1,1,0
0,13.31425371684973,6.492873141575135,0,0,1,1,0
1,12.5826963917026,7.0,1,0,0,1,0
1,14.306094430804611,5.929030024551695,1,0,1,0,0
1,11.568786568504056,6.962426862991888,0,1,1,0,0
1,12.487093796040046,7.006453101979977,1,0,0,1,0
0,13.46537041297731,6.686925917404539,1,0,0,1,0
1,14.259096125516134,5.981807748967735,1,0,1,0,0
1,12.859804659787496,6.950488350531261,1,1,0,0,0
0,13.92292532150597,6.16504148805224,0,0,1,1,0
0,12.564104816974506,6.978631727675165,1,0,0,1,0
1,14.242522894112511,6.0149542117749775,1,0,1,0,0
1,12.506666050884736,7.0,1,0,0,1,0
1,12.415421236995387,6.989427654624423,1,0,0,1,0
1,12.241827459572244,6.96772843244653,1,0,0,1,0
0,13.422533481465525,6.438733259267238,0,0,1,1,0
0,12.804041019112836,7.097305987258109,1,0,0,1,0
0,13.120893666014371,6.410446833007186,0,0,1,1,0
1,11.898557088083344,7.019422835233338,0,1,1,0,0
0,13.606991824941325,6.308292721478865,0,0,1,1,0
0,13.019244043531891,6.359622021765945,0,0,1,1,0
1,12.036207491061113,5.268103745530556,0,1,1,1,0
0,13.343340071796256,6.369979784611228,0,0,1,1,0
0,13.380528913933846,6.459735543033077,0,0,1,1,0
0,12.2,5.895500104446859,1,1,0,1,0
0,12.214543257186524,5.756370228440425,1,1,0,1,0
0,11.541169111516917,6.664676446067669,0,1,1,0,0
1,14.390452471400204,5.777185551479632,1,0,1,0,0
1,12.976673405282634,6.623326594717365,1,1,0,0,0
0,13.308190520679949,6.516381041359892,0,0,0,1,0
0,13.303334256270748,6.506668512541494,0,0,0,1,0
0,12.947059352431308,7.001960431712463,1,0,0,1,0
1,11.806133253481391,6.913266656685174,1,0,0,1,0
1,12.905122307102893,6.694877692897109,1,1,0,0,0
1,11.619366438794872,5.50105593534188,1,0,1,1,0
1,12.580942297268347,7.0,1,0,0,1,0
1,12.390057864247767,5.177485533938057,1,0,1,1,0
0,13.34691402246728,6.593828044934559,0,0,0,1,0
0,13.491239800608424,6.404380099695788,0,0,1,1,0
0,12.56436468358427,6.97854510547191,1,0,0,1,0
0,12.2,5.846749168338886,1,1,0,1,0
0,12.002545858711692,7.002545858711693,0,1,1,1,0
1,11.723902964598464,6.902390296459847,1,0,0,1,0
0,13.29471058788585,6.7350964707047165,1,0,0,1,0
0,11.5766215387951,6.806486155180398,0,1,1,0,0
1,12.7,5.659857597734866,1,0,1,1,0
0,12.877018697646315,7.048654201569122,1,0,0,1,0
1,13.779950449614596,6.340016516795135,1,1,0,0,0
1,14.013243085746806,6.3,1,0,0,0,0
1,11.769984160034204,6.908748020004276,1,0,0,1,0
1,11.9,5.284937627538846,0,1,1,1,0
0,12.94872316203689,6.85042561265437,1,0,0,1,0
0,11.676537294202875,5.88211947028993,0,1,1,1,0
1,12.882294719635,6.770821121460008,1,1,1,0,0
0,12.201708334341946,5.8,1,1,0,1,0
0,13.354028903155164,6.608057806310327,0,0,0,1,0
0,14.348526329244358,6.510294734151128,1,0,0,1,0
1,11.617883443000082,5.552645696249897,0,1,1,1,0
0,11.693483773509746,5.822806792715887,0,1,1,1,0
1,13.9810583378491,6.381058337849098,1,1,0,0,0
0,12.2,5.955856013870379,1,1,0,1,0
0,14.046554636914452,6.570689072617109,1,0,0,1,0
1,14.126640028559011,6.379920085677036,1,0,1,0,0
0,13.41019557662792,6.44490221168604,0,0,1,1,0
0,13.133887889365552,6.8774080737563,1,0,0,1,0
1,12.94109300901908,6.747267477452297,1,1,0,0,0
0,14.064174356546348,5.91642198010313,0,0,1,1,0
0,13.394529117132588,6.689058234265173,0,0,0,1,0
0,14.259093134206989,6.528181373158603,1,0,0,1,0
1,14.153155416408929,6.459466249226783,1,0,1,0,0
0,13.409158003781917,6.21831600756383,0,0,1,1,0
0,12.577438875479128,5.7080791566093465,1,1,0,1,0
1,12.8642662322732,6.780978356969067,1,1,0,0,0
0,13.150556682378436,6.450556682378437,1,0,0,1,0
0,13.332189520247702,6.632189520247702,1,0,0,1,0
1,14.10464663623558,6.313939908706739,1,0,1,0,0
1,13.210391504016656,6.529869498661115,1,1,0,0,0
1,11.9,5.200686296058765,0,1,1,1,0
1,12.698574254949698,6.565716169966465,1,1,1,0,0
0,11.517138961220798,6.568555844883194,0,1,1,0,0
0,13.264734487967653,6.745088504010783,1,0,0,1,0
0,12.642195735374928,6.052683277357102,1,1,0,1,0
1,12.360410400267508,7.069794799866246,1,0,0,1,0
1,13.7646328991916,6.345122366936133,1,1,0,0,0
1,11.518391312703582,7.081608687296418,1,0,0,1,0
0,13.396148925238402,6.4519255373808,0,0,1,1,0
1,13.957108281401704,6.357108281401705,1,1,0,0,0
1,14.212644109050542,6.074711781898918,1,0,1,0,0
0,13.943776933771138,6.019619771053309,0,0,1,1,0
0,13.555167756555822,6.369351246357877,0,0,1,1,0
1,11.939252340882854,6.612897190940575,1,0,0,1,0
1,11.756149047457424,5.5267391669495085,1,1,1,0,0
1,14.162025724236566,6.18835369637418,1,0,1,0,0
0,13.3780596492894,6.2658210521317965,0,0,1,1,0
0,14.321005196658216,6.447336797772143,1,0,1,0,0
1,14.054496364103768,6.454496364103768,1,1,0,0,0
1,14.120514527250284,6.173991698714124,1,1,0,0,0
1,13.760602732533656,6.355758906986537,1,1,0,0,0
0,13.380545973434224,6.661091946868451,0,0,0,1,0
1,12.041225012359655,5.182450024719313,1,1,1,0,0
0,12.2496290987136,5.6511127038591935,1,1,0,1,0
0,13.397601059252048,6.695202118504096,0,0,0,1,0
1,11.611365134502927,6.98863486549707,1,0,0,1,0
0,11.561213977017289,6.938786022982712,0,1,1,0,0
1,12.621545035641203,7.0,1,0,0,1,0
0,13.94974231689391,6.5900515366212185,1,0,0,1,0
0,13.860917757240117,6.090641922365614,0,0,1,1,0
0,11.531323806593912,6.3903666769213086,0,1,1,1,0
0,14.316635613605138,6.5,0,0,1,1,0
1,12.214485116066452,5.276550866884926,1,0,1,1,0
1,11.987740515923756,6.554711380891493,1,0,0,1,0
1,11.944304609625627,5.248101536541876,1,0,1,1,0
1,11.666880898244786,6.933119101755213,1,0,0,1,0
0,13.2792202463918,6.5792202463918,1,0,0,1,0
1,14.267880615521804,6.089782505416112,1,1,0,0,0
0,13.429557361314664,6.5,0,0,1,1,0
0,14.196879455714678,5.8026747522445605,0,0,1,1,0
0,12.250670577460513,5.74664711269744,1,1,0,1,0
1,11.751909184919963,6.905190918491996,1,0,0,1,0
1,11.99477634435559,5.110447311288822,1,1,1,0,0
0,13.842077073438896,6.611584585312221,1,0,0,1,0
1,12.740281381439605,6.593520920959737,1,1,1,0,0
1,13.610042045193818,6.39665265160206,1,1,0,0,0
1,13.922619425619253,6.3,1,0,0,0,0
0,11.559297030345462,6.737188121381851,0,1,1,0,0
1,14.18469504375027,6.130609912499458,1,0,1,0,0
1,11.59574915726689,6.908501685466218,0,1,1,0,0
0,13.361202223231803,6.5,0,0,1,1,0
0,11.674033379346032,6.912338896557672,0,1,1,0,0
1,12.75617651045079,6.925097986065612,1,1,0,0,0
1,12.9,6.967521539121849,1,1,1,0,0
1,11.537862630468856,7.02427473906229,0,1,1,0,0
1,14.184698882513162,6.130602234973677,1,0,1,0,0
1,12.462885195100814,7.018557402449593,1,0,0,1,0
1,11.9,5.675835657108606,0,1,1,1,0
0,13.680936949005428,6.244911186566777,0,0,1,1,0
0,14.283892997478128,6.422595331652086,1,0,1,0,0
0,12.973047841829365,6.336523920914681,0,0,1,1,0
1,11.807857668925177,6.913482208615648,1,0,0,1,0
0,13.263223429715744,6.563223429715745,1,0,0,1,0
1,12.7,5.515515396745374,1,0,1,1,0
1,11.752471163775798,5.3970346034690415,1,1,1,0,0
1,12.98901889274419,6.61098110725581,1,1,0,0,0
1,12.101950559482551,5.166449937835272,1,0,1,1,0
0,12.418235521910974,5.924706012520557,1,1,0,1,0
1,12.668562901999431,5.103493010888951,1,0,1,1,0
0,13.396436731176028,6.692873462352054,0,0,0,1,0
1,11.8486064041514,5.2486064041514,1,0,1,1,0
0,12.265112959835951,5.604661120492148,1,1,0,1,0
1,13.46363843170676,6.445453856097747,1,1,0,0,0
1,14.0884246627515,6.3,1,0,0,0,0
0,13.22959674933892,6.756801083553693,1,0,0,1,0
1,14.157563683762412,6.472691051287244,1,0,1,0,0
0,13.384410956254486,6.668821912508972,0,0,0,1,0
1,12.382105257347511,7.058947371326243,1,0,0,1,0
0,13.433480938881736,6.266961877763474,0,0,1,1,0
0,13.12335679200953,6.423356792009529,1,0,0,1,0
1,11.821430079319978,5.357139841360045,0,1,1,1,0
1,13.560502078863612,6.413165973712129,1,1,0,0,0
1,14.127036420417346,6.245927159165309,1,0,1,0,0
0,12.285453744156577,5.848830710946616,1,1,0,1,0
1,12.975171699495675,6.624828300504323,1,1,0,0,0
0,13.850435113390056,6.609912977321989,1,0,0,1,0
0,13.322128686649616,6.488935656675193,0,0,1,1,0
1,11.655851592975884,5.688296814048227,0,1,1,1,0
1,12.392470139398204,6.986558767424776,1,0,0,1,0
1,12.134905375290296,5.288364874903234,1,0,1,1,0
1,11.74113243777033,5.410641074675603,1,1,1,0,0
0,11.542748699046587,6.542748699046589,0,1,1,1,0
1,14.14237309364552,6.427119280936562,1,0,1,0,0
0,13.34939403041002,6.47530298479499,0,0,1,1,0
0,12.926747002301273,6.226747002301272,1,0,0,1,0
0,13.359043441264063,6.470478279367968,0,0,1,1,0
1,12.084690234263403,5.113029266809754,1,1,1,0,0
1,12.837944836716076,5.228914590264012,1,1,1,0,0
0,12.223362776298677,5.72991167110397,1,1,0,1,0
0,13.301121069962567,6.732959643345811,1,0,0,1,0
0,13.00916103934928,6.309161039349279,1,0,0,1,0
1,13.558212348591525,6.413929217136158,1,1,0,0,0
0,12.739410018412856,6.108234296235917,1,1,0,1,0
1,12.198731086533204,5.267089637822265,1,0,1,1,0
0,13.509993766445984,6.39444790753001,0,0,1,1,0
1,14.169514506742631,6.5085435202278985,1,0,1,0,0
0,14.319412344557868,6.446274896371912,1,0,1,0,0
1,11.55562402456472,6.98875195087056,0,1,1,0,0
0,11.529162242084023,6.616648968336091,0,1,1,0,0
1,14.14801667655007,6.444050029650209,1,0,1,0,0
1,13.97727764490851,6.3,1,0,0,0,0
1,11.711256138789516,5.605301757118347,1,1,1,0,0
0,13.391112496742096,6.454443751628952,0,0,1,1,0
0,11.520073295597427,6.580293182389711,0,1,1,0,0
1,12.75061028964824,6.932519613802344,1,1,0,0,0
0,12.231059813836293,5.844700930818534,1,1,0,1,0
1,11.677244012394793,6.930897604957917,0,1,1,0,0
1,14.098071351545125,6.3,1,0,0,0,0
1,14.004941639700416,6.24003334874262,1,1,0,0,0
0,12.867618736546694,7.054920842302204,1,0,0,1,0
0,12.07837138392458,6.97972856398743,0,1,1,0,0
0,14.26827011578258,6.5,0,0,1,1,0
0,12.2,5.816445770555534,1,1,0,1,0
0,11.553208267683727,6.712833070734916,0,1,1,0,0
1,11.9,5.20302302916412,0,1,1,1,0
0,13.44735181802529,6.426324090987356,0,0,1,1,0
1,12.593825244018005,7.0,1,0,0,1,0
0,12.536018962739654,5.992010835851231,1,1,0,1,0
0,12.900292945961391,6.300146472980696,0,0,1,1,0
0,13.923553771850068,6.5,0,0,1,1,0
0,13.323289468348383,6.546578936696764,0,0,0,1,0
0,13.724056069182287,6.207951940700895,0,0,1,1,0
0,13.891613462817372,6.443512606979708,0,0,1,1,0
0,13.369551363800294,6.465224318099853,0,0,1,1,0
1,12.547935301722257,7.0,1,0,0,1,0
0,14.277142641733064,6.4180950944887085,1,0,1,0,0
0,12.973143611909183,6.336571805954592,0,0,1,1,0
1,11.99496407227772,5.106043113266734,1,1,1,0,0
1,12.896011481851367,6.715954072594533,1,1,1,0,0
0,13.358568134974766,6.617136269949531,0,0,0,1,0
1,13.929858935142054,6.329858935142054,1,1,0,0,0
1,12.50645102735972,7.0,1,0,0,1,0
0,12.963345618679025,6.331672809339512,0,0,1,1,0
0,13.393109030439682,6.686218060879364,0,0,0,1,0
1,11.853823466173576,5.253823466173576,1,0,1,1,0
0,12.254655578214948,5.83123175897997,1,1,0,1,0
0,13.321956152510127,6.489021923744937,0,0,1,1,0
0,11.547008755788434,6.952991244211565,0,1,1,0,0
0,13.926915445895142,6.594616910820972,1,0,0,1,0
0,13.37388723099458,6.278338307016262,0,0,1,1,0
1,12.563833432866137,7.0,1,0,0,1,0
1,14.359353385940366,5.83316390530734,1,0,1,0,0
1,12.758141159167238,6.922478454443682,1,1,0,0,0
0,13.187334364166915,6.443667182083457,0,0,1,1,0
0,13.374671047058678,6.708442984313774,1,0,0,1,0
1,11.78441308840998,5.223380367385031,1,0,1,1,0
1,14.02216371721888,6.3,1,0,0,0,0
0,11.580630768406785,6.919369231593215,0,1,1,0,0
1,12.542042406779771,7.0,1,0,0,1,0
1,14.130813366945056,6.392440100835168,1,0,1,0,0
0,13.095033797634096,6.90331080157727,1,0,0,1,0
0,12.87369925396652,6.169315796294275,1,1,0,1,0
0,13.12614222427572,6.41307111213786,0,0,1,1,0
1,12.794405673132715,6.874125769156376,1,1,0,0,0
1,12.50302144832714,7.0,1,0,0,1,0
0,12.21515120218952,6.009092786862876,1,1,0,1,0
1,12.232835865771744,5.151907126025361,1,0,1,1,0
0,13.399789850942248,6.200630447173261,0,0,1,1,0
0,12.63791786247139,6.954027379176203,1,0,0,1,0
1,12.7,5.157429974669615,1,0,1,1,0
0,14.2542789251956,5.98095615266911,0,0,1,1,0
0,13.417364075884946,6.696527184823011,1,0,0,1,0
0,13.438590223128632,6.430704888435684,0,0,1,1,0
1,12.43149550475511,5.1895014984149626,1,0,1,1,0
1,11.9,5.277806362505923,0,1,1,1,0
1,11.960071361963914,6.587914365643303,1,0,0,1,0
0,13.824058838955372,6.5,0,0,1,1,0
1,12.529830377113234,5.142542405721691,1,0,1,1,0
1,12.556125295722753,5.1479582347590815,1,0,1,1,0
1,12.900421123255589,6.699578876744412,1,1,0,0,0
1,11.530541779794124,7.069458220205876,1,0,0,1,0
1,13.789712931576336,6.344114827369466,1,1,0,0,0
0,11.798487937014244,6.933081322835708,0,1,1,0,0
0,14.26690680322326,6.411271202148839,1,0,1,0,0
1,12.7,5.611848323508131,1,0,1,1,0
0,13.177482083480584,6.438741041740292,0,0,1,1,0
1,13.14200392261468,6.603198430954129,1,1,0,0,0
0,13.820837214941273,6.43564857943792,0,0,1,1,0
1,13.07394549295069,6.6,1,1,0,0,0
0,13.337767845403333,6.575535690806664,0,0,0,1,0
0,12.245133186000569,5.664600441998299,1,1,0,1,0
0,14.193888729199582,5.805238232114643,0,0,1,1,0
0,13.980156106655786,5.988437622866469,0,0,1,1,0
0,12.2,5.853628475309203,1,1,0,1,0
0,12.920190668453229,6.859936443848924,1,0,0,1,0
0,13.647805091880011,6.273309921245704,0,0,1,1,0
1,14.11481370954754,6.344441128642616,1,0,1,0,0
0,12.216317015640584,6.0020979061564965,1,1,0,1,0
1,12.952856738838486,6.6471432611615135,1,1,0,0,0
1,14.12871817175686,6.528718171756859,1,1,0,0,0
0,13.55345696609786,6.405939662899763,0,0,1,1,0
0,14.089509894674936,6.072494502958369,0,0,1,1,0
1,11.9,5.932682479953402,0,1,1,1,0
1,13.200467417907111,6.6,1,1,0,0,0
0,13.319292084374128,6.538584168748254,0,0,0,1,0
0,12.26270199170604,5.686490041469801,1,1,0,1,0
1,13.98219103240366,6.3,1,0,0,0,0
0,13.47798979990714,6.41100510004643,0,0,1,1,0
0,13.200116451998694,6.766627849333769,1,0,0,1,0
0,11.729090571564203,6.921515095260701,0,1,1,0,0
1,12.211004124079125,6.9511004124079125,1,0,0,1,0
1,13.646502308099612,6.384499230633463,1,1,0,0,0
0,13.0718466015159,6.918768932322735,1,0,0,1,0
1,12.56916663167755,5.114537040924716,1,0,1,1,0
1,11.871845210174865,5.271845210174863,1,0,1,1,0
1,12.669216541578662,5.103420384269037,1,0,1,1,0
1,12.053952624586705,6.475256850495956,1,0,0,1,0
1,14.2028610413622,6.094277917275602,1,0,1,0,0
1,12.090903803505466,6.939090380350547,1,0,0,1,0
1,12.46810376841251,6.996012971051564,1,0,0,1,0
0,13.377713369010756,6.655426738021512,0,0,0,1,0
1,12.633288891487211,5.116677777128197,1,0,1,1,0
1,14.144965697944334,6.219061743700197,1,0,1,0,0
0,12.501401511342973,6.999532829552343,1,0,0,1,0
1,12.708671183985828,6.572447455990552,1,1,1,0,0
1,14.441227064022453,5.685791284759587,1,0,1,0,0
0,13.417240753794436,6.234481507588873,0,0,1,1,0
0,12.2,6.045931207307995,1,1,0,1,0
0,14.16037547114249,6.5,0,0,1,1,0
1,12.388937341854678,7.055531329072661,1,0,0,1,0
0,11.529869704060989,6.3954560357865455,0,1,1,1,0
0,13.76987353861368,6.626025292277265,1,0,0,1,0
1,14.136741194258532,6.410223582775594,1,0,1,0,0
0,11.506251555462686,6.525006221850743,0,1,1,0,0
1,11.772916463867087,6.812500243359494,1,0,0,1,0
0,13.2811309707473,6.7396230097509,1,0,0,1,0
0,13.50347137270678,6.6793057254586445,1,0,0,1,0
1,14.09306064348572,6.493060643485719,1,1,0,0,0
0,13.372079246103574,6.644158492207146,0,0,0,1,0
1,14.151928956855746,6.156040596082431,1,1,0,0,0
1,11.96226245885951,7.044904983543804,0,1,1,0,0
1,12.7,5.621375471834997,1,0,1,1,0
0,13.20652707503735,6.506527075037349,1,0,0,1,0
0,12.581769416019103,5.711327062014327,1,1,0,1,0
0,13.04869951660512,6.348699516605119,1,0,0,1,0
1,12.410331827274794,6.988791478409349,1,0,0,1,0
1,12.265427773217407,5.244857408927531,1,0,1,1,0
0,13.363992931118068,6.468003534440967,0,0,1,1,0
0,13.328971771550943,6.557943543101887,0,0,0,1,0
0,13.11724471999755,6.408622359998775,0,0,1,1,0
1,11.653924027736416,5.5075949653294805,0,1,1,1,0
0,12.11133720018529,6.985222866697549,0,1,1,0,0
1,14.189842665398904,6.569527996196715,1,0,1,0,0
0,13.462946634158394,6.418526682920803,0,0,1,1,0
0,14.284611721458848,6.5,0,0,1,1,0
1,11.915047517843522,6.971682505947841,1,0,0,1,0
1,13.981778636079309,6.3,1,0,0,0,0
1,14.043191846586804,6.3,1,0,0,0,0
1,12.929817780444337,6.670182219555665,1,1,0,0,0
0,14.280910367717606,6.5,0,0,1,1,0
0,13.58668154481713,6.662663691036574,1,0,0,1,0
0,11.807928353861506,6.934654725643584,0,1,1,0,0
0,12.2,5.818275695401454,1,1,0,1,0
1,14.12802015465446,6.384060463963383,1,0,1,0,0
1,12.024111651979554,5.175098705335605,1,0,1,1,0
0,12.2,5.982081398371159,1,1,0,1,0
1,12.96665048023597,6.644466026352039,1,1,0,0,0
0,13.463828689590658,6.687234262081868,1,0,0,1,0
1,11.929912787098363,5.214956393549183,0,1,1,1,0
1,12.950967996216212,6.6490320037837884,1,1,0,0,0
1,12.279962635985823,5.240012454671392,1,0,1,1,0
1,12.151998665939654,5.160889037117816,1,0,1,1,0
0,13.58783596228457,6.662432807543086,1,0,0,1,0
0,13.849368018937104,6.438818668770789,0,0,1,1,0
0,13.180159087263556,6.773280304245482,1,0,0,1,0
0,13.334329677706682,6.568659355413363,0,0,0,1,0
1,12.94200934306438,6.677320875914162,1,1,0,0,0
1,11.9,5.9258221999417735,0,1,1,1,0
0,12.87794199141405,6.874019336195317,1,0,0,1,0
1,14.324900000684718,6.0571999996087325,1,1,0,0,0
1,14.346711920532645,5.855918543041239,1,0,1,0,0
1,13.91302771144931,6.292555593457537,1,1,0,0,0
0,13.481456048059066,6.362912096118133,0,0,1,1,0
1,11.686076931386316,5.627846137227369,0,1,1,1,0
0,13.64744664764324,6.4163829608492495,0,0,1,1,0
0,13.380238389785156,6.459880805107422,0,0,1,1,0
0,14.195597284057737,6.540880543188453,1,0,0,1,0
1,14.39812608930434,5.763373039252188,1,0,1,0,0
1,12.554501217167417,5.116166531425842,1,0,1,1,0
1,12.97171498834926,6.671314004660297,1,1,0,0,0
0,14.14730278003216,6.331535186688107,1,0,1,0,0
0,12.900370225137465,7.033086516575024,1,0,0,1,0
1,13.353800186427511,6.482066604524162,1,1,0,0,0
1,12.099363561680596,5.299787853893532,1,0,1,1,0
0,11.914843835744108,6.952473972624018,0,1,1,0,0
0,13.377012926920573,6.268961219238286,0,0,1,1,0
0,13.287597656267575,6.493798828133788,0,0,1,1,0
1,11.671168833638692,5.657662332722617,0,1,1,1,0
1,11.95340861394824,5.193182772103517,1,1,1,0,0
0,13.40209312156877,6.448953439215615,0,0,1,1,0
1,12.766175870141105,6.911765506478528,1,1,0,0,0
0,13.361730171314369,6.6234603426287375,0,0,0,1,0
0,12.975652058685052,6.841449313771649,1,0,0,1,0
0,13.82491386325415,6.219492298192139,0,0,1,1,0
0,13.74002413529598,6.631995172940804,1,0,0,1,0
1,13.555416205340368,6.437833517863853,1,1,0,0,0
1,11.749344241357864,6.9061680301697335,1,0,0,1,0
0,13.327672405950924,6.555344811901846,0,0,0,1,0
0,11.951848041104446,6.409630391779111,0,1,1,1,0
0,12.204556086344018,6.072663481935884,1,1,0,1,0
0,13.375951500335614,6.651903000671227,0,0,0,1,0
0,14.015598107961386,5.958058764604525,0,0,1,1,0
1,13.141444857543584,5.275606901160551,1,1,1,0,0
1,14.439264425937992,5.689324033311613,1,0,1,0,0
1,12.751264952757202,6.923102570864195,1,1,1,0,0
1,12.393683619152664,7.053158190423668,1,0,0,1,0
1,13.89491909449621,6.30169363516793,1,1,0,0,0
1,12.054638259301989,6.935463825930199,1,0,0,1,0
0,12.513344487740996,5.748901902364494,1,1,0,1,0
1,14.163359104377806,6.490077313133416,1,0,1,0,0
1,12.948128154095908,6.651871845904092,1,1,0,0,0
1,13.285580948402544,6.6,1,1,0,0,0
0,12.968231024005291,6.334115512002645,0,0,1,1,0
1,11.555543598799105,7.044456401200896,1,0,0,1,0
1,11.675908276704238,6.924091723295762,1,0,0,1,0
0,12.277745457170983,5.844425975526277,1,1,0,1,0
1,11.862015583938858,5.262015583938856,1,0,1,1,0
1,12.664961446898888,6.996496144689889,1,0,0,1,0
0,13.232400551484996,6.755866482838335,1,0,0,1,0
1,14.070931853207714,6.3,1,0,0,0,0
0,14.059523209673902,6.4621692455193225,0,0,1,1,0
1,11.981435179378328,6.993811726459442,1,0,0,1,0
0,13.377125135283904,6.268624594148288,0,0,1,1,0
1,14.128802430605065,6.386407291815194,1,0,1,0,0
0,12.144409286410514,6.990734881068419,0,1,1,0,0
0,14.127471482466529,6.554505703506695,1,0,0,1,0
1,11.818543234159431,6.914817904269929,1,0,0,1,0
1,14.120163142355436,6.360489427066308,1,0,1,0,0
1,13.04632149503582,6.6,1,1,0,0,0
1,12.810829067321508,7.056683730713975,1,1,1,0,0
1,11.907385623635903,5.285228752728192,1,1,1,0,0
1,12.270094731314458,5.256329188612924,1,0,1,1,0
0,13.29856800189956,6.767621332066961,1,0,0,1,0
1,11.832668383026256,5.33466323394749,0,1,1,1,0
1,13.905539061874622,6.3,1,0,0,0,0
1,14.132340458789123,6.532340458789125,1,1,0,0,0
1,12.91765987955896,6.709786827254717,1,1,0,0,0
1,11.734310048382312,6.858827941941226,1,0,0,1,0
0,13.048370714952544,6.934419523364971,1,0,0,1,0
0,13.374646526435066,6.5,0,0,1,1,0
1,13.20117914875694,6.532940283747686,1,1,0,0,0
1,11.839378529537456,6.917422316192183,1,0,0,1,0
1,11.85481504546802,5.2548150454680185,1,0,1,1,0
0,14.017441633282614,6.45749351480918,0,0,1,1,0
0,12.2,5.819388288611014,1,1,0,1,0
0,12.98598485765344,6.34299242882672,0,0,1,1,0
0,11.98463985612203,6.964106642687005,0,1,1,0,0
0,13.220460536270725,6.759846487909758,1,0,0,1,0
1,12.34801740225202,6.981002175281502,1,0,0,1,0
1,13.24177522374434,6.6,1,1,0,0,0
0,14.009308396303751,6.11705089094236,0,0,1,1,0
1,12.24570410678809,6.968213013348511,1,0,0,1,0
0,13.427347183786184,6.254694367572366,0,0,1,1,0
1,12.24959599206496,5.25013466931168,1,0,1,1,0
0,13.324481449018046,6.548962898036093,0,0,0,1,0
1,11.839817505720012,5.412793634283632,1,0,1,1,0
0,13.445185395988448,6.4274073020057765,0,0,1,1,0
0,13.268617981042873,6.568617981042873,1,0,0,1,0
0,13.327035891381572,6.554071782763141,0,0,0,1,0
1,12.67732770208044,7.0,1,0,0,1,0
1,11.68604346972792,6.913956530272081,1,0,0,1,0
0,13.392014177169903,6.223957468490285,0,0,1,1,0
1,14.133562045472855,6.400686136418565,1,0,1,0,0
1,12.795096467135757,6.873204710485658,1,1,0,0,0
1,11.832904507371364,6.913290450737136,1,0,0,1,0
0,13.338547086673596,6.577094173347189,0,0,0,1,0
1,12.9,6.8343173350627895,1,1,1,0,0
0,13.423820329521783,6.438089835239109,0,0,1,1,0
0,14.225531801419027,6.383687867612686,1,0,1,0,0
1,14.098532497928828,6.3,1,0,0,0,0
0,13.319878030865166,6.539756061730332,0,0,0,1,0
0,13.053297276637844,6.815567574454052,1,0,0,1,0
0,13.315033582935074,6.492483208532463,0,0,1,1,0
0,13.500867316683658,6.400096368520407,0,0,1,1,0
0,13.106321466358974,6.797892844547009,1,0,0,1,0
1,12.150668812531189,6.945066881253119,1,0,0,1,0
1,12.058341516841894,6.944792689605237,1,0,0,1,0
1,12.933359059464458,6.766602351338855,1,1,0,0,0
1,11.75648153925189,6.962592615700757,0,1,1,0,0
1,12.775271946045802,6.887092080931296,1,1,1,0,0
0,13.359042569999136,6.470478715000432,0,0,1,1,0
1,12.549424530884256,7.0,1,0,0,1,0
0,13.307499732093437,6.496250133953283,0,0,1,1,0
1,12.986475693469774,6.6338107663255625,1,1,0,0,0
0,13.184621575819506,6.484621575819506,1,0,0,1,0
1,11.9,5.42856902866564,0,1,1,1,0
1,12.933380562005476,6.666619437994523,1,1,0,0,0
0,14.14571171257734,6.33047447505156,1,0,1,0,0
1,12.9,6.951433118617669,1,1,1,0,0
0,13.363104997278256,6.724596668481164,1,0,0,1,0
1,11.786290202555424,5.220564696166865,1,0,1,1,0
0,13.482435547376516,6.408782226311743,0,0,1,1,0
0,13.90512112134646,6.052753324560175,0,0,1,1,0
1,13.415081472737391,6.461639509087536,1,1,0,0,0
1,11.945431006510592,5.183840999276601,1,0,1,1,0
0,13.805792672361306,6.230115182021497,0,0,1,1,0
1,12.90602735517609,6.693972644823912,1,1,0,0,0
1,12.585224363607471,7.0,1,0,0,1,0
1,12.883730143370718,6.890674641573205,1,1,0,0,0
1,13.1274967415245,6.6,1,1,0,0,0
1,13.536987286653789,6.42100423778207,1,1,0,0,0
0,12.8407803605067,6.886406546497766,1,0,0,1,0
1,14.193922251704818,6.581766755114453,1,0,1,0,0
0,12.5233785688701,5.984787753640056,1,1,0,1,0
1,13.18019594655958,6.53993468448014,1,1,0,0,0
0,12.736716893094211,6.106695367482407,1,1,0,1,0
1,11.991429940466055,5.114997604184402,1,1,1,0,0
1,14.426665189621769,5.712002658680815,1,0,1,0,0
0,13.441505133666997,6.429247433166502,0,0,1,1,0
1,11.839367779812276,6.732758664225268,1,0,0,1,0
1,12.004680333737348,5.252340166868674,0,1,1,1,0
1,12.646140033738195,7.0,1,0,0,1,0
1,13.835966898265088,6.32134436724497,1,1,0,0,0
1,14.14868302038744,6.2123705633026045,1,0,1,0,0
0,12.634548050961742,5.8,1,1,0,1,0
1,12.758632574637522,6.605755049758348,1,1,1,0,0
0,13.639843394402114,6.5,0,0,1,1,0
1,14.486329732572624,5.604606481369276,1,0,1,0,0
1,14.117781164199936,6.517781164199937,1,1,0,0,0
0,13.302751091148046,6.50550218229609,0,0,0,1,0
1,13.67118842364346,6.391524630542615,1,1,0,0,0
1,14.546555561613747,5.496199989095252,1,0,1,0,0
0,13.290648911323172,6.495324455661586,0,0,1,1,0
1,11.774789490650702,6.909348686331338,1,0,0,1,0
0,13.99179389234845,6.454643765816495,0,0,1,1,0
0,13.27693321453942,6.741022261820193,1,0,0,1,0
0,14.261969191273066,6.4846632434747855,0,0,1,1,0
0,12.208406799509644,5.95796600245178,1,1,0,1,0
0,13.785667978607202,6.155141732622397,0,0,1,1,0
1,14.174468400123832,6.151063199752334,1,0,1,0,0
0,13.391106805647176,6.682213611294352,0,0,0,1,0
0,13.394062998603278,6.452968500698361,0,0,1,1,0
1,13.567226914243625,6.410924361918792,1,1,0,0,0
0,12.943968252958118,6.243968252958118,1,0,0,1,0
0,11.501996655593944,6.507986622375782,0,1,1,0,0
0,12.800025038062492,6.08336254440624,1,1,0,1,0
0,13.383680449170305,6.248958652489088,0,0,1,1,0
1,12.3710736292977,7.0644631853511495,1,0,0,1,0
0,13.821234881900596,6.615753023619881,1,0,0,1,0
0,12.951128235838862,6.999247842774093,1,0,0,1,0
0,13.471188140508666,6.34237628101733,0,0,1,1,0
1,13.162593224184672,6.6,1,1,0,0,0
1,13.378733365222931,6.473755544925688,1,1,0,0,0
0,12.953057430634058,6.848980856455315,1,0,0,1,0
1,11.543078046252637,5.646152442184206,0,1,1,1,0
0,12.239255877066466,5.682232368800604,1,1,0,1,0
1,14.258673949409918,6.014386891062148,1,0,1,0,0
1,13.64367024209573,6.385443252634756,1,1,0,0,0
1,11.863812006588024,5.263812006588024,1,0,1,1,0
1,11.5321843645621,7.0678156354379,1,0,0,1,0
0,13.581520901274937,6.5,0,0,1,1,0
1,11.79483139366424,5.208614343892932,1,0,1,1,0
0,13.417280586221786,6.234561172443571,0,0,1,1,0
0,11.661457188032474,5.93489984188634,0,1,1,1,0
0,12.221148133184895,5.894259334075516,1,1,0,1,0
1,11.83387518481902,5.233875184819021,1,0,1,1,0
0,13.367663024476563,6.63532604895313,0,0,0,1,0
1,14.30070553534069,5.938730036386756,1,0,1,0,0
0,13.478716725722396,6.357433451444791,0,0,1,1,0
0,12.94126635031902,6.852911216560327,1,0,0,1,0
0,13.590226696416414,6.6619546607167175,1,0,0,1,0
0,12.50377423752703,5.8,1,1,0,1,0
1,12.998626194301565,6.601373805698436,1,1,0,0,0
1,12.44937419729528,7.025312901352359,1,0,0,1,0
0,12.299859763217228,5.500420710348316,1,1,0,1,0
1,14.17557754918872,6.526732647566159,1,0,1,0,0
0,14.33044497674206,6.5,0,0,1,1,0
0,13.27520241718573,6.4876012085928645,0,0,1,1,0
1,12.7,5.413165810895293,1,0,1,1,0
0,12.911474070272885,6.211474070272883,1,0,0,1,0
1,11.93954171850156,6.929942714812696,1,0,0,1,0
1,11.642952358748143,5.71409528250371,0,1,1,1,0
0,12.843167648115344,7.071221567923104,1,0,0,1,0
0,11.549560217016952,6.950439782983048,0,1,1,0,0
1,11.72970314512344,6.951881258049377,0,1,1,0,0
0,13.31534317237597,6.4539704828720925,0,0,1,1,0
0,11.530691006183696,6.969308993816305,0,1,1,0,0
1,11.833438653021227,6.993375461208491,0,1,1,0,0
1,12.052213921027048,5.171976230996995,1,0,1,1,0
0,11.563067004766529,6.752268019066113,0,1,1,0,0
1,12.9992527180262,6.600747281973799,1,1,0,0,0
1,11.978833990105644,5.239416995052823,0,1,1,1,0
0,13.029075291269873,6.329075291269874,1,0,0,1,0
1,14.217081832825706,6.089252700913728,1,0,1,0,0
1,12.88800453826063,5.236616082809327,1,1,1,0,0
0,13.04677567730104,6.37338783865052,0,0,1,1,0
0,12.276303282737508,5.642180303574962,1,1,0,1,0
1,12.16876632924069,7.05625544308023,1,0,0,1,0
1,12.914352605372784,6.714196526169621,1,1,0,0,0
1,11.882575331627653,5.2217808354654345,0,1,1,1,0
0,13.360283400408186,6.469858299795908,0,0,1,1,0
1,14.162814132251,6.488442396753,1,0,1,0,0
0,13.40984947449639,6.445075262751805,0,0,1,1,0
0,12.971729862409909,6.335864931204954,0,0,1,1,0
1,14.167469289885428,6.1650614202291445,1,0,1,0,0
1,13.849531528918387,6.320187388432645,1,1,0,0,0
0,11.764504453123685,6.927417408853947,0,1,1,0,0
1,11.656015430450289,6.9439845695497135,1,0,0,1,0
0,13.37581876720237,6.67581876720237,1,0,0,1,0
0,12.244097503522015,5.667707489433954,1,1,0,1,0
0,11.53735321309181,6.649412852367242,0,1,1,0,0
0,13.033709871483548,6.366854935741774,0,0,1,1,0
1,12.878024137593926,6.787903449624297,1,1,1,0,0
0,13.552661869763492,6.669467626047302,1,0,0,1,0
1,13.482495381603616,6.439168206132128,1,1,0,0,0
1,14.5285068523594,5.9408532272232,1,1,0,0,0
1,14.1471767736459,6.215081807437378,1,0,1,0,0
1,12.057502509691863,5.215005019383728,1,1,1,0,0
1,11.9,5.204754980218523,0,1,1,1,0
1,12.02240151865409,6.513118177615091,1,0,0,1,0
0,12.87304009617152,6.168546778866773,1,1,0,1,0
1,11.821747406492118,6.940582468830707,1,0,0,1,0
1,14.171983110535912,6.156033778928174,1,0,1,0,0
0,12.591579280725997,6.969473573091334,1,0,0,1,0
0,14.05000575849211,5.928566492721048,0,0,1,1,0
1,13.956357555184804,6.3,1,0,0,0,0
0,12.964703758754506,6.845098747081831,1,0,0,1,0
0,13.270444991127084,6.570444991127084,1,0,0,1,0
0,13.396457286842653,6.210628139472045,0,0,1,1,0
1,13.92397649718698,6.3,1,0,0,0,0
0,11.780434167148954,6.780434167148954,0,1,1,1,0
0,13.244540783293802,6.472270391646901,0,0,1,1,0
1,11.912962257930612,6.9212962257930615,1,0,0,1,0
0,12.296954389730317,5.509136830809054,1,1,0,1,0
0,12.647370491565738,6.950876502811421,1,0,0,1,0
1,12.06264336137913,5.281321680689565,0,1,1,1,0
1,13.972918957453754,6.372918957453753,1,1,0,0,0
0,12.288129806667152,5.535610579998547,1,1,0,1,0
0,13.498467896185597,6.400766051907202,0,0,1,1,0
1,11.501995706718454,7.0960085865630935,0,1,1,0,0
1,14.18194961855914,6.545848855677422,1,0,1,0,0
0,13.3135525523694,6.7288158158768665,1,0,0,1,0
0,13.47975704172103,6.684048591655794,1,0,0,1,0
1,12.040430821592834,5.180861643185668,1,1,1,0,0
1,14.089698290707522,6.3,1,0,0,0,0
0,13.328783502019638,6.5575670040392735,0,0,0,1,0
0,12.272330765651043,5.638346171744775,1,1,0,1,0
1,12.414774780546718,6.98934684756834,1,0,0,1,0
1,13.46235618023673,6.445881273254423,1,1,0,0,0
1,11.9,5.267742190016259,0,1,1,1,0
1,12.528701765072098,7.0,1,0,0,1,0
0,13.813394819902117,6.225891766721048,0,0,1,1,0
1,12.039317551607036,5.178635103214073,1,1,1,0,0
1,14.136579010697124,6.23415778074518,1,0,1,0,0
1,14.026964263505969,6.3,1,0,0,0,0
1,14.11914729836428,6.265534862944296,1,0,1,0,0
0,13.420433166071524,6.695913366785695,1,0,0,1,0
0,11.685989422109069,6.685989422109069,0,1,1,1,0
1,12.145941556970165,6.955742694621271,1,0,0,1,0
0,13.35196606965312,6.344101791040643,0,0,1,1,0
0,12.439045660601248,5.66221993736812,1,1,0,1,0
1,13.306696970889218,6.497767676370261,1,1,0,0,0
0,14.345132433803032,6.463421622535354,1,0,1,0,0
1,12.7,5.39506146671274,1,0,1,1,0
1,11.910518569586673,5.236839523195558,1,0,1,1,0
1,14.48707088543194,5.603272406222511,1,0,1,0,0
0,14.208428516510454,6.372285677673635,1,0,1,0,0
0,14.356349656014396,6.4951499617793775,0,0,1,1,0
1,11.526598012890036,5.668082384531957,1,1,1,0,0
0,11.845281388697526,6.940880231449588,0,1,1,0,0
1,12.552400199097429,5.14919993363419,1,0,1,1,0
0,13.210123393492143,6.455061696746071,0,0,1,1,0
0,13.342412558809938,6.584825117619875,0,0,0,1,0
1,11.89390671149804,5.29390671149804,1,0,1,1,0
0,12.2,5.860976453615864,1,1,0,1,0
1,14.267197815695082,5.965604368609835,1,0,1,0,0
1,12.579640711907766,5.11337325423247,1,0,1,1,0
0,13.301745890822517,6.49476232753245,0,0,1,1,0
1,11.891856384766038,5.210179519042454,0,1,1,1,0
0,14.11994581264251,5.868617874877849,0,0,1,1,0
0,13.69685579670072,6.2906356684996005,0,0,1,1,0
1,14.017633200740606,6.417633200740607,1,1,0,0,0
0,11.526914200900965,6.526914200900963,0,1,1,1,0
1,14.163574213787673,6.563574213787673,1,1,0,0,0
1,11.660924018497786,5.693382967628873,1,1,1,0,0
1,12.900470198098974,6.699529801901027,1,1,0,0,0
0,14.181727526686029,6.354485017790685,1,0,1,0,0
0,13.221316381911825,6.460658190955912,0,0,1,1,0
1,13.212974084976736,6.529008638341088,1,1,0,0,0
1,12.220486956950587,5.25983768101647,1,0,1,1,0
0,12.76463265957,6.911789113476667,1,0,0,1,0
0,11.95679931536787,6.959466552561312,0,1,1,0,0
0,13.370360741046117,6.288917776861654,0,0,1,1,0
0,13.525742996325985,6.377934574577727,0,0,1,1,0
1,12.546628524752457,6.984662852475246,1,0,0,1,0
0,12.24927374744197,5.652178757674089,1,1,0,1,0
1,12.226151759656608,6.952615175965661,1,0,0,1,0
1,12.868636533115778,6.747045200326333,1,1,1,0,0
0,12.528641236373469,6.990452921208844,1,0,0,1,0
0,13.56416649097972,6.345000150588812,0,0,1,1,0
1,13.838215655771233,6.324713737691508,1,1,0,0,0
1,11.862842089831638,5.246447387710453,0,1,1,1,0
1,11.92370107814629,6.927962634768287,1,0,0,1,0
0,13.717360913047704,6.5,0,0,1,1,0
1,12.926885996024666,6.673114003975335,1,1,0,0,0
0,14.2346863654016,6.389790910267732,1,0,1,0,0
0,13.212420667707818,6.5124206677078185,1,0,0,1,0
1,13.4468319076986,6.48126723692056,1,1,0,0,0
1,14.023867078509898,6.229218812280059,1,1,0,0,0
0,12.343029333656382,5.532272000242286,1,1,0,1,0
1,11.621889003393887,6.978110996606111,1,0,0,1,0
1,11.828954556021296,6.91289545560213,1,0,0,1,0
0,14.378389707598286,6.4855931383988565,1,0,1,0,0
0,12.503753921445432,5.6528154410840745,1,1,0,1,0
1,11.517770287170675,7.064459425658648,0,1,1,0,0
1,11.760522004183082,5.259216993725378,1,0,1,1,0
0,12.2,5.902849671184281,1,1,0,1,0
0,11.558734746155814,6.941265253844185,0,1,1,0,0
0,11.65396642801742,5.961117501939028,0,1,1,1,0
0,13.504348152593192,6.396273012062978,0,0,1,1,0
1,11.917861144191743,6.927232643023968,1,0,0,1,0
1,13.908756608307897,6.3,1,0,0,0,0
1,12.233975987385048,5.269463277314528,1,0,1,1,0
0,11.746972019266307,6.746972019266306,0,1,1,1,0
0,12.035945942461357,6.972657657076893,0,1,1,0,0
1,13.936687060793735,6.3,1,0,0,0,0
1,12.7,5.468698641445524,1,0,1,1,0
1,12.9,7.031136198397761,1,1,1,0,0
1,11.56195184513026,6.976096309739476,0,1,1,0,0
1,14.217104769585422,6.118797274522616,1,1,0,0,0
0,11.560913003081016,6.28680448921644,0,1,1,1,0
0,12.886915787370508,6.8710280708764975,1,0,0,1,0
1,11.935082316174702,5.378151885027381,1,0,1,1,0
0,12.700223391520492,6.933258869493169,1,0,0,1,0
1,13.74157285059382,6.363370859762472,1,1,0,0,0
0,13.367806140365374,6.296581578903878,0,0,1,1,0
1,12.16568379771912,5.23357905057022,1,0,1,1,0
1,11.9,5.989836339412226,0,1,1,1,0
1,14.18600170700111,6.558005121003331,1,0,1,0,0
1,11.52669134393627,7.07330865606373,1,0,0,1,0
0,13.399232465401344,6.6984649308026905,0,0,0,1,0
0,13.371777313445817,6.284668059662558,0,0,1,1,0
1,12.412668685918028,6.9890835857397535,1,0,0,1,0
1,14.144252404178982,6.211495191642037,1,0,1,0,0
1,11.9,5.239068696544251,0,1,1,1,0
0,13.311036786868923,6.466889639393232,0,0,1,1,0
1,14.443963404489208,5.680865871919428,1,0,1,0,0
0,13.37035823195314,6.709880589348954,1,0,0,1,0
1,14.040390755465715,6.3,1,0,0,0,0
1,12.698747657664876,7.0,1,0,0,1,0
0,13.319565642784344,6.539131285568685,0,0,0,1,0
1,13.913882953154577,6.313882953154574,1,1,0,0,0
1,11.97211543033835,5.148797996907888,1,1,1,0,0
0,13.344073913769714,6.477963043115143,0,0,1,1,0
1,11.68330592127672,5.480032894467937,1,1,1,0,0
0,13.487567930985705,6.406216034507148,0,0,1,1,0
0,13.647520411984493,6.27355393258472,0,0,1,1,0
0,12.606457028774368,5.729842771580777,1,1,0,1,0
0,11.658949132761723,5.94367803533397,0,1,1,1,0
0,13.382337386682476,6.252987839952572,0,0,1,1,0
0,12.236205764091016,5.818971179544921,1,1,0,1,0
1,13.967598100015554,6.3,1,0,0,0,0
0,13.466267532496104,6.416866233751949,0,0,1,1,0
0,13.432642664164344,6.26528532832869,0,0,1,1,0
0,13.58548433555626,6.326727712380348,0,0,1,1,0
0,13.431851642834474,6.5,0,0,1,1,0
0,13.225068624848229,6.8166209167678495,1,0,0,1,0
0,11.576929944262409,6.807719777049628,0,1,1,0,0
0,13.088496207187736,6.388496207187734,1,0,0,1,0
1,13.242863525174569,6.6,1,1,0,0,0
1,12.643501790483196,7.0,1,0,0,1,0
1,11.56651802680808,6.966963946383839,0,1,1,0,0
1,12.842868873122177,6.785696690316734,1,1,1,0,0
1,11.605528755031902,5.790324678694173,1,1,1,0,0
0,13.466355239316345,6.416822380341829,0,0,1,1,0
1,11.570181462591131,6.959637074817733,0,1,1,0,0
1,11.886984173948589,6.675618991261694,1,0,0,1,0
1,11.596026715532204,5.5799666055847466,0,1,1,1,0
1,12.7,5.242816984058277,1,0,1,1,0
0,13.888033246485213,6.6023933507029575,1,0,0,1,0
1,12.94419456945568,6.655805430544321,1,1,0,0,0
1,14.179820151445048,6.140359697109904,1,0,1,0,0
0,12.879355364796984,7.047096423468678,1,0,0,1,0
0,13.321714168829288,6.543428337658571,0,0,0,1,0
1,14.1866210714729,6.559863214418706,1,0,1,0,0
1,11.848074183705531,5.2480741837055325,1,0,1,1,0
0,11.589844411404936,6.910155588595065,0,1,1,0,0
1,11.86446427740024,6.916446427740024,1,0,0,1,0
0,11.924764364744092,6.4150471270511815,0,1,1,1,0
0,12.417036206193377,5.8,1,1,0,1,0
1,12.391100862345253,6.986387607793156,1,0,0,1,0
1,11.937114661619932,5.210049342165121,1,1,1,0,0
0,13.363841492570325,6.663841492570325,1,0,0,1,0
1,12.3090890300229,5.143434552219678,1,0,1,1,0
0,12.91904470756987,6.21904470756987,1,0,0,1,0
0,12.922551675326297,7.018298883115804,1,0,0,1,0
0,12.2,6.020023133027803,1,1,0,1,0
1,12.654227778351986,5.115257407216004,1,0,1,1,0
1,14.097073303955876,6.497073303955876,1,1,0,0,0
0,12.674404944752252,5.8,1,1,0,1,0
0,13.373115476468785,6.463442261765609,0,0,1,1,0
1,12.934503296646506,6.665496703353494,1,1,0,0,0
1,12.545731249374258,5.151422916875246,1,0,1,1,0
0,14.337967931060712,6.458645287373807,1,0,1,0,0
0,11.8006393508448,6.725479513133599,0,1,1,1,0
1,13.998092063201849,6.3,1,0,0,0,0
0,13.360115495309024,6.620230990618047,0,0,0,1,0
1,11.86095107655443,5.220317025518144,1,0,1,1,0
1,13.996057763958108,6.3,1,0,0,0,0
0,13.47996445025069,6.410017774874655,0,0,1,1,0
0,11.674925691343216,6.674925691343218,0,1,1,1,0
1,13.87024335860059,6.30991888046647,1,1,0,0,0
0,13.340569417045428,6.640569417045429,1,0,0,1,0
1,12.511583180611511,5.147104204847121,1,0,1,1,0
1,13.004778769201378,5.254581349107904,1,1,1,0,0
0,13.36960918636182,6.639218372723636,0,0,0,1,0
0,13.30350059402756,6.498249702986221,0,0,1,1,0
1,11.95720354056606,5.228601770283031,0,1,1,1,0
0,12.662450375345884,6.945849874884705,1,0,0,1,0
0,14.239610261345565,6.482178917927285,0,0,1,1,0
1,11.9,5.258573136391941,0,1,1,1,0
1,12.908212441888136,6.691787558111865,1,1,0,0,0
0,12.930406720243628,6.315203360121814,0,0,1,1,0
0,13.379089183016248,6.713940544655835,1,0,0,1,0
1,13.545359270330064,6.418213576556646,1,1,0,0,0
1,14.112433097537842,6.337299292613529,1,0,1,0,0
1,11.898200632064912,5.203598735870178,0,1,1,1,0
0,13.408812484830298,6.217624969660597,0,0,1,1,0
1,14.142038254162776,6.426114762488328,1,0,1,0,0
1,12.827412861388506,6.990348554445979,1,1,1,0,0
1,14.295569329149007,5.908861341701987,1,0,1,0,0
1,12.05790673521454,6.944738341901817,1,0,0,1,0
1,12.415629206602103,7.042185396698948,1,0,0,1,0
1,14.20098468336273,6.09803063327454,1,0,1,0,0
1,14.032799873199322,6.3,1,0,0,0,0
1,13.193348349105424,6.535550550298192,1,1,0,0,0
1,14.096437980683111,6.3,1,0,0,0,0
0,12.343091355991216,5.550273248656416,1,1,0,1,0
1,11.82894954853824,6.991579819415296,0,1,1,0,0
1,12.08565233967816,7.028550779892719,1,0,0,1,0
0,11.51457488925321,6.497085022149358,0,1,1,1,0
1,12.190628414597102,6.311245902483478,1,0,0,1,0
0,11.979613037583425,6.963268839597237,0,1,1,0,0
0,13.322114923300914,6.751923384466058,1,0,0,1,0
0,11.834414635402393,6.834414635402391,0,1,1,1,0
1,13.768743950608448,6.34375201646385,1,1,0,0,0
1,12.435697528497249,5.129366941278083,1,0,1,1,0
0,13.363261837663304,6.4683690811683485,0,0,1,1,0
0,14.326765668388187,6.491862852043132,0,0,1,1,0
1,12.7,5.352397052002604,1,0,1,1,0
0,13.260620938211044,6.792919374525971,1,0,0,1,0
0,13.358201665894164,6.470899167052918,0,0,1,1,0
0,12.792970355314257,6.902343214895248,1,0,0,1,0
1,11.50344013090336,7.093119738193281,0,1,1,0,0
1,14.245180531105351,6.009638937789299,1,0,1,0,0
1,12.124622100806953,5.1639308776881165,1,0,1,1,0
1,13.251310190405931,6.6,1,1,0,0,0
1,11.553631773077408,6.992736453845184,0,1,1,0,0
0,13.44684158252694,6.293683165053882,0,0,1,1,0
0,14.174615437303071,6.5,0,0,1,1,0
1,13.465508891907142,6.444830369364286,1,1,0,0,0
1,14.039179736132406,6.439179736132405,1,1,0,0,0
1,12.171243236179937,6.334508116584074,1,0,0,1,0
0,13.308737100193172,6.517474200386343,0,0,0,1,0
1,11.830561080128678,5.210187026709559,1,0,1,1,0
0,12.91511067093287,6.86162977635571,1,0,0,1,0
0,12.061610872353258,7.061610872353259,0,1,1,1,0
1,12.651084643928971,5.117787402207645,1,0,1,1,0
1,12.297860146138044,5.144682205984662,1,0,1,1,0
1,12.926299254767208,6.698267660310388,1,1,0,0,0
0,13.487043581095062,6.4064782094524695,0,0,1,1,0
0,13.47484289796439,6.4125785510178055,0,0,1,1,0
1,12.7,5.343085131537345,1,0,1,1,0
0,12.908813103578703,6.304406551789351,0,0,1,1,0
1,12.577945734991207,5.130513566252197,1,0,1,1,0
1,14.56981596188078,5.917248021782412,1,1,0,0,0
1,11.976602175124226,5.238301087562113,0,1,1,1,0
1,12.945530803309758,6.672625595586988,1,1,0,0,0
0,13.34682703290246,6.476586483548771,0,0,1,1,0
1,12.442110030663509,5.128654441037388,1,0,1,1,0
0,11.657179574584973,5.949871488952598,0,1,1,1,0
1,11.531970274583513,7.0360594508329735,0,1,1,0,0
0,13.031399022743914,6.822866992418696,1,0,0,1,0
1,14.515063406584492,5.552885868147913,1,0,1,0,0
0,13.30223894089288,6.504477881785756,0,0,0,1,0
1,13.943635515040242,6.3,1,0,0,0,0
1,14.286555041530075,5.926889916939852,1,0,1,0,0
1,13.062729318890772,6.6,1,1,0,0,0
0,14.037567428081696,6.5,0,0,1,1,0
0,13.139171839353027,6.419585919676514,0,0,1,1,0
0,12.287301837668188,5.576188973990878,1,1,0,1,0
1,11.98364712786086,5.13270574427828,1,1,1,0,0
1,11.9,5.230839045600138,0,1,1,1,0
1,13.979985267396524,6.3,1,0,0,0,0
1,12.63240807990172,5.12253064003276,1,0,1,1,0
1,11.95646449057355,5.285883877356612,1,0,1,1,0
0,13.268787552957752,6.484393776478876,0,0,1,1,0
0,12.109805063206108,6.984967510534351,0,1,1,0,0
0,11.50730318012392,6.529212720495679,0,1,1,0,0
0,14.207909210148603,6.5,0,0,1,1,0
0,13.36653822319327,6.300385330420189,0,0,1,1,0
0,13.385974789566154,6.242075631301539,0,0,1,1,0
1,13.45636931497197,6.447876895009343,1,1,0,0,0
1,12.048071296916468,6.482314443700239,1,0,0,1,0
1,12.958936706983998,6.641063293016002,1,1,0,0,0
0,13.936294746657271,6.026033074293768,0,0,1,1,0
0,13.363613625371103,6.627227250742205,0,0,0,1,0
0,14.20360017332834,6.478177797036483,0,0,1,1,0
1,14.137672741478998,6.4130182244369935,1,0,1,0,0
0,13.451478174605167,6.3029563492103335,0,0,1,1,0
1,14.120348973741374,6.361046921224121,1,0,1,0,0
0,12.416133501756756,5.8,1,1,0,1,0
1,14.1584588798556,6.183082240288798,1,0,1,0,0
0,12.836565189057712,7.075623207294859,1,0,0,1,0
0,12.801357375866203,6.899547541377932,1,0,0,1,0
1,14.131096697578316,6.393290092734943,1,0,1,0,0
0,13.1249199976257,6.41245999881285,0,0,1,1,0
1,11.621319261732015,5.554416885921582,1,1,1,0,0
0,13.469433645546976,6.3388672910939485,0,0,1,1,0
1,14.19788489522654,6.123807188592227,1,0,1,0,0
1,12.000088336126996,7.000029445375665,1,0,0,1,0
1,13.915570620629868,6.3,1,0,0,0,0
1,11.891806705851428,5.291806705851427,1,0,1,1,0
0,13.427241908611618,6.5,0,0,1,1,0
0,13.358902753712472,6.323291738862585,0,0,1,1,0
1,12.2348180748131,5.151686880576322,1,0,1,1,0
0,12.20479018385572,5.785629448432842,1,1,0,1,0
1,12.995804363932232,6.661678254427107,1,1,0,0,0
0,14.392718352362134,6.5,0,0,1,1,0
1,12.562877023962551,6.986287702396256,1,0,0,1,0
1,11.728336944489389,6.90283369444894,1,0,0,1,0
0,13.85412557585204,6.609174884829592,1,0,0,1,0
1,11.510170502764526,7.079658994470948,0,1,1,0,0
1,11.515652466835888,7.068695066328226,0,1,1,0,0
1,13.271648430013617,6.509450523328795,1,1,0,0,0
0,12.288715003550092,5.533854989349724,1,1,0,1,0
0,12.90632515468402,6.30316257734201,0,0,1,1,0
1,14.148623005817685,6.202753988364629,1,0,1,0,0
0,13.318663815824763,6.727112061391745,1,0,0,1,0
1,12.193054455772645,5.156327282691929,1,0,1,1,0
0,13.179614308634791,6.846923794243472,1,0,0,1,0
1,12.696328362405556,5.100917909398611,1,0,1,1,0
1,14.36649914094583,5.820301546297506,1,0,1,0,0
1,13.53145373518767,6.422848754937443,1,1,0,0,0
1,12.354048500772867,7.0729757496135655,1,0,0,1,0
1,12.256275882483614,6.969534485310452,1,0,0,1,0
1,11.960906588146774,6.932613323518347,1,0,0,1,0
0,13.12054104601969,6.886305969320206,1,0,0,1,0
1,12.7,5.214941603487879,1,0,1,1,0
1,12.984032961266331,6.615967038733668,1,1,0,0,0
0,13.50944332710327,6.678111334579347,1,0,0,1,0
0,13.978019612386602,6.5,0,0,1,1,0
1,14.164759047678784,6.170481904642432,1,0,1,0,0
1,12.9,6.8545842976595175,1,1,1,0,0
0,13.262556905105711,6.481278452552856,0,0,1,1,0
1,12.087294305336265,6.948411788167033,1,0,0,1,0
0,14.031040010877089,5.944822847819638,0,0,1,1,0
0,13.81545261394306,6.1296120451916645,0,0,1,1,0
0,12.2,5.883390196214738,1,1,0,1,0
1,13.3240084124198,6.491997195860066,1,1,0,0,0
1,12.13064207622397,7.043547358741323,1,0,0,1,0
1,12.34911891262337,5.138986787486292,1,0,1,1,0
1,11.724497848111415,6.870602582266299,1,0,0,1,0
1,12.993004866364153,6.606995133635847,1,1,0,0,0
0,13.353887526118973,6.473056236940514,0,0,1,1,0
0,12.274524481610731,5.652853110335599,1,1,0,1,0
1,12.834089827321744,7.014775431695641,1,1,0,0,0
0,12.900673664194402,6.866442111935199,1,0,0,1,0
1,12.7,5.3652693650454495,1,0,1,1,0
0,12.23977556221727,5.80112218891365,1,1,0,1,0
1,12.965889954926949,6.634110045073051,1,1,0,0,0
0,14.111292895852788,6.060392835637341,0,0,1,1,0
1,13.975558358072435,6.3,1,0,0,0,0
1,13.003031740697612,6.6,1,1,0,0,0
0,14.335016955870712,6.456677970580475,1,0,1,0,0
0,14.343980876041188,6.493775652893465,0,0,1,1,0
1,12.0160204543417,5.102464685283338,1,1,1,0,0
1,12.951667488194351,6.648332511805647,1,1,0,0,0
1,12.901562378853344,6.698437621146655,1,1,0,0,0
0,13.753880619414817,6.428208957712758,0,0,1,1,0
0,12.553459787039612,5.8,1,1,0,1,0
0,12.2562580091901,5.631225972429702,1,1,0,1,0
0,14.050677000035297,6.094068333313725,0,0,1,1,0
0,13.428424497855636,6.435787751072183,0,0,1,1,0
1,12.128299293263485,5.242925176684129,1,0,1,1,0
0,11.553993133389532,6.5539931333895325,0,1,1,1,0
1,12.546828108958373,5.155698869469682,1,0,1,1,0
1,14.005831337328654,6.3,1,0,0,0,0
0,14.325770316691976,6.450513544461318,1,0,1,0,0
1,12.531779502486923,7.0,1,0,0,1,0
1,12.508161270414409,5.1639462431951975,1,0,1,1,0
0,13.311158533097093,6.6111585330970914,1,0,0,1,0
1,12.076572260354686,5.253144520709373,1,1,1,0,0
0,13.38019564947307,6.66039129894614,0,0,0,1,0
1,12.661764815418,7.0,1,0,0,1,0
0,11.526284279572373,6.973715720427627,0,1,1,0,0
0,12.513050022101371,5.748558359118265,1,1,0,1,0
1,11.62927397132427,5.484543381126216,1,0,1,1,0
0,12.071583765377538,6.97859729422959,0,1,1,0,0
1,14.227972360676016,6.044055278647972,1,0,1,0,0
0,13.472310040497725,6.344620080995446,0,0,1,1,0
1,14.173870404027078,6.167033272751259,1,0,1,0,0
1,12.986978163684736,6.613021836315261,1,1,0,0,0
0,11.59563147580094,6.904368524199059,0,1,1,0,0
0,11.639844914906169,6.010542797828411,0,1,1,1,0
1,12.118714104718643,7.039571368239549,1,0,0,1,0
1,13.979991595912724,6.379991595912723,1,1,0,0,0
0,12.528326931639905,6.990557689453365,1,0,0,1,0
1,14.15635045258218,6.187299094835638,1,0,1,0,0
1,11.605399918875436,5.790550141967987,1,1,1,0,0
0,14.121311348243784,6.314207565495854,1,0,1,0,0
1,11.526924509592476,7.046150980815047,0,1,1,0,0
1,13.957764930115966,6.3,1,0,0,0,0
1,13.986632433732908,6.3,1,0,0,0,0
0,11.954194453320062,6.954194453320063,0,1,1,1,0
1,11.88941359317267,6.672703688192796,1,0,0,1,0
1,12.483153439435457,7.008423280282273,1,0,0,1,0
1,12.9,7.073309400183095,1,1,1,0,0
1,13.092855734448635,6.6,1,1,0,0,0
0,13.353284385357863,6.340146843926408,0,0,1,1,0
1,14.220511836520702,6.116850379131027,1,1,0,0,0
0,13.36743386745074,6.634867734901481,0,0,0,1,0
0,12.905873063709796,6.864708978763401,1,0,0,1,0
0,13.162437378577662,6.779187540474113,1,0,0,1,0
1,13.006892407476125,6.597702530841292,1,1,0,0,0
1,11.779647654020607,5.230528518969087,1,0,1,1,0
0,11.537191916002278,6.9628080839977216,0,1,1,0,0
0,12.2,5.915506433317055,1,1,0,1,0
1,12.974827914395217,6.625172085604782,1,1,0,0,0
0,11.597950638461112,6.891802553844448,0,1,1,0,0
1,11.9069754781085,5.286049043782998,1,1,1,0,0
0,14.082895848703432,5.900374986825629,0,0,1,1,0
0,13.363513843111717,6.724324104592191,1,0,0,1,0
0,11.66535212668458,6.665352126684582,0,1,1,1,0
0,12.03276348356186,6.97212724726031,0,1,1,0,0
1,14.072436410575923,6.3,1,0,0,0,0
1,12.093249925565232,5.296624962782616,0,1,1,1,0
1,12.116845880787618,6.399784943054857,1,0,0,1,0
1,11.821615399126076,6.754061521048708,1,0,0,1,0
1,13.132018941526209,6.555993686157931,1,1,0,0,0
0,13.28792874664608,6.774714168902614,1,0,0,1,0
0,14.249696092475071,6.483299565830563,0,0,1,1,0
1,12.998983140893344,6.6010168591066565,1,1,0,0,0
1,11.55494124558778,5.634070505294664,1,1,1,0,0
0,12.854768643191054,7.063487571205964,1,0,0,1,0
1,14.047858413728754,6.3,1,0,0,0,0
1,13.12983896005369,6.6,1,1,0,0,0
1,13.993615534684803,6.3,1,0,0,0,0
0,12.882402802946883,6.189944458826791,1,1,0,1,0
0,14.010373291807689,6.456708143534188,0,0,1,1,0
1,13.987668056471083,6.387668056471082,1,1,0,0,0
1,11.711842643170865,6.901480330396359,1,0,0,1,0
1,12.154485439110744,6.354617473067105,1,0,0,1,0
1,11.846278919844917,5.246278919844917,1,0,1,1,0
1,14.11649067961803,6.349472038854093,1,0,1,0,0
0,13.92914429468645,6.161586502951972,0,0,1,1,0
1,11.89280953808776,5.292809538087758,1,0,1,1,0
0,11.849296143708996,6.8492961437089965,0,1,1,1,0
0,14.2288144187118,6.53423711625764,1,0,0,1,0
1,12.633645017704184,5.124129084471205,1,0,1,1,0
1,11.9,5.216621549452341,0,1,1,1,0
1,14.167200769940278,6.5016023098208375,1,0,1,0,0
0,13.373139314718914,6.2805820558432615,0,0,1,1,0
1,14.505325135131743,5.570414756762858,1,0,1,0,0
0,13.4930666128463,6.403466693576851,0,0,1,1,0
1,12.360024891301675,5.223627312253935,1,0,1,1,0
0,13.448752877286102,6.690249424542779,1,0,0,1,0
1,13.82561044438916,6.324796518536946,1,1,0,0,0
1,11.799494125300454,5.401011749399093,0,1,1,1,0
1,11.894592191958449,5.20675976005194,0,1,1,1,0
0,13.398211424080763,6.696422848161526,0,0,0,1,0
1,12.853657159424536,6.795123787433951,1,1,0,0,0
0,11.513427991908964,6.513427991908964,0,1,1,1,0
1,14.569921073530212,5.917187957982736,1,1,0,0,0
1,13.932726578525838,6.3,1,0,0,0,0
0,13.55395630212363,6.669208739575274,1,0,0,1,0
0,11.587282306049612,6.587282306049613,0,1,1,1,0
1,12.903409338578074,6.696590661421927,1,1,0,0,0
0,11.59573690863315,6.882947634532601,0,1,1,0,0
1,11.94267593377464,5.214648132450718,1,1,1,0,0
1,14.457300294174216,5.656859470486411,1,0,1,0,0
1,11.588358525786743,6.92328294842651,0,1,1,0,0
1,12.155770430057936,6.945577043005794,1,0,0,1,0
1,13.16823401423585,6.543921995254716,1,1,0,0,0
0,13.730870501751768,6.425652277972419,0,0,1,1,0
0,11.66317670648946,5.928881527286885,0,1,1,1,0
1,13.126164138329669,5.273256021281487,1,1,1,0,0
0,14.25412594874391,6.40275063249594,1,0,1,0,0
0,13.464933606073709,6.329867212147418,0,0,1,1,0
1,12.920810837899705,6.679189162100297,1,1,0,0,0
0,13.639691794610746,6.415521310512306,0,0,1,1,0
1,12.511239990932602,7.0,1,0,0,1,0
0,14.070186392971962,6.5,0,0,1,1,0
0,12.484254384867263,5.8,1,1,0,1,0
1,12.473588582017255,7.013205708991372,1,0,0,1,0
1,12.528899984820256,5.119011112797749,1,0,1,1,0
0,13.372789960586394,6.281630118240822,0,0,1,1,0
1,12.89680034779073,6.712798608837079,1,1,1,0,0
1,11.550434075368614,6.999131849262774,0,1,1,0,0
1,11.946529014203882,6.924652901420389,1,0,0,1,0
1,11.8416199490216,5.316760101956798,0,1,1,1,0
0,13.324181688972985,6.548363377945966,0,0,0,1,0
1,12.7,5.479828873406074,1,0,1,1,0
0,12.883957758747709,6.872014080417431,1,0,0,1,0
0,12.707370331174827,6.930876556275057,1,0,0,1,0
0,14.352372372040955,6.5,0,0,1,1,0
0,13.790747304387228,6.5,0,0,1,1,0
1,12.10836440627514,6.951045550784393,1,0,0,1,0
0,13.303932116204194,6.507864232408388,0,0,0,1,0
1,12.065248119798172,5.230496239596344,1,1,1,0,0
0,12.280645224092504,5.596773879537485,1,1,0,1,0
0,14.111141781705111,6.060476787941605,0,0,1,1,0
0,13.34362255771332,6.587245115426637,0,0,0,1,0
0,12.295518220366088,5.51344533890174,1,1,0,1,0
0,13.9015408305947,6.444615647843856,0,0,1,1,0
1,11.590900484600065,5.586374394249919,0,1,1,1,0
1,11.872562811093058,5.234296486133678,0,1,1,1,0
0,13.110143841011393,6.89323743932574,1,0,0,1,0
1,12.072707876963335,5.286353938481668,0,1,1,1,0
0,12.488350275365637,5.719741987926574,1,1,0,1,0
0,11.509649996569726,6.990350003430275,0,1,1,0,0
0,12.2,6.011714105597793,1,1,0,1,0
1,11.706695734330925,6.902231911443643,1,0,0,1,0
1,14.14746240182029,6.205075196359419,1,0,1,0,0
1,11.9,5.321554423925953,0,1,1,1,0
0,14.145667190970595,5.846570979168061,0,0,1,1,0
1,14.563822889103626,5.465118799613471,1,0,1,0,0
1,14.078184609662133,6.3,1,0,0,0,0
0,13.33284593931464,6.5656918786292815,0,0,0,1,0
1,11.670353507383007,6.929646492616991,1,0,0,1,0
1,14.263776818269408,5.972446363461186,1,0,1,0,0
0,13.987581220561486,6.582483755887703,1,0,0,1,0
0,13.340168607056578,6.580337214113154,0,0,0,1,0
0,13.312545578906146,6.493727210546927,0,0,1,1,0
0,11.571705649189978,6.786822596759916,0,1,1,0,0
1,12.721502959488475,6.967745560767286,1,1,1,0,0
0,13.244233205173762,6.472116602586881,0,0,1,1,0
0,12.03810268891487,7.03810268891487,0,1,1,1,0
0,12.946880881798752,6.323440440899376,0,0,1,1,0
0,13.329247349549869,6.629247349549868,1,0,0,1,0
0,12.041260772942142,6.973543462157024,0,1,1,0,0
0,14.356846653016015,6.495205183668446,0,0,1,1,0
0,13.408848879071629,6.217697758143253,0,0,1,1,0
0,13.730026286486458,6.202834611583036,0,0,1,1,0
1,12.192045810778048,6.961505726347256,1,0,0,1,0
0,14.31967725382352,6.446451502549014,1,0,1,0,0
0,13.950190809520077,6.149893994711069,0,0,1,1,0
1,13.922399126560538,6.3,1,0,0,0,0
0,13.131654160721997,6.431654160721994,1,0,0,1,0
1,12.127793653565368,6.386647615721558,1,0,0,1,0
1,11.911360161361577,6.646367806366108,1,0,0,1,0
0,14.182347411869673,6.354898274579782,1,0,1,0,0
0,13.43357112171704,6.433214439141481,0,0,1,1,0
1,14.008950778600973,6.3,1,0,0,0,0
1,12.68919645349746,7.0,1,0,0,1,0
1,12.13316047178834,7.044386823929447,1,0,0,1,0
0,13.330745686179396,6.561491372358793,0,0,0,1,0
1,13.942514776721575,6.3,1,0,0,0,0
0,11.869771753057302,6.944961958842884,0,1,1,0,0
1,11.9,5.683541134681282,0,1,1,1,0
0,14.399602519361698,6.5,0,0,1,1,0
1,14.16323128900854,6.173537421982917,1,0,1,0,0
1,14.116985677060512,6.266028645878975,1,0,1,0,0
0,11.651567863399528,5.969512478101649,0,1,1,1,0
1,14.197878099617714,6.593634298853145,1,0,1,0,0
0,11.978426982385136,6.963071163730856,0,1,1,0,0
0,12.353028246367325,5.8,1,1,0,1,0
1,14.119337477274389,6.35801243182316,1,0,1,0,0
0,13.028172765951592,6.9478848226989385,1,0,0,1,0
0,13.020195674736271,6.826601441754576,1,0,0,1,0
1,12.854171959705768,6.883312161176932,1,1,1,0,0
1,12.997142038193306,6.6038106157422565,1,1,0,0,0
0,11.730096635387174,6.453980672922565,0,1,1,1,0
1,14.517649877424846,5.5482302206352765,1,0,1,0,0
0,13.483613469031528,6.683277306193695,1,0,0,1,0
0,13.333896296734316,6.567792593468633,0,0,0,1,0
1,14.2523203138502,5.9953593722996,1,0,1,0,0
0,12.376834239794883,5.589639946427364,1,1,0,1,0
1,11.843956624658516,5.28725205040978,1,1,1,0,0
0,13.49398090488152,6.387961809763042,0,0,1,1,0
1,11.506968018321611,7.086063963356772,0,1,1,0,0
0,12.551517859675936,6.982827380108021,1,0,0,1,0
0,12.892298736081283,6.869233754639572,1,0,0,1,0
1,12.223146374628918,6.952314637462892,1,0,0,1,0
0,14.160114890190354,5.834187236979695,0,0,1,1,0
0,14.38894554378169,6.492630362521127,1,0,1,0,0
1,12.06290181312339,7.02096727104113,1,0,0,1,0
0,13.364075399707612,6.628150799415225,0,0,0,1,0
0,11.65100611801185,5.971478586958527,0,1,1,1,0
1,11.60575024247414,5.789937075670257,1,1,1,0,0
0,14.33443789383158,6.456291929221052,1,0,1,0,0
1,12.828929957175305,7.027675107061746,1,1,0,0,0
1,11.714716334007392,6.90147163340074,1,0,0,1,0
0,12.731476628910231,6.92284112369659,1,0,0,1,0
0,11.789882209714897,6.931647034952483,0,1,1,0,0
0,13.766885151637489,6.626622969672503,1,0,0,1,0
1,14.08250619625444,6.3,1,0,0,0,0
0,13.462620583980824,6.5,0,0,1,1,0
1,13.995398611515332,6.3,1,0,0,0,0
1,14.07494851343012,6.47494851343012,1,1,0,0,0
1,11.8381936527398,6.946064550913267,1,0,0,1,0
1,14.136802568617542,6.536802568617541,1,1,0,0,0
1,14.295082972237704,5.948850649972133,1,0,1,0,0
0,13.450215150893364,6.300430301786731,0,0,1,1,0
1,14.02339651382254,6.3,1,0,0,0,0
0,13.091946811041073,6.802684396319642,1,0,0,1,0
1,12.178362574654704,6.325964910414354,1,0,0,1,0
0,13.433910435935855,6.267820871871711,0,0,1,1,0
1,12.051897360527292,5.275948680263646,0,1,1,1,0
1,12.366190224556114,5.137089975049321,1,0,1,1,0
1,14.202616282145906,6.09476743570819,1,0,1,0,0
0,13.362959849773038,6.625919699546073,0,0,0,1,0
0,14.333172210995148,6.455448140663431,1,0,1,0,0
0,14.25354319106416,6.402362127376107,1,0,1,0,0
1,11.928550284408988,5.292862428897753,1,0,1,1,0
0,13.479394104334617,6.358788208669234,0,0,1,1,0
0,13.719403000791992,6.5,0,0,1,1,0
0,13.387404349554526,6.237786951336426,0,0,1,1,0
0,13.271598291307992,6.785601139128006,1,0,0,1,0
0,12.707497219992954,6.089998411424546,1,1,0,1,0
1,12.65801536337366,7.0,1,0,0,1,0
1,12.313867505503373,6.976733438187922,1,0,0,1,0
1,12.418927394167778,5.193690868610741,1,0,1,1,0
1,11.712835184948226,6.884597778062128,1,0,0,1,0
0,13.399919493488468,6.450040253255767,0,0,1,1,0
1,13.30056499029253,6.499811669902489,1,1,0,0,0
1,14.297981162724804,5.904037674550397,1,0,1,0,0
0,13.345947614106116,6.591895228212231,0,0,0,1,0
0,12.895657068972094,7.036228620685271,1,0,0,1,0
0,12.265447398815024,5.603657803554929,1,1,0,1,0
1,12.037420074224714,5.174840148449428,1,1,1,0,0
1,14.129569655992013,6.240860688015975,1,0,1,0,0
1,12.810296402012368,6.640197601341578,1,1,1,0,0
1,12.074534660759932,5.249069321519864,1,1,1,0,0
1,14.151821142076145,6.455463426228437,1,0,1,0,0
1,14.019464356956512,6.3,1,0,0,0,0
1,14.148446807961433,6.212795745669421,1,0,1,0,0
0,12.372842310135413,5.584982695157982,1,1,0,1,0
0,12.064518104567538,6.97741968409459,0,1,1,0,0
1,12.588453629602435,5.12788659259939,1,0,1,1,0
0,13.378739703967373,6.263780888097884,0,0,1,1,0
1,14.148275415990536,6.213104251217035,1,0,1,0,0
0,13.347943075993786,6.356170772018642,0,0,1,1,0
0,12.278932270097345,5.605338649513279,1,1,0,1,0
1,13.659090163769282,6.396363934492287,1,1,0,0,0
0,11.554558718270632,6.718234873082533,0,1,1,0,0
1,11.7941420771368,5.411715845726398,0,1,1,1,0
1,12.994423059080503,6.61394235229874,1,1,0,0,0
0,12.13637733529724,6.98939622254954,0,1,1,0,0
0,13.37944299516217,6.65888599032434,0,0,0,1,0
1,11.523890353035156,7.0522192939296895,0,1,1,0,0
0,13.749600503806017,6.630079899238797,1,0,0,1,0
0,12.278937308294704,5.626376150231777,1,1,0,1,0
1,14.197536064807826,6.592608194423483,1,0,1,0,0
0,13.3010171509589,6.502034301917797,0,0,0,1,0
1,12.974592891199883,6.663517772000286,1,1,0,0,0
1,12.110125063085611,6.951265632885701,1,0,0,1,0
0,12.840344372155382,6.886551875948205,1,0,0,1,0
0,13.535220210352504,6.369811248269283,0,0,1,1,0
0,11.597103020390264,6.902896979609738,0,1,1,0,0
1,11.776296610186897,5.354629237266381,0,1,1,1,0
1,12.72936467833208,6.955952982501881,1,1,1,0,0
1,12.20677960305257,7.068926534350856,1,0,0,1,0
1,14.248236001657366,6.03317519701674,1,0,1,0,0
0,14.322422280183314,6.44828152012221,1,0,1,0,0
0,13.676124078448138,6.644775184310372,1,0,0,1,0
1,12.7,5.357094081390746,1,0,1,1,0
0,13.487128248046549,6.374256496093099,0,0,1,1,0
0,12.2,5.906897459586281,1,1,0,1,0
0,13.49281814626114,6.40359092686943,0,0,1,1,0
0,11.67365469326466,6.673654693264661,0,1,1,1,0
1,13.06500844496158,6.6,1,1,0,0,0
0,13.475958647047694,6.412020676476153,0,0,1,1,0
1,12.7,5.675000915374369,1,0,1,1,0
0,14.347812451023392,6.494201383447043,0,0,1,1,0
0,11.534801628966187,6.965198371033812,0,1,1,0,0
1,12.829814510813046,7.025463722967388,1,1,0,0,0
0,14.325667032959084,5.941296092800508,0,0,1,1,0
0,13.528208951988312,6.674358209602338,1,0,0,1,0
0,12.9855067219484,6.342753360974199,0,0,1,1,0
1,12.303313622691192,6.975414202836399,1,0,0,1,0
1,14.198506259760862,6.102987480478276,1,0,1,0,0
1,11.50043865282422,5.699451683969726,0,1,1,1,0
0,13.36067165720445,6.469664171397775,0,0,1,1,0
0,14.10216617839543,6.065463234224762,0,0,1,1,0
1,14.16599988663245,6.497999659897355,1,0,1,0,0
0,13.48114253384094,6.362285067681884,0,0,1,1,0
0,11.60677416062245,6.47864516787551,0,1,1,1,0
1,14.09581387018679,6.3,1,0,0,0,0
0,12.29525010913821,5.523749454308951,1,1,0,1,0
1,11.5388044175927,7.061195582407301,1,0,0,1,0
0,13.301985971163669,6.503971942327332,0,0,0,1,0
1,12.617886937386176,5.120528265653456,1,0,1,1,0
1,12.60091833181614,5.124770417045965,1,0,1,1,0
0,13.72590674927917,6.206365643474998,0,0,1,1,0
0,14.021805947368962,6.110107807017243,0,0,1,1,0
1,12.69497053612134,7.0,1,0,0,1,0
1,12.02528001999802,7.070112007999208,0,1,1,0,0
0,12.784294438795175,6.905235187068275,1,0,0,1,0
1,11.925366862083024,6.62955976550037,1,0,0,1,0
1,13.263874819563174,6.6,1,1,0,0,0
1,12.7,5.607177914978602,1,0,1,1,0
0,12.2,5.8065645349049015,1,1,0,1,0
1,12.87009266278532,6.9247683430367015,1,1,0,0,0
1,14.04859750056519,6.3,1,0,0,0,0
1,12.58903538434516,7.0,1,0,0,1,0
0,12.211297422657417,5.943512886712927,1,1,0,1,0
1,12.34161602088923,5.230321446949371,1,0,1,1,0
1,12.210881081034662,6.963860135129333,1,0,0,1,0
1,11.9,5.2953464475672485,0,1,1,1,0
0,14.230365537653764,6.386910358435842,1,0,1,0,0
1,14.13849167044353,6.415475011330591,1,0,1,0,0
0,14.229744437653345,6.534051112469332,1,0,0,1,0
0,12.929948719654616,6.314974359827308,0,0,1,1,0
0,13.343496461757413,6.478251769121295,0,0,1,1,0
0,11.54103027253229,6.958969727467712,0,1,1,0,0
1,12.956849579033763,6.707876052415589,1,1,0,0,0
0,11.85916865672359,6.428166268655282,0,1,1,1,0
0,13.648077792191511,6.273076178121562,0,0,1,1,0
0,13.38453874853365,6.669077497067301,0,0,0,1,0
1,12.116453866441686,5.245886533389578,1,0,1,1,0
1,12.423845336569771,6.990480667071221,1,0,0,1,0
0,13.95754871734428,6.5,0,0,1,1,0
1,14.00341795632994,6.3,1,0,0,0,0
0,12.2,5.817163495517298,1,1,0,1,0
0,13.351068398411533,6.346794804765402,0,0,1,1,0
1,12.125542168831387,5.29148594372287,1,0,1,1,0
0,14.278841003282606,6.419227335521737,1,0,1,0,0
1,11.9,5.836245626408892,0,1,1,1,0
0,11.596446522537034,6.885786090148138,0,1,1,0,0
0,12.218253545791184,5.745239362626448,1,1,0,1,0
1,12.996680563433005,6.608298591417488,1,1,0,0,0
1,12.48750129573541,5.177272256096214,1,0,1,1,0
0,13.733810005955446,6.425978889550605,0,0,1,1,0
1,14.232187171278651,6.035625657442695,1,0,1,0,0
1,11.9,5.259038537325062,0,1,1,1,0
0,13.361927303004222,6.623854606008445,0,0,0,1,0
1,13.40986622842887,6.463377923857043,1,1,0,0,0
1,12.428243507416168,6.991030438427021,1,0,0,1,0
0,12.73556066892896,6.92147977702368,1,0,0,1,0
0,13.549092420770316,6.670181515845938,1,0,0,1,0
0,13.491714454139853,6.383428908279703,0,0,1,1,0
1,11.638148680325733,5.469752199457116,1,0,1,1,0
1,11.516314696687894,7.067370606624212,0,1,1,0,0
1,12.648647054230311,5.199791854496971,1,1,1,0,0
0,13.399436137649962,6.698872275299923,0,0,0,1,0
0,13.37907501660654,6.262774950180382,0,0,1,1,0
1,11.89488705767873,5.226135530785523,1,1,1,0,0
0,12.684600503178878,6.938466498940374,1,0,0,1,0
1,13.125495487449578,6.6,1,1,0,0,0
0,12.987823427007894,6.974784381994738,1,0,0,1,0
0,12.227459006345756,5.935245961925469,1,1,0,1,0
1,12.170205236752388,7.056735078917463,1,0,0,1,0
0,13.370751655689508,6.641503311379015,0,0,0,1,0
1,12.347218617480566,7.076390691259717,1,0,0,1,0
0,12.2,5.8615763146120905,1,1,0,1,0
1,12.90115572199834,6.69884427800166,1,1,0,0,0
0,12.943459125884406,6.321729562942203,0,0,1,1,0
1,12.96792909460158,6.632070905398418,1,1,0,0,0
1,12.903353560169808,6.841616099575484,1,1,0,0,0
1,12.055760609254074,6.473087268895111,1,0,0,1,0
1,13.83819275707189,6.32060241430937,1,1,0,0,0
1,11.500472373119807,7.099527626880192,1,0,0,1,0
1,11.68998127380672,5.6425327708382405,1,1,1,0,0
1,14.072616687416382,6.472616687416382,1,1,0,0,0
0,11.505334624795704,6.994665375204295,0,1,1,0,0
1,13.709030210332804,6.376387915866879,1,1,0,0,0
1,12.809599683682537,7.076000790793666,1,1,0,0,0
0,14.349763026219108,6.466508684146072,1,0,1,0,0
1,14.038205458291465,6.3,1,0,0,0,0
0,11.563192026768649,6.563192026768649,0,1,1,1,0
0,13.510351395294425,6.394249224836432,0,0,1,1,0
0,11.884960076891913,6.788720057668932,0,1,1,1,0
1,14.182030068137058,6.546090204411176,1,0,1,0,0
1,12.965024350846656,6.634975649153343,1,1,0,0,0
1,13.019943326665915,6.6520226693336335,1,1,0,0,0
1,12.9,6.917915409199676,1,1,1,0,0
0,12.9445053659834,6.8518315446722005,1,0,0,1,0
1,12.816605456808013,6.8445260575893165,1,1,0,0,0
1,14.02086532245938,6.3,1,0,0,0,0
0,13.388152683364645,6.703949105545119,1,0,0,1,0
1,11.807215153163762,6.913401894145471,1,0,0,1,0
1,13.880580303802606,6.307767878478958,1,1,0,0,0
1,11.550780611242198,6.998438777515603,0,1,1,0,0
0,14.169270559192013,6.346180372794675,1,0,1,0,0
1,12.93557743467488,6.761056413312802,1,1,0,0,0
1,11.558526004352276,6.982947991295444,0,1,1,0,0
0,13.380996692016446,6.661993384032891,0,0,0,1,0
0,14.188205174320023,5.810109850582834,0,0,1,1,0
0,13.180092946664658,6.846604702223562,1,0,0,1,0
0,13.33256005708875,6.483719971455625,0,0,1,1,0
1,12.142911806054714,6.955363975756839,1,0,0,1,0
1,13.008170110580703,6.597276629806432,1,1,0,0,0
1,14.155611898577655,6.466835695732972,1,0,1,0,0
1,14.308760375795634,6.066422642402494,1,1,0,0,0
0,13.9552795622245,6.588944087555101,1,0,0,1,0
1,14.422871008679348,5.718832184377174,1,0,1,0,0
0,13.35075336069204,6.347739917923886,0,0,1,1,0
1,12.068082256301496,5.284041128150748,0,1,1,1,0
0,13.600268606178425,6.659946278764315,1,0,0,1,0
1,14.25006814985177,5.99986370029646,1,0,1,0,0
0,13.365177463153849,6.630354926307692,0,0,0,1,0
1,12.900517295976147,6.699793081609541,1,1,0,0,0
0,12.244409429354302,5.666771711937092,1,1,0,1,0
1,14.349817793411438,5.85032797185941,1,0,1,0,0
0,14.041296070123783,6.460144007791532,0,0,1,1,0
1,14.018943899181425,6.3,1,0,0,0,0
0,13.372119703761395,6.644239407522794,0,0,0,1,0
1,11.813501948472169,5.213501948472169,1,0,1,1,0
1,12.813226586159336,6.849031218454218,1,1,0,0,0
1,11.733541443622572,5.299687834566142,1,0,1,1,0
1,14.122337728889178,6.255324542221644,1,0,1,0,0
1,14.01256999516369,6.3,1,0,0,0,0
1,14.597427402784874,5.404630674987226,1,0,1,0,0
0,12.2,5.908318655958898,1,1,0,1,0
1,12.15198772061777,6.357614735258675,1,0,0,1,0
0,13.309296981030606,6.760468679312931,1,0,0,1,0
0,13.006251033117731,6.962499311254845,1,0,0,1,0
0,13.315012039581331,6.530024079162664,0,0,0,1,0
0,13.40770807747527,6.446145961262365,0,0,1,1,0
0,13.972033766160544,6.585593246767892,1,0,0,1,0
1,12.507547725670864,5.169982645210594,1,0,1,1,0
1,14.156131402032884,6.468394206098656,1,0,1,0,0
1,12.122423486032623,5.1641751682185975,1,0,1,1,0
1,11.754508480867946,6.9618033923471785,0,1,1,0,0
1,12.929275374604217,6.670724625395786,1,1,0,0,0
0,14.2807000391443,6.420466692762866,1,0,1,0,0
1,12.40871691705025,7.045641541474875,1,0,0,1,0
1,12.634141079611114,7.0,1,0,0,1,0
1,13.809451189708431,6.336219524116627,1,1,0,0,0
1,12.333840743003146,7.083079628498427,1,0,0,1,0
0,13.247224442888394,6.5472244428883934,1,0,0,1,0
0,13.41977338079232,6.239546761584638,0,0,1,1,0
1,11.92201323229984,6.92775165403748,1,0,0,1,0
0,13.787736123831897,6.153369036715517,0,0,1,1,0
1,12.336033503158212,5.232351453397014,1,0,1,1,0
1,12.391947179340823,7.054026410329588,1,0,0,1,0
0,12.2,5.958186842247887,1,1,0,1,0
0,12.763684309584958,6.912105230138347,1,0,0,1,0
0,12.298230687177508,5.85613182124429,1,1,0,1,0
1,13.909279293690428,6.3,1,0,0,0,0
0,13.305918908830408,6.482243273508783,0,0,1,1,0
1,14.171191843725042,6.513575531175129,1,0,1,0,0
0,13.234661553095547,6.755112815634818,1,0,0,1,0
1,11.699970846478548,6.900029153521451,1,0,0,1,0
0,11.525472272976938,6.601889091907751,0,1,1,0,0
1,11.665182067386986,6.926072826954795,0,1,1,0,0
1,14.1288389961756,6.242322007648797,1,0,1,0,0
1,12.7,5.25965265801256,1,0,1,1,0
0,14.105762700491567,6.303841800327712,1,0,1,0,0
1,12.562437378744042,7.0,1,0,0,1,0
0,13.344471433649993,6.644471433649992,1,0,0,1,0
1,12.584435367630002,5.142023502679999,1,0,1,1,0
1,11.572150268942163,6.955699462115675,0,1,1,0,0
1,11.9,5.600348340013262,0,1,1,1,0
0,13.688422540416054,6.238494965357669,0,0,1,1,0
0,13.243048723416395,6.543048723416397,1,0,0,1,0
1,12.694609618326766,7.0,1,0,0,1,0
0,13.387693828510374,6.23691851446888,0,0,1,1,0
0,13.085244147224817,6.909837235183457,1,0,0,1,0
0,13.921814452868912,6.5,0,0,1,1,0
0,13.361721510257857,6.623443020515712,0,0,0,1,0
1,12.888886154040796,6.69259076936053,1,1,1,0,0
0,12.534774379967947,6.988408540010684,1,0,0,1,0
1,12.526261412035549,5.157912862654817,1,0,1,1,0
0,12.933419260030892,6.233419260030892,1,0,0,1,0
0,13.057090447385855,6.92860636840943,1,0,0,1,0
0,13.393815233334436,6.453092383332782,0,0,1,1,0
0,14.131407744818414,6.32093849654561,1,0,1,0,0
0,11.55631270840197,6.943687291598031,0,1,1,0,0
0,12.97894143667715,6.339470718338575,0,0,1,1,0
0,13.447871030189573,6.295742060379144,0,0,1,1,0
0,14.246219083669711,6.397479389113142,1,0,1,0,0
1,12.536991917480467,7.0,1,0,0,1,0
1,13.375945041470777,6.474684986176408,1,1,0,0,0
0,12.33215638280934,5.87551793303391,1,1,0,1,0
1,12.376550541225878,6.984568817653235,1,0,0,1,0
0,14.06122021012739,6.088210994373672,0,0,1,1,0
1,11.850801954087238,6.719037655095313,1,0,0,1,0
1,11.576927900554582,6.9461441988908375,0,1,1,0,0
1,13.144860711630283,6.6,1,1,0,0,0
0,13.419125391310144,6.238250782620283,0,0,1,1,0
0,13.265410620487158,6.744863126504281,1,0,0,1,0
1,12.97902694194825,6.627964077402332,1,1,0,0,0
0,13.02464700732273,6.825117664225757,1,0,0,1,0
0,11.625638659964384,6.0602646901246535,0,1,1,1,0
0,13.916707241144753,6.04282236473307,0,0,1,1,0
1,11.857256393078483,6.919657049134811,1,0,0,1,0
1,12.953781342272046,6.646218657727954,1,1,0,0,0
0,13.340884316553325,6.37734705034003,0,0,1,1,0
1,12.559275440955409,7.0,1,0,0,1,0
1,12.692240217643356,7.0,1,0,0,1,0
1,14.149027287250451,6.201945425499092,1,0,1,0,0
1,13.890139166178392,6.3039443335286425,1,1,0,0,0
0,12.2,5.979738860663908,1,1,0,1,0
0,12.221603207391178,5.970380755652927,1,1,0,1,0
0,11.980485197662594,6.963414199610432,0,1,1,0,0
1,12.019285830629457,7.006428610209818,1,0,0,1,0
1,13.792876079851236,6.335707973382921,1,1,0,0,0
0,13.0596855421812,6.359685542181199,1,0,0,1,0
0,13.347023401461415,6.594046802922832,0,0,0,1,0
0,13.288544410585168,6.588544410585168,1,0,0,1,0
1,11.989381465480022,5.11858243540996,1,1,1,0,0
1,13.054176431324612,6.6,1,1,0,0,0
0,13.443107693915488,6.2862153878309766,0,0,1,1,0
0,14.392197153128434,6.5015605693743135,1,0,0,1,0
1,12.03950703171754,7.013169010572514,1,0,0,1,0
1,13.52797111062977,6.448811555748092,1,1,0,0,0
1,12.48683278966742,5.171055736777525,1,0,1,1,0
0,12.2,5.966280588051432,1,1,0,1,0
1,14.519156602274824,5.545518115905317,1,0,1,0,0
0,14.184309343680544,6.019828142399699,0,0,1,1,0
0,11.97042271302272,6.961737118837121,0,1,1,0,0
0,13.839895202025582,6.612020959594884,1,0,0,1,0
0,13.23883160772137,6.538831607721369,1,0,0,1,0
0,13.123104223105043,6.884597184596637,1,0,0,1,0
0,13.34643717584909,6.360688472452732,0,0,1,1,0
0,11.897784219173037,6.798338164379778,0,1,1,1,0
0,14.099342685981014,6.06703184112166,0,0,1,1,0
1,13.626030653624396,6.409587738550241,1,1,0,0,0
1,12.7,5.1180298217542175,1,0,1,1,0
1,14.038483425299733,6.438483425299733,1,1,0,0,0
0,13.81195835946868,6.5,0,0,1,1,0
1,11.90109216864169,5.18876753681759,1,0,1,1,0
0,13.408679241595877,6.698264151680825,1,0,0,1,0
1,11.563132877535136,6.973734244929726,0,1,1,0,0
1,14.155110067641354,6.465330202924062,1,0,1,0,0
0,12.957944893397173,6.257944893397172,1,0,0,1,0
1,13.65388662251818,6.38203779249394,1,1,0,0,0
0,11.6904010526988,6.46191978946024,0,1,1,1,0
1,12.9,6.851798733245445,1,1,1,0,0
0,11.712880341857732,6.712880341857733,0,1,1,1,0
0,12.26596065317637,5.670196734118152,1,1,0,1,0
1,11.816106412343885,6.914513301542986,1,0,0,1,0
1,11.6765411530461,6.923458846953899,1,0,0,1,0
0,11.597935851675413,6.891743406701654,0,1,1,0,0
1,13.962137692773698,6.3,1,0,0,0,0
0,13.573699154176884,6.359056025457287,0,0,1,1,0
1,14.230384078940642,6.065308657906845,1,0,1,0,0
0,13.25076251855332,6.47538125927666,0,0,1,1,0
1,14.048982250965404,6.3,1,0,0,0,0
1,12.907658722741706,6.692341277258294,1,1,0,0,0
1,13.991098505719586,6.3,1,0,0,0,0
1,11.897119522917066,5.232373174305688,1,0,1,1,0
1,14.084327254041092,6.3,1,0,0,0,0
0,11.64860927893041,6.64860927893041,0,1,1,1,0
0,12.2,5.93980831894062,1,1,0,1,0
1,11.791652051413893,5.430308344940403,1,0,1,1,0
1,13.284252051647998,6.505249316117334,1,1,0,0,0
1,11.604738127040877,5.492892809438684,1,0,1,1,0
0,12.22300362810492,5.730989115685237,1,1,0,1,0
0,12.917665185209986,6.308832592604992,0,0,1,1,0
0,11.619394272384278,6.619394272384279,0,1,1,1,0
0,12.213890319021523,5.758329042935426,1,1,0,1,0
1,13.976286030925966,6.3,1,0,0,0,0
1,13.90049443345536,6.3,1,0,0,0,0
0,14.113419060900672,6.557316187819866,1,0,0,1,0
0,12.630665091887794,6.956444969370735,1,0,0,1,0
1,11.822988958758916,5.418913105905849,1,0,1,1,0
1,13.899817401530768,6.300060866156411,1,1,0,0,0
1,12.503941981938748,5.149014504515312,1,0,1,1,0
1,14.176993545550877,6.16141161800842,1,0,1,0,0
1,12.445800297091964,5.128244411434226,1,0,1,1,0
0,13.39162619838498,6.225121404845059,0,0,1,1,0
1,12.241439567063416,5.252853477645528,1,0,1,1,0
0,13.727526539993743,6.425280726665972,0,0,1,1,0
1,14.05035067157826,6.3,1,0,0,0,0
1,13.008383949733847,6.597205350088717,1,1,0,0,0
0,14.302666246393892,6.435110830929261,1,0,1,0,0
0,11.572516912453798,6.485496617509241,0,1,1,1,0
1,11.903141615638924,5.293716768722151,1,1,1,0,0
1,14.33736327422173,5.872746106400887,1,0,1,0,0
0,14.268538828570298,6.526292234285941,1,0,0,1,0
1,12.32359741935852,5.141822508960164,1,0,1,1,0
0,13.434265004889268,6.432867497555367,0,0,1,1,0
1,13.20665176729537,6.6,1,1,0,0,0
0,14.133552908960487,6.470394767662277,0,0,1,1,0
0,13.496634213857703,6.401682893071149,0,0,1,1,0
0,12.990775251566992,6.836408249477669,1,0,0,1,0
1,13.996259364175476,6.3,1,0,0,0,0
0,11.5342660978151,6.965733902184901,0,1,1,0,0
1,13.036150817029446,6.645539673188222,1,1,0,0,0
1,13.993914398954972,6.3,1,0,0,0,0
0,13.733288283400686,6.200038614227983,0,0,1,1,0
0,14.128592809016686,6.31906187267779,1,0,1,0,0
0,13.601518463293027,6.411279829254781,0,0,1,1,0
0,12.201911650462543,6.088530097224725,1,1,0,1,0
0,12.2,5.827067115523791,1,1,0,1,0
0,14.350073057780689,6.5,0,0,1,1,0
0,13.324579322732124,6.549158645464247,0,0,0,1,0
0,13.445601643754394,6.427199178122804,0,0,1,1,0
1,14.24541741327337,6.038248656107933,1,0,1,0,0
1,12.292436452124564,6.959243645212457,1,0,0,1,0
1,11.9,5.288477165335168,0,1,1,1,0
1,14.28382054025562,5.9323589194887605,1,0,1,0,0
0,14.1502708015843,5.842625027213457,0,0,1,1,0
1,11.701284591123922,5.364525681460129,1,0,1,1,0
0,14.2941341257329,6.429422750488601,1,0,1,0,0
1,12.48069211323904,5.17310262892032,1,0,1,1,0
1,11.891484449275316,6.963828149758439,1,0,0,1,0
1,12.876762165216144,6.7348567521757845,1,1,1,0,0
1,11.85943167988949,6.708681984132613,1,0,0,1,0
1,14.097465153770948,6.187162769273744,1,1,0,0,0
1,12.869985487559951,5.23384392116307,1,1,1,0,0
1,12.907705657687952,6.72305912308273,1,1,0,0,0
0,14.284969242035492,6.5,0,0,1,1,0
1,11.65176995518076,5.447050074698734,1,0,1,1,0
1,13.152003359702952,6.549332213432349,1,1,0,0,0
0,11.522789773085664,6.517092329814248,0,1,1,1,0
1,11.738059029154565,5.449796716671068,1,0,1,1,0
1,13.366188285741655,6.513524685703338,1,1,0,0,0
0,12.299703294128951,5.501780235226295,1,1,0,1,0
1,12.67780148008702,7.0,1,0,0,1,0
0,13.394377947473636,6.216866157579092,0,0,1,1,0
1,11.989994861701955,6.552006165957653,1,0,0,1,0
0,12.249573260772204,5.651280217683383,1,1,0,1,0
0,13.310897098138875,6.5217941962777495,0,0,0,1,0
0,13.319263489596285,6.753824340269145,1,0,0,1,0
0,12.165572948687537,6.994262158114589,0,1,1,0,0
1,12.891121472430587,6.735514110277654,1,1,1,0,0
0,13.168520062694114,6.777159979101962,1,0,0,1,0
0,13.95311152080506,6.5,0,0,1,1,0
1,11.518073632888957,5.678311640533251,1,1,1,0,0
0,13.475689166909689,6.351378333819377,0,0,1,1,0
0,12.755646221757862,6.914784592747379,1,0,0,1,0
0,12.29060845292631,5.556349282442141,1,1,0,1,0
1,13.283917850263007,6.505360716578997,1,1,0,0,0
0,14.20249601902363,6.0097244338757605,0,0,1,1,0
0,13.39373237317652,6.687464746353039,0,0,0,1,0
0,12.046858870450672,7.046858870450672,0,1,1,1,0
1,13.552141766516584,6.415952744494472,1,1,0,0,0
1,11.895948106639215,7.018379242655686,0,1,1,0,0
1,14.541660572577747,5.505010969360055,1,0,1,0,0
0,13.39071458285575,6.454642708572125,0,0,1,1,0
0,13.455626963137265,6.422186518431369,0,0,1,1,0
1,11.585196156995403,6.929607686009189,0,1,1,0,0
0,13.044015127036037,6.818661624321321,1,0,0,1,0
1,11.99966143258685,5.177815396379239,1,0,1,1,0
0,14.041303856259256,6.5,0,0,1,1,0
1,12.124541722221416,5.1639398086420645,1,0,1,1,0
0,13.147828835045866,6.447828835045865,1,0,0,1,0
1,11.977984274393188,6.934748034299149,1,0,0,1,0
0,13.218258772874568,6.821160818083621,1,0,0,1,0
1,13.16214008344684,6.54595330551772,1,1,0,0,0
1,14.16793984945475,6.164120301090499,1,0,1,0,0
1,11.942272941238842,6.609272470513389,1,0,0,1,0
1,12.98611395935687,6.613886040643129,1,1,0,0,0
0,13.340426134723405,6.580852269446805,0,0,0,1,0
0,13.144277136626414,6.870481908915725,1,0,0,1,0
1,12.7,5.61929577963737,1,0,1,1,0
0,14.39225920376646,6.501548159246708,1,0,0,1,0
0,12.08598994872432,6.93949246154324,0,1,1,1,0
0,13.432621511435508,6.265243022871012,0,0,1,1,0
1,13.596547357449117,6.401150880850294,1,1,0,0,0
0,12.393514769724597,5.570136077293448,1,1,0,1,0
1,11.622849071288892,5.754301857422215,0,1,1,1,0
0,13.256533528590406,6.478266764295203,0,0,1,1,0
1,11.85364221289844,6.919205276612305,1,0,0,1,0
0,13.371009193438748,6.464495403280626,0,0,1,1,0
1,13.97281717789152,6.3,1,0,0,0,0
0,13.357116346686675,6.614232693373352,0,0,0,1,0
1,12.340234081901924,7.079882959049038,1,0,0,1,0
0,13.491508096409635,6.38301619281927,0,0,1,1,0
0,13.3390452415361,6.382864275391703,0,0,1,1,0
1,12.590160256046186,7.0,1,0,0,1,0
1,13.910311718237256,6.3,1,0,0,0,0
1,11.9,5.7229152457692525,0,1,1,1,0
1,11.890507118302583,6.963502372767529,1,0,0,1,0
1,12.921936130601916,6.678063869398085,1,1,0,0,0
0,13.371344717139896,6.642689434279788,0,0,0,1,0
0,14.19367128530565,6.541265742938871,1,0,0,1,0
1,11.9159044683931,5.187121725734101,1,0,1,1,0
1,13.100655251181902,6.566448249606032,1,1,0,0,0
1,13.123495810422998,6.558834729859,1,1,0,0,0
1,12.619256067338856,5.120185983165285,1,0,1,1,0
0,13.753440597387703,6.259199668117942,0,0,1,1,0
1,14.11564993734934,6.268700125301321,1,0,1,0,0
0,11.550017934042492,6.700071736169967,0,1,1,0,0
1,14.03978515357043,6.3,1,0,0,0,0
1,12.926579251555411,6.673420748444589,1,1,0,0,0
0,14.122885471795614,6.5,0,0,1,1,0
1,12.132232394846778,6.954029049355848,1,0,0,1,0
0,13.333969975138393,6.483015012430804,0,0,1,1,0
1,14.27994520328975,5.940109593420504,1,0,1,0,0
0,13.890295193484162,6.601940961303168,1,0,0,1,0
0,11.955550745573229,6.9592584575955385,0,1,1,0,0
1,14.217072808617766,6.065854382764468,1,0,1,0,0
1,12.138350777862604,6.373979066564871,1,0,0,1,0
0,13.316600947423057,6.533201894846112,0,0,0,1,0
1,11.885600262156078,5.396145359215971,1,0,1,1,0
1,14.500681468239472,5.956753446720302,1,1,0,0,0
0,12.282990730165132,5.585046349174343,1,1,0,1,0
0,13.851277923250851,6.439030880361206,0,0,1,1,0
0,13.370950328796468,6.464524835601766,0,0,1,1,0
1,13.320270612876994,6.531891754849202,1,1,0,0,0
1,12.815391313822763,7.038434744708947,1,1,1,0,0
1,11.85605097618212,5.256050976182119,1,0,1,1,0
0,13.325004547625865,6.424986357122411,0,0,1,1,0
1,12.427990546271658,5.168002363432085,1,0,1,1,0
0,14.390626933621604,6.493751289081069,1,0,1,0,0
0,13.359648783924817,6.321053648225555,0,0,1,1,0
1,12.490356861138752,5.123293682095694,1,0,1,1,0
1,13.5749861779775,6.430005528809001,1,1,0,0,0
1,12.478169566858748,5.17394347771375,1,0,1,1,0
1,12.7,5.428656773929642,1,0,1,1,0
1,11.68167426375598,5.397209560406701,1,0,1,1,0
0,12.2,5.94856540100008,1,1,0,1,0
0,13.992687707284096,6.126284607064393,0,0,1,1,0
1,12.50778983322727,5.164070055590909,1,0,1,1,0
0,13.08981535958564,6.394907679792819,0,0,1,1,0
1,11.793959842070882,5.412080315858237,0,1,1,1,0
0,13.418050621014352,6.236101242028703,0,0,1,1,0
1,12.630887543136016,7.0,1,0,0,1,0
0,14.3330038234635,5.937220098075834,0,0,1,1,0
1,12.070875707795762,7.02362523593192,1,0,0,1,0
0,14.288128833306216,6.425419222204144,1,0,1,0,0
1,13.154856701736314,6.6,1,1,0,0,0
0,13.570682133845224,6.360732147863766,0,0,1,1,0
0,12.723212606440327,5.993748040847048,1,1,0,1,0
1,12.287424456776655,6.973428057097082,1,0,0,1,0
1,14.309090237418411,6.066234150046621,1,1,0,0,0
0,13.04158240819546,6.37079120409773,0,0,1,1,0
0,12.2,5.996623020951225,1,1,0,1,0
1,12.010450165826123,5.270150055275375,1,0,1,1,0
1,12.463926741628296,7.018036629185851,1,0,0,1,0
1,13.0456018462399,6.6,1,1,0,0,0
0,13.403657274058714,6.448171362970643,0,0,1,1,0
0,13.328414767858956,6.414755696423129,0,0,1,1,0
0,13.50581045965114,6.5,0,0,1,1,0
1,11.9,5.237965014382096,0,1,1,1,0
1,11.631342516126915,5.535821854841354,0,1,1,1,0
0,12.757971491306844,6.034300073191316,1,1,0,1,0
0,12.635221107820689,5.8,1,1,0,1,0
0,13.396137429373317,6.696137429373316,1,0,0,1,0
1,13.991297471332055,6.3,1,0,0,0,0
1,11.920467738942364,6.927558467367796,1,0,0,1,0
0,14.114881943489271,6.557023611302146,1,0,0,1,0
0,13.363074552584989,6.626149105169972,0,0,0,1,0
1,12.584302564365665,5.112855270626037,1,0,1,1,0
0,13.568231246328104,6.341516074575909,0,0,1,1,0
1,11.535840283193645,7.064159716806356,1,0,0,1,0
1,12.946578557317997,6.653421442682003,1,1,0,0,0
0,13.18289948601128,6.482899486011281,1,0,0,1,0
0,11.5845238123143,6.9154761876857,0,1,1,0,0
1,12.025570519585076,5.151141039170153,1,1,1,0,0
0,12.989274448520126,6.289274448520127,1,0,0,1,0
0,12.607385257653942,6.964204914115353,1,0,0,1,0
1,11.50371303602615,7.092573927947698,0,1,1,0,0
1,12.51366170416978,7.0,1,0,0,1,0
0,13.432197262115375,6.5,0,0,1,1,0
0,13.470809000052622,6.685838199989476,1,0,0,1,0
0,12.693660708714717,5.959270826833835,1,1,0,1,0
1,14.263158241247304,6.092481005001541,1,1,0,0,0
1,11.805915627664463,5.205915627664463,1,0,1,1,0
0,13.335501488197323,6.571002976394648,0,0,0,1,0
1,12.7487181615198,6.926922757720298,1,1,1,0,0
0,13.598508952838662,6.660298209432268,1,0,0,1,0
1,14.207374410887825,6.08525117822435,1,0,1,0,0
1,12.052124932484292,5.276062466242147,0,1,1,1,0
0,14.155192259625746,6.548961548074851,1,0,0,1,0
0,14.311699778042374,6.441133185361583,1,0,1,0,0
1,14.229744161034011,6.066460510138776,1,0,1,0,0
0,12.2,5.900853893402031,1,1,0,1,0
0,13.359102077874269,6.470448961062867,0,0,1,1,0
0,11.532959317848851,6.967040682151147,0,1,1,0,0
0,12.1786349201097,7.008976190082274,0,1,1,1,0
0,14.205060912083882,6.3700406080559215,1,0,1,0,0
0,13.373595936466858,6.647191872933714,0,0,0,1,0
0,13.630075465813666,6.288506743588286,0,0,1,1,0
0,14.336745616102093,6.457830410734728,1,0,1,0,0
0,13.72089392027292,6.4245437689192135,0,0,1,1,0
1,12.671457986368791,5.103171334847912,1,0,1,1,0
0,13.93606487981799,6.026230103013152,0,0,1,1,0
1,14.233381978386726,6.03323604322655,1,0,1,0,0
0,14.255702940004108,6.48396699333379,0,0,1,1,0
1,12.75487550440306,6.917686743395409,1,1,1,0,0
0,12.2,5.916779610559931,1,1,0,1,0
1,12.983833385736231,6.621555485685022,1,1,0,0,0
1,14.08685253849203,6.193227120861698,1,1,0,0,0
1,12.5256860403321,7.0,1,0,0,1,0
1,11.810139915464712,5.210139915464711,1,0,1,1,0
0,14.123505132585096,6.315670088390063,1,0,1,0,0
1,11.588542442590589,7.01145755740941,1,0,0,1,0
0,11.942901009410807,6.411419798117839,0,1,1,1,0
1,11.9398406269939,5.290039843251525,1,0,1,1,0
0,12.581476987006374,5.828389818174101,1,1,0,1,0
1,12.242645458706084,5.15081717125488,1,0,1,1,0
1,12.271816911809545,5.2427276960634845,1,0,1,1,0
0,11.647587604387072,5.98344338464524,0,1,1,1,0
0,13.447526456851,6.5,0,0,1,1,0
1,12.390466621997025,7.054766689001489,1,0,0,1,0
0,12.013149506901804,7.013149506901804,0,1,1,1,0
0,13.27536655211333,6.74154448262889,1,0,0,1,0
0,12.2478907594161,5.760546202919504,1,1,0,1,0
0,11.69151669965483,6.691516699654831,0,1,1,1,0
0,12.224684107192294,5.876579464038528,1,1,0,1,0
1,13.94750634411312,6.347506344113119,1,1,0,0,0
0,13.026154495435682,6.326154495435682,1,0,0,1,0
0,12.28525311624558,5.588481302526529,1,1,0,1,0
1,12.7,5.286469278765323,1,0,1,1,0
0,11.575535436146954,6.924464563853046,0,1,1,0,0
0,11.665973853188788,6.665973853188788,0,1,1,1,0
0,13.7885413417816,6.5,0,0,1,1,0
0,11.534115146277928,6.534115146277929,0,1,1,1,0
0,13.53480900200138,6.673038199599723,1,0,0,1,0
1,12.89187713717787,6.732491451288523,1,1,1,0,0
1,11.9,5.240366516150002,0,1,1,1,0
1,12.969887339449684,6.630112660550316,1,1,0,0,0
1,11.710569169540408,6.901321146192552,1,0,0,1,0
1,14.29818073183064,5.903638536338723,1,0,1,0,0
1,12.218966633677702,7.072988877892567,1,0,0,1,0
0,13.364960766575308,6.629921533150615,0,0,0,1,0
1,12.638486178151258,7.0,1,0,0,1,0
1,12.900814880475522,6.732246826032636,1,1,0,0,0
1,14.062988634280288,6.3,1,0,0,0,0
1,11.951919420573136,5.196161158853727,1,1,1,0,0
0,13.32718258981045,6.554365179620899,0,0,0,1,0
0,13.054682091406438,6.3773410457032185,0,0,1,1,0
1,13.232829614551036,6.522390128482988,1,1,0,0,0
0,13.380236988295904,6.660473976591807,0,0,0,1,0
1,12.086542835790368,5.323075332439866,1,0,1,1,0
1,12.909506422862131,6.690493577137869,1,1,0,0,0
0,14.39359626328173,5.90355763151015,0,0,1,1,0
1,11.74053218023005,6.905066522528757,1,0,0,1,0
0,13.337000483905683,6.388998548282947,0,0,1,1,0
1,12.169848564779151,5.158905715024538,1,0,1,1,0
1,14.038727979391794,6.3,1,0,0,0,0
1,14.11460817334398,6.343824520031946,1,0,1,0,0
1,12.968344202727504,6.631655797272496,1,1,0,0,0
0,11.578084553040483,6.226704064358303,0,1,1,1,0
1,11.879327495604835,5.279327495604836,1,0,1,1,0
1,14.48671710805028,5.603909205509499,1,0,1,0,0
0,13.768217168695184,6.250990461836009,0,0,1,1,0
1,11.598756968770276,6.90248606245945,0,1,1,0,0
1,12.902247657063556,6.844380857341112,1,1,0,0,0
0,13.347818712125248,6.595637424250496,0,0,0,1,0
1,12.036855586407222,6.942106948300904,1,0,0,1,0
1,12.14532354102402,6.365611750771173,1,0,0,1,0
1,14.180920607466556,6.542761822399673,1,0,1,0,0
1,14.105309808518696,6.289380382962608,1,0,1,0,0
0,13.342389535829865,6.738406976113425,1,0,0,1,0
0,13.314511498425764,6.456465504722708,0,0,1,1,0
0,12.427687804182275,5.595765853136708,1,1,0,1,0
1,14.26918911185543,5.961621776289139,1,0,1,0,0
0,14.119634228610144,5.86888494690559,0,0,1,1,0
1,11.67144470716133,5.657110585677339,0,1,1,1,0
0,12.243503911594702,5.838976530431788,1,1,0,1,0
0,13.397080247798051,6.694160495596104,0,0,0,1,0
1,11.799703490548058,6.7803558113423295,1,0,0,1,0
1,12.079376589815942,6.444748092220869,1,0,0,1,0
0,12.46517077552686,5.95152615744392,1,1,0,1,0
1,12.96551089430355,6.686222764241122,1,1,0,0,0
1,12.06480548298847,6.462233420413835,1,0,0,1,0
0,13.065529568684529,6.811490143771825,1,0,0,1,0
0,13.489081551303164,6.378163102606333,0,0,1,1,0
0,13.499184146874184,6.680163170625163,1,0,0,1,0
1,12.83806980158104,6.658713201054027,1,1,1,0,0
0,13.313517227408452,6.459448317774645,0,0,1,1,0
1,14.185631687050549,6.136781893113973,1,1,0,0,0
1,13.929320221318571,6.283245587817959,1,1,0,0,0
1,12.908119071579902,6.691880928420098,1,1,0,0,0
1,11.9,5.79485449423256,0,1,1,1,0
1,12.011932122447488,6.938991515305936,1,0,0,1,0
0,12.234392933643836,5.696821199068494,1,1,0,1,0
1,13.58822921258388,6.424708314966448,1,1,0,0,0
0,14.13358288205178,6.32238858803452,1,0,1,0,0
0,13.819378117097632,6.126247328202029,0,0,1,1,0
1,11.95038408969292,6.983461363230974,1,0,0,1,0
1,14.10320973952669,6.309629218580072,1,0,1,0,0
1,14.231161196403406,6.037677607193188,1,0,1,0,0
0,13.109568128508675,6.8936212476608825,1,0,0,1,0
0,11.601308654404212,6.479738269119157,0,1,1,1,0
0,14.339143196516956,6.5,0,0,1,1,0
1,12.080437514273504,6.938043751427351,1,0,0,1,0
0,13.743591153201407,6.427065683689046,0,0,1,1,0
1,12.924592910438609,6.675407089561394,1,1,0,0,0
1,14.11471341801446,6.344140254043378,1,0,1,0,0
1,11.611150193010326,6.904460077204131,0,1,1,0,0
1,12.786300745502563,5.220969345461933,1,1,1,0,0
0,12.224440063232734,5.95335962060359,1,1,0,1,0
0,13.864743489276147,6.197364728179919,0,0,1,1,0
0,12.730850122144313,6.923049959285229,1,0,0,1,0
0,11.59041637814932,6.90958362185068,0,1,1,0,0
0,11.78621956418913,6.786219564189131,0,1,1,1,0
0,12.95760455314942,6.32880227657471,0,0,1,1,0
1,12.245176218926938,5.251607927024354,1,0,1,1,0
0,12.22311691897523,5.730649243074311,1,1,0,1,0
0,12.902972438286431,6.301486219143216,0,0,1,1,0
1,11.539641379071393,7.020717241857215,0,1,1,0,0
1,11.646223469894336,5.524531836126798,1,1,1,0,0
1,12.90053859392,6.699461406080001,1,1,0,0,0
1,13.932024391469357,6.3,1,0,0,0,0
0,12.2,5.953450906716341,1,1,0,1,0
0,12.2,6.0956204621491095,1,1,0,1,0
1,12.440825973481058,6.992603246685133,1,0,0,1,0
0,13.435633689154132,6.271267378308265,0,0,1,1,0
0,13.541599900098555,6.364342942772667,0,0,1,1,0
0,13.264245036631056,6.564245036631056,1,0,0,1,0
0,12.928395881794142,6.857201372735286,1,0,0,1,0
0,12.552337255320396,6.982554248226534,1,0,0,1,0
1,14.475143632392433,5.624741461693622,1,0,1,0,0
1,12.450652258052164,5.169331116623409,1,1,1,0,0
1,12.368169759806364,6.966816975980636,1,0,0,1,0
1,11.722637544891386,5.585384296440075,1,1,1,0,0
0,13.630619769253606,6.653876046149279,1,0,0,1,0
1,12.645477605300576,7.0,1,0,0,1,0
1,11.86897333625746,5.26897333625746,1,0,1,1,0
0,13.052323146759647,6.352323146759647,1,0,0,1,0
1,14.182192156583785,6.13561568683243,1,0,1,0,0
0,12.671751521623042,6.942749492792319,1,0,0,1,0
1,12.327986735855209,7.086006632072396,1,0,0,1,0
0,12.313378923972955,5.510034192979718,1,1,0,1,0
1,11.930122621968144,6.923012262196814,1,0,0,1,0
1,11.901073411595702,5.200536705797851,0,1,1,1,0
0,13.90091463999336,6.056358880005691,0,0,1,1,0
1,14.135337529161712,6.406012587485139,1,0,1,0,0
1,12.982090133831822,6.617909866168178,1,1,0,0,0
0,13.24435599926213,6.472177999631064,0,0,1,1,0
0,13.20381396707487,6.830790688616753,1,0,0,1,0
0,14.308355973677662,6.489817330408629,0,0,1,1,0
0,11.595186232476594,6.904813767523406,0,1,1,0,0
0,11.87780135601432,6.78335101701074,0,1,1,1,0
0,13.344017371592402,6.588034743184802,0,0,0,1,0
0,13.33142778937359,6.562855578747178,0,0,0,1,0
1,14.529330337373876,5.527205392727021,1,0,1,0,0
1,14.107292343676749,6.321877031030241,1,0,1,0,0
1,12.98954225301885,6.626144367452872,1,1,0,0,0
1,11.714021600083036,6.883174079900356,1,0,0,1,0
1,11.805327116341324,5.205327116341325,1,0,1,1,0
0,13.343966013457708,6.737355991028196,1,0,0,1,0
0,13.467428219901864,6.334856439803729,0,0,1,1,0
0,13.319056588321708,6.6190565883217065,1,0,0,1,0
1,12.06638399428478,6.945797999285598,1,0,0,1,0
0,12.96542596730044,6.844858010899854,1,0,0,1,0
0,12.2,5.886654410379659,1,1,0,1,0
0,12.641769084448793,6.952743638517069,1,0,0,1,0
1,11.9,5.798453441801616,0,1,1,1,0
1,12.94462234615964,6.7384441346009,1,1,0,0,0
1,11.555467271754813,5.607554547075313,1,0,1,1,0
0,13.700580899265514,6.228073514915274,0,0,1,1,0
0,13.391524204443476,6.68304840888695,0,0,0,1,0
1,11.75431016149346,5.491379677013083,0,1,1,1,0
1,13.200414139467052,6.533195286844316,1,1,0,0,0
0,12.2,6.041559619272228,1,1,0,1,0
1,13.586689095956302,6.404436968014566,1,1,0,0,0
0,13.310355591637084,6.520711183274169,0,0,0,1,0
1,12.5521680453005,7.0,1,0,0,1,0
1,13.97908270505764,6.3,1,0,0,0,0
0,13.432381372902183,6.264762745804369,0,0,1,1,0
0,14.028542478399302,6.5,0,0,1,1,0
0,13.363257198079534,6.626514396159067,0,0,0,1,0
0,12.2,5.877415241424367,1,1,0,1,0
0,13.158104046935142,6.458104046935142,1,0,0,1,0
1,12.48571875774835,7.007140621125825,1,0,0,1,0
0,13.959138268839752,6.588172346232049,1,0,0,1,0
0,12.582593532848197,6.018624875913255,1,1,0,1,0
1,12.9,6.983139899491457,1,1,1,0,0
0,12.367935927143096,5.8,1,1,0,1,0
1,12.42705519644273,5.190981601185756,1,0,1,1,0
0,13.316112763714775,6.491943618142613,0,0,1,1,0
0,13.037333034068396,6.337333034068396,1,0,0,1,0
1,12.614419183655428,7.0,1,0,0,1,0
1,14.118636994369158,6.262726011261682,1,0,1,0,0
1,11.94879740140145,5.224398700700725,0,1,1,1,0
1,11.642542917797217,5.4845298480737394,1,0,1,1,0
0,14.206646062639557,6.371097375093036,1,0,1,0,0
1,14.127761805628165,6.383285416884497,1,0,1,0,0
1,14.52607504180608,5.533064924749056,1,0,1,0,0
0,14.20773027958253,6.538453944083495,1,0,0,1,0
0,13.461363777287286,6.322727554574572,0,0,1,1,0
1,12.90738835004196,6.692611649958041,1,1,0,0,0
1,13.285201596988667,6.6,1,1,0,0,0
0,13.488852963952535,6.405573518023732,0,0,1,1,0
0,14.329444175515574,6.452962783677049,1,0,1,0,0
1,14.012309814560576,6.3,1,0,0,0,0
1,12.018089643890749,6.939761205486343,1,0,0,1,0
1,13.41855358951725,6.4925785641931,1,1,0,0,0
0,14.128217665054969,6.050990186080574,0,0,1,1,0
0,13.493534707126445,6.403232646436778,0,0,1,1,0
1,11.592760973171275,7.007239026828724,1,0,0,1,0
1,12.054060618303035,6.935406061830304,1,0,0,1,0
1,14.135236394934967,6.229527210130064,1,0,1,0,0
0,13.437765124319938,6.275530248639877,0,0,1,1,0
1,13.99772541763916,6.3,1,0,0,0,0
0,13.445986654374137,6.427006672812932,0,0,1,1,0
1,11.778191647136133,6.907819164713613,1,0,0,1,0
0,13.354831983771344,6.6096639675426845,0,0,0,1,0
1,13.759966609420152,6.346677796859949,1,1,0,0,0
1,14.195020970298996,6.109958059402008,1,0,1,0,0
1,12.9,6.996871208578312,1,1,1,0,0
0,13.566791718049924,6.666641656390016,1,0,0,1,0
0,12.877290442748,7.048473038168001,1,0,0,1,0
0,13.251845695364509,6.749384768211832,1,0,0,1,0
0,13.543942681659107,6.5,0,0,1,1,0
0,13.596954157391163,6.5,0,0,1,1,0
1,11.539788498932896,7.060211501067104,1,0,0,1,0
1,14.563445423282124,5.465798238092178,1,0,1,0,0
0,13.998744643781269,5.972504591044627,0,0,1,1,0
1,14.088601766695962,6.3,1,0,0,0,0
0,12.851986281479066,7.065342479013956,1,0,0,1,0
1,11.675135639764132,6.924864360235866,1,0,0,1,0
0,13.322069334881158,6.544138669762313,0,0,0,1,0
0,13.64548611638845,6.2752976145241846,0,0,1,1,0
0,12.951437199269373,6.999041867153752,1,0,0,1,0
1,12.6808834769534,7.0,1,0,0,1,0
0,11.737152580144398,6.4525694839711205,0,1,1,1,0
1,14.041442037044416,6.3,1,0,0,0,0
0,13.112245580496175,6.891836279669215,1,0,0,1,0
1,12.313826681899483,5.24042666112746,1,0,1,1,0
0,11.633764401218778,6.633764401218778,0,1,1,1,0
0,13.97513053571127,5.9927452551046265,0,0,1,1,0
0,13.782207498285148,6.243218056508251,0,0,1,1,0
1,14.309813804039235,6.065820683406151,1,1,0,0,0
1,14.530887306390904,5.939492967776626,1,1,0,0,0
0,13.395916057930114,6.701361314023296,1,0,0,1,0
0,13.397966867598372,6.206099397204885,0,0,1,1,0
0,12.2,5.908689064436322,1,1,0,1,0
0,13.357528632332327,6.615057264664657,0,0,0,1,0
0,13.327767692012776,6.724077435995741,1,0,0,1,0
1,14.195186756521917,6.109626486956167,1,0,1,0,0
1,12.804671174463474,7.088322063841319,1,1,0,0,0
1,12.029510583108053,6.941188822888507,1,0,0,1,0
0,13.239782391684344,6.539782391684344,1,0,0,1,0
0,11.55808944843648,6.94191055156352,0,1,1,0,0
0,13.388840191483778,6.677680382967556,0,0,0,1,0
1,14.124681869996657,6.250636260006686,1,0,1,0,0
1,12.35626533382324,5.138192740686306,1,0,1,1,0
1,12.31801833848618,6.961801833848618,1,0,0,1,0
0,14.043663367264374,6.571267326547125,1,0,0,1,0
0,13.90923057282636,6.049230937577406,0,0,1,1,0
1,11.614389514165238,5.557013107293453,0,1,1,1,0
1,12.9,7.002823277134974,1,1,1,0,0
0,13.854141503561186,6.5,0,0,1,1,0
0,13.313204923058342,6.526409846116684,0,0,0,1,0
1,13.816705362308207,6.327764879230597,1,1,0,0,0
0,11.536433722882066,6.645734891528261,0,1,1,0,0
1,11.712949125531276,5.3450847907812085,1,0,1,1,0
1,12.846395755003416,6.91441697998633,1,1,1,0,0
0,13.000824142268012,6.300824142268012,1,0,0,1,0
1,13.24820556102041,6.6,1,1,0,0,0
0,13.11249907295112,6.8916672846992535,1,0,0,1,0
0,13.620323577362557,6.655935284527489,1,0,0,1,0
0,12.401169518379602,5.914954010502631,1,1,0,1,0
1,13.032689242510632,6.6,1,1,0,0,0
0,11.567742185110072,6.770968740440292,0,1,1,0,0
1,11.86153355753466,5.261533557534659,1,0,1,1,0
0,12.392115101533667,5.909780058019239,1,1,0,1,0
1,12.823002278865848,7.042494302835381,1,1,0,0,0
0,14.395123315808574,5.902709268995237,0,0,1,1,0
0,12.83092361341824,7.0793842577211725,1,0,0,1,0
1,11.915276976983227,6.971758992327742,1,0,0,1,0
0,13.430299931604576,6.434850034197712,0,0,1,1,0
0,14.358143604713009,6.495349289412556,0,0,1,1,0
0,12.281054645570476,5.5568360632885785,1,1,0,1,0
1,11.595193715602726,6.909612568794549,0,1,1,0,0
0,13.312278459548434,6.493860770225783,0,0,1,1,0
1,14.07567548393912,6.3,1,0,0,0,0
0,13.39959143450353,6.699182869007058,0,0,0,1,0
1,12.968434938824592,6.631565061175407,1,1,0,0,0
1,14.008413622655947,6.238049358482316,1,1,0,0,0
0,11.553129170041702,6.946870829958298,0,1,1,0,0
0,13.401178676008133,6.449410661995935,0,0,1,1,0
0,12.99475874182802,6.347379370914009,0,0,1,1,0
0,13.625601761120285,6.330221243822065,0,0,1,1,0
1,12.370425489808031,5.209858170063988,1,0,1,1,0
1,11.9,5.27304462318422,0,1,1,1,0
0,13.452052646301262,6.5,0,0,1,1,0
1,13.230262986132244,5.289271228635729,1,1,1,0,0
0,11.920548572646188,6.953424762107699,0,1,1,0,0
1,11.744119639003753,6.9147065463345845,1,0,0,1,0
1,12.84677213849949,6.912911446002036,1,1,1,0,0
1,11.61241855661014,5.775162886779722,0,1,1,1,0
0,12.219591217178468,5.7412263484645925,1,1,0,1,0
1,14.156810194537671,6.153251317407045,1,1,0,0,0
1,11.824545277650712,6.7505456668191455,1,0,0,1,0
1,12.424310179739724,7.037844910130138,1,0,0,1,0
1,12.941772380129738,6.658227619870263,1,1,0,0,0
1,12.498937185242958,6.979893718524296,1,0,0,1,0
1,12.16854128146805,5.159050968725772,1,0,1,1,0
1,14.03878660609299,6.3,1,0,0,0,0
0,13.37486332804859,6.275410015854228,0,0,1,1,0
0,13.344805088153375,6.3655847355398745,0,0,1,1,0
1,13.742579964994258,6.352473345001914,1,1,0,0,0
1,11.983676670669904,5.179591481036677,1,0,1,1,0
0,13.293119974160202,6.735626675279933,1,0,0,1,0
1,14.180011621927664,6.580011621927666,1,1,0,0,0
1,13.888048566142457,6.303983811285848,1,1,0,0,0
1,14.25040084792823,5.999198304143542,1,0,1,0,0
0,13.469644706581814,6.5,0,0,1,1,0
1,11.548513576755449,7.002972846489102,0,1,1,0,0
0,13.002532181604604,6.302532181604604,1,0,0,1,0
1,11.912286268897915,5.205256477322498,1,1,1,0,0
0,11.912301902215711,6.809226426661784,0,1,1,1,0
0,12.794540215360245,6.13973726592014,1,1,0,1,0
1,13.251126544269196,5.292481006810645,1,1,1,0,0
1,11.60393338403797,6.996066615962029,1,0,0,1,0
1,11.89281068426342,5.29281068426342,1,0,1,1,0
0,13.514366982809364,6.38768544330626,0,0,1,1,0
1,11.852701541740029,6.716758149911966,1,0,0,1,0
0,12.93691287119669,6.236912871196688,1,0,0,1,0
1,14.16999896712474,6.509996901374223,1,0,1,0,0
0,12.2,5.837209729405728,1,1,0,1,0
0,11.513132316089328,6.552529264357307,0,1,1,0,0
0,13.396350451578844,6.692700903157691,0,0,0,1,0
1,11.522156307916513,7.055687384166975,0,1,1,0,0
0,12.56640188255786,5.8,1,1,0,1,0
0,13.331276003101488,6.484361998449256,0,0,1,1,0
1,14.111753670763743,6.335261012291229,1,0,1,0,0
1,14.15104348636309,6.4531304590892695,1,0,1,0,0
1,12.93117640878814,6.6917647882824784,1,1,0,0,0
1,12.651829128107494,7.0,1,0,0,1,0
1,12.7,5.355675983262916,1,0,1,1,0
1,12.489723016990997,5.15256924575225,1,0,1,1,0
1,12.024231641382384,6.510922030341138,1,0,0,1,0
1,14.079767695274638,6.3,1,0,0,0,0
1,11.93832752185791,6.614006973770505,1,0,0,1,0
1,12.150274432286617,6.359670681256062,1,0,0,1,0
0,13.77772864230758,6.245706309829123,0,0,1,1,0
1,12.65693429519071,7.0,1,0,0,1,0
0,11.646450399191547,6.907741733198591,0,1,1,0,0
1,14.057606075402123,6.3,1,0,0,0,0
0,11.564028800785328,6.935971199214671,0,1,1,0,0
1,11.805486469925611,5.205486469925611,1,0,1,1,0
1,11.721944199616487,5.330093000639189,1,0,1,1,0
0,13.27689917827577,6.57689917827577,1,0,0,1,0
0,11.586354691503214,6.586354691503214,0,1,1,1,0
1,12.628715914602582,7.0,1,0,0,1,0
0,14.121589544947495,6.314393029964998,1,0,1,0,0
0,12.823741052410652,7.084172631726232,1,0,0,1,0
1,12.711680779072564,6.984425627903248,1,1,0,0,0
0,13.391310868699255,6.454344565650373,0,0,1,1,0
1,14.22302713823339,6.053945723533221,1,0,1,0,0
0,12.0343024421999,6.900726831649925,0,1,1,1,0
0,13.323873571877504,6.547747143755003,0,0,0,1,0
0,13.351204575141892,6.602409150283783,0,0,0,1,0
1,14.016306384850951,6.3,1,0,0,0,0
0,11.549179182496244,6.696716729984978,0,1,1,0,0
1,12.99086775599467,6.60913224400533,1,1,0,0,0
1,14.130101220933696,6.390303662801086,1,0,1,0,0
0,12.250771188471164,5.64768643458651,1,1,0,1,0
1,14.1959164278056,6.127350429949917,1,0,1,0,0
1,14.542385907376516,5.932922338641991,1,1,0,0,0
1,12.503394000045931,5.121845111106008,1,0,1,1,0
0,13.903607853895029,6.599278429220995,1,0,0,1,0
1,12.514873751232244,5.161708749589252,1,0,1,1,0
1,12.022141492465948,5.261070746232973,0,1,1,1,0
0,13.118352337863168,6.793882554045611,1,0,0,1,0
1,12.071815669592374,5.243631339184746,1,1,1,0,0
1,13.97052898431142,6.3,1,0,0,0,0
0,13.619666366545694,6.413296262949522,0,0,1,1,0
1,12.626520666600417,7.0,1,0,0,1,0
1,14.194965768570974,6.584897305712921,1,0,1,0,0
1,13.90055873385043,6.3,1,0,0,0,0
0,14.029335114852058,6.574132977029588,1,0,0,1,0
1,14.185045067357365,6.555135202072089,1,0,1,0,0
1,12.012073202199216,5.256036601099608,0,1,1,1,0
1,11.863955138641822,5.221318379547274,1,0,1,1,0
1,11.56887453147288,7.03112546852712,1,0,0,1,0
1,12.234028298566786,5.216492925358304,1,0,1,1,0
0,13.32515009199344,6.42454972401968,0,0,1,1,0
0,11.770391825389812,6.445921634922038,0,1,1,1,0
0,12.517513416187375,6.9941621946042085,1,0,0,1,0
1,11.9,5.296524150891154,0,1,1,1,0
1,13.928052722814066,6.3,1,0,0,0,0
0,13.324517881417252,6.4264463557482445,0,0,1,1,0
1,12.181968936032971,6.960246117004122,1,0,0,1,0
1,11.644131845800612,5.527041785039264,1,1,1,0,0
0,13.076788972942222,6.3767889729422205,1,0,0,1,0
1,12.9,7.013049733648443,1,1,1,0,0
0,13.879354790493684,6.18924733861462,0,0,1,1,0
1,11.966517566143452,5.166964867713096,1,1,1,0,0
0,13.66758053921362,6.418620059912625,0,0,1,1,0
1,11.646401804738876,5.430397292891686,1,0,1,1,0
0,13.316324596089116,6.4918377019554425,0,0,1,1,0
1,12.04304413994949,6.488347032060611,1,0,0,1,0
1,14.18276954999512,6.138417400002789,1,1,0,0,0
0,12.214850703283403,5.755447890149791,1,1,0,1,0
0,14.241427457855208,6.5,0,0,1,1,0
1,12.194304424664828,6.9494304424664834,1,0,0,1,0
1,11.504665069991844,7.090669860016311,0,1,1,0,0
1,13.91672538816097,6.3,1,0,0,0,0
0,13.357573465684505,6.471213267157749,0,0,1,1,0
1,13.098018980450414,6.6,1,1,0,0,0
0,14.094752300663426,6.069582055186986,0,0,1,1,0
1,12.728258635346968,6.957612046979546,1,1,1,0,0
1,11.9,5.264065316582011,0,1,1,1,0
1,11.678775881528118,6.921224118471882,1,0,0,1,0
1,14.11297815917218,6.338934477516547,1,0,1,0,0
1,12.7,5.623652710768321,1,0,1,1,0
0,13.770691138830657,6.24961603398297,0,0,1,1,0
1,14.173090353517072,6.519271060551218,1,0,1,0,0
0,12.81491438036834,7.09005707975444,1,0,0,1,0
0,14.13133613138696,6.320890754257975,1,0,1,0,0
0,13.213984801424546,6.824010132383637,1,0,0,1,0
0,11.501333509030252,6.501333509030254,0,1,1,1,0
0,13.977427294636826,5.990776604597006,0,0,1,1,0
1,14.25752753198844,6.0956985531494645,1,1,0,0,0
0,12.538044458530951,5.678533343898214,1,1,0,1,0
1,14.28936443254686,5.959144021415652,1,0,1,0,0
1,12.442496693547236,5.128611478494752,1,0,1,1,0
1,13.483860184991514,6.466455926003395,1,1,0,0,0
1,12.154440999773003,5.236389750056748,1,0,1,1,0
0,13.42494150489942,6.5,0,0,1,1,0
1,11.975758043775706,5.180471328469366,1,0,1,1,0
1,12.424591372629097,7.037704313685452,1,0,0,1,0
0,13.383756786608084,6.667513573216172,0,0,0,1,0
0,13.375693898353733,6.27291830493881,0,0,1,1,0
1,13.975691659330176,6.375691659330177,1,1,0,0,0
1,14.130532538887044,6.238934922225909,1,0,1,0,0
1,12.779140997877716,6.881288503183426,1,1,1,0,0
0,12.868923005336384,6.8770256648878725,1,0,0,1,0
1,12.639063300360222,7.0,1,0,0,1,0
0,13.536325854564229,6.368863553230662,0,0,1,1,0
0,11.98254902557247,6.963758170928745,0,1,1,0,0
1,13.924134689920317,6.3,1,0,0,0,0
1,14.300881273972417,5.938413706849654,1,0,1,0,0
0,13.0172062327886,6.3586031163943,0,0,1,1,0
0,13.341011754908298,6.582023509816594,0,0,0,1,0
0,11.95093431102276,6.838200733267071,0,1,1,1,0
0,13.415397319875677,6.442301340062163,0,0,1,1,0
1,12.452839543212828,7.023580228393587,1,0,0,1,0
1,13.284203878730462,5.297569827496994,1,1,1,0,0
1,11.969626078273672,5.282593480431582,1,0,1,1,0
1,14.191875291368774,6.116249417262451,1,0,1,0,0
1,14.182843739610734,6.548531218832202,1,0,1,0,0
0,13.313699591934874,6.493150204032563,0,0,1,1,0
0,13.38411783213808,6.457941083930961,0,0,1,1,0
1,14.115649311409893,6.346947934229682,1,0,1,0,0
0,13.785438917181246,6.622912216563751,1,0,0,1,0
1,12.846888687277238,6.804148416963683,1,1,0,0,0
0,11.844101723032324,6.940683620505388,0,1,1,0,0
0,13.366418801950626,6.632837603901252,0,0,0,1,0
1,12.262148648713858,5.245950450428714,1,0,1,1,0
1,13.733187493074258,6.3667250027702975,1,1,0,0,0
1,14.13893928849573,6.222121423008541,1,0,1,0,0
1,12.513741482871898,6.98137414828719,1,0,0,1,0
1,12.539322571007002,7.0,1,0,0,1,0
0,13.406746028187646,6.2134920563752924,0,0,1,1,0
0,11.562627195285067,6.93737280471493,0,1,1,0,0
1,14.139353587761953,6.418060763285855,1,0,1,0,0
1,14.179649507272444,6.538948521817333,1,0,1,0,0
1,14.142628545756155,6.223268617638915,1,0,1,0,0
0,13.057055392697372,6.378527696348685,0,0,1,1,0
1,12.159401935241776,5.1600664516398025,1,0,1,1,0
0,13.283568708798354,6.491784354399177,0,0,1,1,0
1,14.195448414865956,6.586345244597871,1,0,1,0,0
0,13.31933224368932,6.538664487378635,0,0,0,1,0
0,12.01405384352102,6.969008973920171,0,1,1,0,0
1,12.531237629871738,6.983123762987174,1,0,0,1,0
0,13.301350962730783,6.601350962730784,1,0,0,1,0
0,12.979831673627851,6.27983167362785,1,0,0,1,0
1,14.052714782693316,6.3,1,0,0,0,0
0,13.352145483303484,6.715951505565506,1,0,0,1,0
1,11.9,5.263664452588954,0,1,1,1,0
1,11.535941345844886,7.064058654155113,1,0,0,1,0
1,11.860444673113909,6.707466392263311,1,0,0,1,0
1,13.98436936678194,6.3,1,0,0,0,0
1,11.573822998985502,6.952354002028996,0,1,1,0,0
0,13.490757770096474,6.404621114951763,0,0,1,1,0
1,12.580329177736996,7.0,1,0,0,1,0
1,14.10268301508251,6.308049045247531,1,0,1,0,0
1,12.867959740874252,6.776053678834328,1,1,0,0,0
1,11.556846686838124,6.9863066263237545,0,1,1,0,0
1,12.02947627281094,5.158952545621883,1,1,1,0,0
1,12.253499061012803,5.211625234746799,1,0,1,1,0
0,12.2,5.828620573052988,1,1,0,1,0
0,13.189536449239323,6.840309033840452,1,0,0,1,0
1,11.957508185051696,5.252502728350565,1,0,1,1,0
0,12.574922346756376,5.8,1,1,0,1,0
0,13.35415977812984,6.715280073956721,1,0,0,1,0
1,11.759463423655893,5.38864389161293,1,1,1,0,0
0,11.5884971642334,6.911502835766602,0,1,1,0,0
1,12.32743397988252,6.978429247485315,1,0,0,1,0
0,13.022750088083324,6.951499941277785,1,0,0,1,0
0,12.807063711612752,6.8976454294624165,1,0,0,1,0
1,12.962665413275634,6.637334586724366,1,1,0,0,0
1,13.192644079738004,6.535785306753998,1,1,0,0,0
1,14.377204797086524,5.801031365244256,1,0,1,0,0
0,12.35386962414217,5.887925499509812,1,1,0,1,0
1,13.960209544900426,6.265594545771186,1,1,0,0,0
1,12.950093753614404,6.649906246385595,1,1,0,0,0
0,14.278057952791832,6.524388409441634,1,0,0,1,0
1,11.596866979218122,5.578916275977347,0,1,1,1,0
1,12.259306196950446,7.086435398983482,1,0,0,1,0
1,12.061841802779984,6.936184180277999,1,0,0,1,0
0,13.38215608274773,6.458921958626135,0,0,1,1,0
0,11.833637335999414,6.833637335999414,0,1,1,1,0
0,13.126937023815533,6.426937023815533,1,0,0,1,0
1,12.666966373460006,5.103670402948888,1,0,1,1,0
0,12.603981811742749,6.96533939608575,1,0,0,1,0
1,11.952404369028123,6.925240436902812,1,0,0,1,0
0,11.694647743958573,6.645985807968928,0,1,1,1,0
0,13.708847175237093,6.220988135511065,0,0,1,1,0
0,11.50927239813907,6.498145520372186,0,1,1,1,0
1,12.7,5.4624532126386445,1,0,1,1,0
1,12.9,6.91248903355277,1,1,1,0,0
0,13.905117403076082,6.5,0,0,1,1,0
0,12.271814039222148,5.640929803889264,1,1,0,1,0
0,12.797376134624596,6.900874621791802,1,0,0,1,0
1,12.971949596318964,6.637400538241382,1,1,0,0,0
0,13.48675433829917,6.373508676598339,0,0,1,1,0
1,12.960051072242416,6.639948927757585,1,1,0,0,0
1,12.928042753505828,6.6719572464941725,1,1,0,0,0
0,13.470866182828663,6.341732365657326,0,0,1,1,0
1,12.932089478670845,6.690547361772209,1,1,0,0,0
1,12.61527217603028,5.130810117807171,1,0,1,1,0
0,14.277582429740594,6.418388286493729,1,0,1,0,0
0,13.222640973005566,6.461320486502783,0,0,1,1,0
1,14.04343859682701,6.3,1,0,0,0,0
0,12.85462767449253,7.063581550338314,1,0,0,1,0
1,11.659019037652977,6.923607615061191,0,1,1,0,0
1,12.458491607309648,5.187821233705582,1,0,1,1,0
1,11.962814499180276,5.174371001639448,1,1,1,0,0
1,12.753028958838325,6.920456561742514,1,1,1,0,0
1,12.69641042918852,7.0,1,0,0,1,0
0,12.93485009228335,6.234850092283351,1,0,0,1,0
1,14.2768414557208,5.946317088558399,1,0,1,0,0
0,13.33791715019499,6.57583430038998,0,0,0,1,0
0,13.322265821095565,6.544531642191129,0,0,0,1,0
0,13.47023943205356,6.340478864107118,0,0,1,1,0
0,14.041389406155838,6.46015437846176,0,0,1,1,0
1,11.65063413900709,5.511707326241138,0,1,1,1,0
1,13.132727330474756,6.6,1,1,0,0,0
1,14.180938439106123,6.542815317318371,1,0,1,0,0
0,13.34584434003342,6.362466979899742,0,0,1,1,0
1,11.577247774818696,6.945504450362606,0,1,1,0,0
1,12.583482762870505,5.112946359681055,1,0,1,1,0
0,13.253254981992164,6.748915006002612,1,0,0,1,0
0,14.0581189177206,6.462013213080067,0,0,1,1,0
0,13.444670689299404,6.4276646553502985,0,0,1,1,0
0,12.204981283807596,5.78505614857721,1,1,0,1,0
1,14.147744537932498,6.547744537932497,1,1,0,0,0
1,13.553826745408054,6.415391084863981,1,1,0,0,0
1,14.190304806253527,6.137451348743648,1,0,1,0,0
0,11.566391180376248,6.765564721504992,0,1,1,0,0
1,13.817771545554756,6.327409484815082,1,1,0,0,0
0,13.139309089681271,6.786896970106243,1,0,0,1,0
1,14.023395099582151,6.423395099582151,1,1,0,0,0
1,12.162127747234816,5.279290750921728,1,0,1,1,0
1,14.005185307857126,6.3,1,0,0,0,0
1,11.963464449400048,6.926346444940005,1,0,0,1,0
0,13.574643397542426,6.5,0,0,1,1,0
0,12.77315128443952,6.908949571853493,1,0,0,1,0
1,13.354006973466232,6.518397210613507,1,1,0,0,0
0,13.300616771062066,6.498149686813808,0,0,1,1,0
1,13.556888332908606,6.414370555697131,1,1,0,0,0
1,12.64922727955555,7.0,1,0,0,1,0
0,12.80952735378484,7.093648430810107,1,0,0,1,0
1,12.490682791372556,5.169772402875815,1,0,1,1,0
1,11.934279891140662,5.185080012095482,1,0,1,1,0
1,12.821847226675612,7.012611093297547,1,1,1,0,0
1,12.505150653444094,7.0,1,0,0,1,0
0,13.94745509814806,6.590508980370388,1,0,0,1,0
0,14.1370966220094,6.3247310813396,1,0,1,0,0
1,14.439033853734246,5.689739063278356,1,0,1,0,0
0,12.219422516883265,5.741732449350206,1,1,0,1,0
1,12.098071992820056,5.299357330940018,1,0,1,1,0
1,13.82859372649421,6.328562509402316,1,1,0,0,0
0,13.885785848296218,6.442865094255136,0,0,1,1,0
1,12.445205441271913,5.128310506525343,1,0,1,1,0
0,14.070220320847476,6.083210932862514,0,0,1,1,0
1,12.484747325510346,6.9980934156887935,1,0,0,1,0
1,13.905690360575834,6.3,1,0,0,0,0
0,13.15804634093385,6.458046340933851,1,0,0,1,0
1,14.160444956283875,6.481334868851629,1,0,1,0,0
0,11.74505572874302,6.924175954790504,0,1,1,0,0
0,11.72488264859482,6.724882648594819,0,1,1,1,0
1,11.70245364625474,6.89705562449431,1,0,0,1,0
0,13.312411848283322,6.524823696566641,0,0,0,1,0
0,13.38148728494268,6.662974569885357,0,0,0,1,0
0,12.2,5.896778651150504,1,1,0,1,0
1,11.76727684321492,5.379267788142097,1,1,1,0,0
1,12.117097264842826,5.16476697057302,1,0,1,1,0
0,13.404405941270229,6.208811882540452,0,0,1,1,0
0,12.20167578481483,6.089945291111016,1,1,0,1,0
0,12.573341188186122,5.705005891139591,1,1,0,1,0
0,11.580010572888206,6.219962994891278,0,1,1,1,0
0,13.334514391938956,6.396456824183135,0,0,1,1,0
0,13.355399886408335,6.472300056795833,0,0,1,1,0
1,11.597054942871226,7.002945057128773,1,0,0,1,0
1,13.392562787439124,6.469145737520292,1,1,0,0,0
0,13.366564755396714,6.30030573380986,0,0,1,1,0
1,13.932751082428792,6.3,1,0,0,0,0
0,13.392846357476689,6.692846357476689,1,0,0,1,0
1,11.969460294116562,6.933682536764571,1,0,0,1,0
0,12.2,5.9128713158381885,1,1,0,1,0
1,14.127687944632829,6.527687944632828,1,1,0,0,0
1,11.898285159433229,5.202143550708467,0,1,1,1,0
0,12.073127443113442,7.073127443113443,0,1,1,1,0
0,12.985671020379488,6.285671020379486,1,0,0,1,0
1,12.910880425701336,6.718826099064886,1,1,0,0,0
0,12.205674981933695,7.029256236450273,0,1,1,1,0
1,12.212800687195069,6.964100085899384,1,0,0,1,0
1,13.576275285610622,6.407908238129792,1,1,0,0,0
1,12.635857436654495,7.0,1,0,0,1,0
1,11.9,5.2571548774849255,0,1,1,1,0
1,14.195175125517784,6.585525376553351,1,0,1,0,0
0,14.010775869029638,6.5,0,0,1,1,0
1,12.421759273771707,7.0391203631141455,1,0,0,1,0
1,13.039838706247298,6.6,1,1,0,0,0
0,13.11504545989362,6.415045459893619,1,0,0,1,0
1,12.34218981139027,7.078905094304865,1,0,0,1,0
0,12.2,5.903116655375777,1,1,0,1,0
1,13.910927021703776,6.3,1,0,0,0,0
0,12.800210463512332,6.8999298454958895,1,0,0,1,0
1,14.114804787690344,6.344414363071037,1,0,1,0,0
1,11.795393166587402,5.207678055687666,1,0,1,1,0
1,12.177448889931476,5.274183703356174,1,0,1,1,0
1,12.355244482034513,5.2253656428965405,1,0,1,1,0
1,12.149326079283489,6.956165759910436,1,0,0,1,0
0,14.110097259076072,6.5,0,0,1,1,0
0,13.57772883642966,6.5,0,0,1,1,0
1,11.703258095498738,6.9010860318329135,1,0,0,1,0
1,12.20075857134062,5.155471269851042,1,0,1,1,0
0,13.65402769258304,6.649194461483392,1,0,0,1,0
0,11.528487832176964,6.971512167823037,0,1,1,0,0
1,12.719685553922597,5.2107208544496295,1,1,1,0,0
1,11.784979852851391,6.910622481606424,1,0,0,1,0
0,13.365032317804744,6.665032317804743,1,0,0,1,0
1,12.589575159374862,5.136808280208379,1,0,1,1,0
0,14.176332380358218,6.350888253572146,1,0,1,0,0
1,14.042513015575675,6.3,1,0,0,0,0
1,14.00161459585289,6.2419345166554905,1,1,0,0,0
0,12.935414560326414,6.235414560326414,1,0,0,1,0
1,12.147237935778271,6.944723793577827,1,0,0,1,0
1,12.427216389279309,6.990902048659914,1,0,0,1,0
1,13.599835308050388,6.400054897316537,1,1,0,0,0
1,14.145502629270505,6.436507887811517,1,0,1,0,0
1,13.238524389315574,6.56459024427377,1,1,0,0,0
1,13.973671649456383,6.3,1,0,0,0,0
1,12.585482327841468,7.0,1,0,0,1,0
0,13.082357621985963,6.911761585342691,1,0,0,1,0
0,13.711950009185816,6.637609998162837,1,0,0,1,0
0,12.672232435481188,6.942589188172938,1,0,0,1,0
1,11.93392184598087,5.232156308038262,1,1,1,0,0
0,11.601042702728028,6.601042702728028,0,1,1,1,0
0,13.3702691193276,6.289192642017205,0,0,1,1,0
0,12.2,5.857167720821291,1,1,0,1,0
1,12.854867604495611,6.880529582017547,1,1,1,0,0
1,14.159216901380358,6.1815661972392855,1,0,1,0,0
0,13.783266605255282,6.157200052638331,0,0,1,1,0
0,13.798458890819829,6.6203082218360345,1,0,0,1,0
0,13.088168176107338,6.388168176107337,1,0,0,1,0
1,12.9,6.720259241945954,1,1,1,0,0
1,11.802676169610752,5.394647660778498,0,1,1,1,0
0,14.166458600542926,6.344305733695284,1,0,1,0,0
1,11.65507611357243,5.689847772855138,0,1,1,1,0
1,12.868027584207091,6.775963221057208,1,1,0,0,0
0,14.19959252861091,6.47773250317899,0,0,1,1,0
0,13.885858322677416,6.442873146964158,0,0,1,1,0
1,11.717095287411192,6.946838114964478,0,1,1,0,0
1,11.98429053271852,5.131418934562958,1,1,1,0,0
0,11.87630599622191,6.424738800755618,0,1,1,1,0
1,12.893157082758464,6.710264375862304,1,1,1,0,0
1,13.92560531742386,6.3,1,0,0,0,0
1,12.447958101596598,6.993494762699575,1,0,0,1,0
1,14.143486679047315,6.430460037141946,1,0,1,0,0
1,12.021907658354044,7.068763063341618,0,1,1,0,0
0,14.302690084633271,6.435126723088849,1,0,1,0,0
0,13.435802223810862,6.2716044476217245,0,0,1,1,0
1,11.823245345364011,5.353509309271978,0,1,1,1,0
1,11.938140314928738,5.246046771642913,1,0,1,1,0
0,12.419854019733553,5.8,1,1,0,1,0
0,12.99559011973275,6.347795059866375,0,0,1,1,0
1,13.94094796326942,6.3,1,0,0,0,0
1,14.155448195976556,6.466344587929674,1,0,1,0,0
1,12.60079759934151,6.50053173289434,1,1,1,0,0
0,11.56880564214118,6.775222568564722,0,1,1,0,0
1,11.947938119262457,5.18356243119306,1,0,1,1,0
1,12.344995082348424,7.077502458825788,1,0,0,1,0
1,14.249907237070412,6.0001855258591785,1,0,1,0,0
0,12.889858760403309,6.194205005944748,1,1,0,1,0
0,13.337978850243989,6.481010574878007,0,0,1,1,0
0,12.996217757642064,6.9691881615719575,1,0,0,1,0
0,13.200562267092494,6.450281133546246,0,0,1,1,0
1,11.9,5.2833355114096205,0,1,1,1,0
0,11.54211135706298,6.95788864293702,0,1,1,0,0
1,13.742471968763777,6.3525093437454085,1,1,0,0,0
0,11.575623749979394,6.924376250020606,0,1,1,0,0
1,13.943377989828011,6.3,1,0,0,0,0
0,13.39260450153896,6.45369774923052,0,0,1,1,0
0,13.889937012416596,6.0657682750714885,0,0,1,1,0
0,14.300066914253025,6.488896323805892,0,0,1,1,0
1,12.868980036038584,6.824079855845668,1,1,1,0,0
0,11.530415989614008,6.969584010385992,0,1,1,0,0
1,11.558396372113837,7.041603627886165,1,0,0,1,0
1,12.7,5.475512103869811,1,0,1,1,0
0,12.281158860329889,5.613046838020675,1,1,0,1,0
1,11.732897517293914,6.904112189661739,1,0,0,1,0
0,12.341654236124231,5.880945277785276,1,1,0,1,0
1,12.717751699795018,6.973372450307471,1,1,1,0,0
1,12.530121503383729,5.156626165538756,1,0,1,1,0
1,11.94588434750662,5.208231304986765,1,1,1,0,0
1,14.199753680608527,6.100492638782943,1,0,1,0,0
0,13.37022190819667,6.28933427540999,0,0,1,1,0
1,11.798538690237512,5.341753571714985,1,1,1,0,0
0,13.353343491189747,6.473328254405127,0,0,1,1,0
0,13.36712062400066,6.634241248001316,0,0,0,1,0
1,11.599533673634513,5.5341105439424805,1,0,1,1,0
0,11.616336488238504,6.092822291165231,0,1,1,1,0
0,12.063368057434252,6.977228009572376,0,1,1,0,0
1,12.393515713688938,5.21144883138584,1,0,1,1,0
1,12.17318015290443,5.158535538566174,1,0,1,1,0
1,12.68891350866283,7.0,1,0,0,1,0
1,14.047272893472924,6.3,1,0,0,0,0
1,14.140445173729423,6.421335521188277,1,0,1,0,0
0,13.43897013579932,6.692205972840136,1,0,0,1,0
0,12.644020193694075,5.901356892643089,1,1,0,1,0
1,11.63530625621156,6.96469374378844,1,0,0,1,0
0,12.167835886883791,6.994639314480632,0,1,1,0,0
0,11.518171272243018,6.572685088972071,0,1,1,0,0
0,13.3426423912248,6.585284782449597,0,0,0,1,0
1,14.168404712731157,6.14662587843934,1,1,0,0,0
1,14.030659732464173,6.430659732464173,1,1,0,0,0
0,13.205369168694842,6.764876943768386,1,0,0,1,0
1,11.696632017243914,5.355051974134129,1,0,1,1,0
1,12.076172379724971,6.947021547465622,1,0,0,1,0
0,14.203587397697287,6.3690582651315255,1,0,1,0,0
1,14.256538509938508,5.986922980122985,1,0,1,0,0
1,12.61241062751149,5.129196457496169,1,0,1,1,0
1,12.770610304787768,6.905852926949641,1,1,0,0,0
0,14.256507789057077,6.404338526038051,1,0,1,0,0
1,14.298945753845832,5.902108492308339,1,0,1,0,0
0,13.58726005931952,6.409695562146614,0,0,1,1,0
1,12.345917102193331,6.9645917102193335,1,0,0,1,0
1,14.191074429476126,6.573223288428379,1,0,1,0,0
1,14.274054795582462,5.986701367951568,1,0,1,0,0
1,14.17644964735837,6.162390634754933,1,0,1,0,0
1,14.169466238366269,6.161067523267467,1,0,1,0,0
1,13.937933026453887,6.3,1,0,0,0,0
1,14.13720726326797,6.233026926117653,1,0,1,0,0
1,12.241992689528136,7.0806642298427125,1,0,0,1,0
0,13.38202831250202,6.664056625004041,0,0,0,1,0
0,13.408846770926983,6.445576614536508,0,0,1,1,0
1,11.970295042301558,5.235147521150779,0,1,1,1,0
0,14.178325895599894,6.352217263733262,1,0,1,0,0
0,11.531266637123164,6.968733362876834,0,1,1,0,0
1,14.139254719600482,6.229341504719131,1,0,1,0,0
1,12.314884261435612,6.976860532679452,1,0,0,1,0
1,11.726669204019824,6.902666920401983,1,0,0,1,0
1,11.830617879959146,5.286727650051069,0,1,1,1,0
0,11.5545011365688,6.9454988634312,0,1,1,0,0
0,13.388823386885363,6.707451075409757,1,0,0,1,0
1,14.070767170540806,6.3,1,0,0,0,0
0,11.980700913035363,6.980700913035364,0,1,1,1,0
1,12.508543733533534,7.0,1,0,0,1,0
0,13.751477363850798,6.427941929316756,0,0,1,1,0
1,11.512521907476456,5.679130154205906,1,0,1,1,0
1,12.616794992710494,7.0,1,0,0,1,0
1,14.169407378375093,6.175066718924834,1,0,1,0,0
0,11.540293101497038,6.6611724059881565,0,1,1,0,0
0,12.723432308444652,6.925522563851783,1,0,0,1,0
0,11.640727607080205,6.640727607080203,0,1,1,1,0
0,11.626857597164271,6.055998409925047,0,1,1,1,0
1,11.846842872814994,6.9146842872815,1,0,0,1,0
1,11.9,5.28664979033316,0,1,1,1,0
1,12.922320658999237,6.79419835250191,1,1,0,0,0
1,12.41453067346172,5.203807027832101,1,0,1,1,0
0,14.1539574940121,6.54920850119758,1,0,0,1,0
0,12.081315240570122,6.980219206761687,0,1,1,0,0
0,11.876283522660728,6.424743295467855,0,1,1,1,0
0,13.658899551158868,6.26380038472097,0,0,1,1,0
1,12.468561637769668,6.996070204721208,1,0,0,1,0
1,13.944789744673448,6.3,1,0,0,0,0
1,11.9,5.21233553714498,0,1,1,1,0
1,11.781678669657394,5.433935029215493,1,0,1,1,0
1,12.9,7.0300503389332105,1,1,1,0,0
0,13.426352445020829,6.694729510995835,1,0,0,1,0
0,13.47755997333068,6.355119946661362,0,0,1,1,0
1,12.950838584509206,6.665548553987724,1,1,0,0,0
1,11.546147992353664,7.007704015292671,0,1,1,0,0
0,13.100959970540444,6.799680009819852,1,0,0,1,0
1,12.716044508405224,6.975933237392164,1,1,1,0,0
0,13.375108911682007,6.650217823364018,0,0,0,1,0
1,12.099002596006969,6.949875324500871,1,0,0,1,0
1,11.816693489872694,5.216693489872694,1,0,1,1,0
0,13.30488181891503,6.509763637830059,0,0,0,1,0
1,12.997638062851886,6.602361937148115,1,1,0,0,0
0,14.143804228597032,6.04233098411276,0,0,1,1,0
1,13.923736123051476,6.3,1,0,0,0,0
0,11.886294635084234,6.947715772514039,0,1,1,0,0
1,11.948992946103504,5.202014107792991,1,1,1,0,0
1,11.96103912127477,7.044415648509908,0,1,1,0,0
1,12.530902993748017,5.181677383653541,1,1,1,0,0
0,12.271968081454595,5.668191511272433,1,1,0,1,0
0,13.368075660167854,6.465962169916073,0,0,1,1,0
1,12.7,5.313032627501428,1,0,1,1,0
0,13.130425192298468,6.789858269233845,1,0,0,1,0
0,12.99201961721544,6.835993460928187,1,0,0,1,0
1,14.193878334452489,6.131018997985521,1,0,1,0,0
1,13.342314594848515,6.485895135050495,1,1,0,0,0
1,13.066391137584269,6.577869620805244,1,1,0,0,0
1,12.944822748669557,6.6551772513304455,1,1,0,0,0
0,13.3729125944679,6.6458251889358,0,0,0,1,0
1,14.116822763875064,6.3504682916252,1,0,1,0,0
1,12.076047458478609,5.252094916957219,1,1,1,0,0
0,13.338102622600251,6.385692132199248,0,0,1,1,0
1,14.032913869733786,6.3,1,0,0,0,0
1,13.924316661417247,6.3,1,0,0,0,0
0,13.66486659392992,6.258685776631498,0,0,1,1,0
1,14.25065690024906,5.99868619950188,1,0,1,0,0
1,12.446103140437282,5.184632286520905,1,0,1,1,0
1,11.84508840530001,5.245088405300009,1,0,1,1,0
1,14.22454209286664,6.075824232840046,1,0,1,0,0
1,13.803239728248576,6.332253423917141,1,1,0,0,0
0,13.317183516668605,6.534367033337209,0,0,0,1,0
1,14.1172476847619,6.517247684761899,1,1,0,0,0
1,11.503532276363346,7.092935447273308,0,1,1,0,0
1,12.879639923315056,6.760480102246593,1,1,0,0,0
1,11.74554860471866,6.845341674337608,1,0,0,1,0
0,14.145973735242906,5.846308226934651,0,0,1,1,0
1,12.7,5.596487090450945,1,0,1,1,0
0,12.920613865976566,7.019590756015623,1,0,0,1,0
1,12.59976224504562,5.125059438738594,1,0,1,1,0
1,12.125706099348388,6.389152680781932,1,0,0,1,0
1,12.809453232925748,5.224531266603961,1,1,1,0,0
1,12.565393501300656,5.11495627763326,1,0,1,1,0
1,12.43597645586264,6.991997056982831,1,0,0,1,0
1,12.228226226545454,5.257257924484848,1,0,1,1,0
1,14.277053091776542,5.945893816446918,1,0,1,0,0
1,13.727176317418204,6.357607894193932,1,1,0,0,0
0,13.435876533787,6.4320617331065,0,0,1,1,0
0,12.221086294578868,5.973482232526787,1,1,0,1,0
0,13.402791757556583,6.205583515113166,0,0,1,1,0
1,14.048328476976318,6.3,1,0,0,0,0
0,14.1994305956729,5.800488060851798,0,0,1,1,0
0,13.462771156499192,6.687445768700162,1,0,0,1,0
0,13.14710319977351,6.447103199773509,1,0,0,1,0
0,11.7508226775443,6.92513711292405,0,1,1,0,0
0,13.74343138178975,6.63131372364205,1,0,0,1,0
0,13.349627418697308,6.599254837394616,0,0,0,1,0
1,14.260199627508738,6.011640670484269,1,0,1,0,0
0,14.391752512114914,6.494501674743276,1,0,1,0,0
0,11.8967150324832,6.420656993503361,0,1,1,1,0
0,12.558704614281886,6.980431795239372,1,0,0,1,0
0,14.257232539430024,6.404821692953349,1,0,1,0,0
0,13.260313898738644,6.7465620337537855,1,0,0,1,0
0,11.73707085332338,6.677803139992534,0,1,1,1,0
1,11.605469720307116,6.994530279692884,1,0,0,1,0
1,14.032010907054929,6.3,1,0,0,0,0
1,14.389870911464284,5.778232359364289,1,0,1,0,0
0,13.326994963508085,6.419015109475749,0,0,1,1,0
1,12.380034435147955,5.206655188284015,1,0,1,1,0
1,12.590967784808871,7.0,1,0,0,1,0
1,13.36798218088806,6.512807127644776,1,1,0,0,0
0,13.379657249784586,6.659314499569173,0,0,0,1,0
0,13.334755341628988,6.569510683257973,0,0,0,1,0
1,12.193981466453092,5.284006739471602,1,0,1,1,0
0,11.524010367117908,6.596041468471635,0,1,1,0,0
0,12.899191059263744,6.866936313578752,1,0,0,1,0
1,11.9319790970312,5.185335655885423,1,0,1,1,0
1,11.65874350195141,5.501570622560739,0,1,1,1,0
1,12.247892343061467,7.082630781020489,1,0,0,1,0
1,13.525355836001973,6.424881387999342,1,1,0,0,0
0,12.2,5.832548735362362,1,1,0,1,0
0,13.396910241600857,6.451544879199573,0,0,1,1,0
0,13.977957195455245,6.584408560908951,1,0,0,1,0
1,12.99358642484522,6.606413575154778,1,1,0,0,0
1,11.896341027673142,5.22439076679223,1,1,1,0,0
1,12.679874325175016,6.553249550116679,1,1,1,0,0
0,13.388128453261924,6.455935773369038,0,0,1,1,0
1,12.62688217705718,5.124372607647606,1,0,1,1,0
1,14.13252805727442,6.2349438854511625,1,0,1,0,0
0,11.706481721724304,6.45870365565514,0,1,1,1,0
0,13.04305069215014,6.81898310261662,1,0,0,1,0
0,11.971721336568685,6.405655732686263,0,1,1,1,0
0,12.291305142490494,5.5260845725285215,1,1,0,1,0
0,14.269648970784823,6.4855165523094245,0,0,1,1,0
1,14.404945717502647,5.751097708495232,1,0,1,0,0
0,11.59167283316582,6.866691332663281,0,1,1,0,0
1,12.171149206701234,7.057049735567078,1,0,0,1,0
0,13.449662386766375,6.299324773532753,0,0,1,1,0
1,14.151531658005991,6.454594974017983,1,0,1,0,0
1,14.327185624895094,5.891065875188831,1,0,1,0,0
0,11.839326959083603,6.939887826513934,0,1,1,0,0
0,13.611933181524597,6.3378148991530034,0,0,1,1,0
1,12.402272144738747,6.987784018092344,1,0,0,1,0
0,12.251961617527844,5.788230294832943,1,1,0,1,0
1,13.016564315470308,6.6,1,1,0,0,0
1,12.178507584916098,5.157943601675989,1,0,1,1,0
1,11.63435696369002,5.739875313542467,1,1,1,0,0
0,13.213823948427937,6.82411736771471,1,0,0,1,0
1,12.033521839027014,5.277840613009005,1,0,1,1,0
1,14.136389345533535,6.409168036600607,1,0,1,0,0
1,12.257716298730882,5.149142633474346,1,0,1,1,0
0,13.330371150540612,6.484814424729694,0,0,1,1,0
1,11.900970289742164,6.925121286217771,1,0,0,1,0
1,12.140681356044604,5.162146515995044,1,0,1,1,0
0,12.038010839374982,6.973001806562497,0,1,1,0,0
1,13.138783660572733,6.553738779809089,1,1,0,0,0
0,12.055953026610204,6.975992171101701,0,1,1,0,0
0,11.677344524836768,5.879294163071313,0,1,1,1,0
1,12.31073349727042,6.976341687158802,1,0,0,1,0
1,13.01346804505726,6.6,1,1,0,0,0
0,12.224024161912928,5.955855028522433,1,1,0,1,0
0,12.939128624824232,6.239128624824233,1,0,0,1,0
0,13.357925994063462,6.615851988126924,0,0,0,1,0
1,13.68644325850432,6.3854226965982726,1,1,0,0,0
0,14.212228610088047,6.3748190733920325,1,0,1,0,0
1,12.041140132427367,5.173206651952515,1,0,1,1,0
1,11.559658202345773,6.980683595308459,0,1,1,0,0
0,11.63707026805612,6.472585946388776,0,1,1,1,0
0,13.292039425839755,6.496019712919878,0,0,1,1,0
1,12.191198819712524,6.949119881971253,1,0,0,1,0
0,12.87874436796334,7.047503754691107,1,0,0,1,0
0,11.846690058335769,6.846690058335769,0,1,1,1,0
0,11.54218832722334,6.668753308893363,0,1,1,0,0
1,12.64289084309934,7.0,1,0,0,1,0
0,12.024061323800362,6.970676887300061,0,1,1,0,0
0,13.894196709802186,6.06211710588384,0,0,1,1,0
0,13.716831294852788,6.27953816952623,0,0,1,1,0
0,14.12992827857564,5.860061475506595,0,0,1,1,0
0,14.363705824761825,6.5,0,0,1,1,0
1,13.924454366242712,6.286026076432736,1,1,0,0,0
0,13.341923899957663,6.641923899957664,1,0,0,1,0
0,13.878857494512737,6.4420952771680815,0,0,1,1,0
1,12.96380975841148,6.636190241588521,1,1,0,0,0
0,11.502840188747795,6.5113607549911805,0,1,1,0,0
0,12.2,5.876789765746841,1,1,0,1,0
1,11.797664286739307,5.327919641575867,0,1,1,1,0
0,13.458803360929368,6.317606721858737,0,0,1,1,0
0,13.518187271359803,6.402020807928867,0,0,1,1,0
1,14.090843442531767,6.490843442531769,1,1,0,0,0
1,14.246604643157102,6.006790713685798,1,0,1,0,0
0,11.685163414434957,6.9141939024058265,0,1,1,0,0
0,13.785894418982734,6.241169767231815,0,0,1,1,0
1,12.619359338602584,7.0,1,0,0,1,0
0,13.556368951640422,6.351683755736782,0,0,1,1,0
1,13.91401712848383,6.3,1,0,0,0,0
1,12.318278458282538,6.961827845828254,1,0,0,1,0
1,12.667054758002436,7.0,1,0,0,1,0
1,11.594347757254338,7.0056522427456605,1,0,0,1,0
0,12.106312740187708,6.984385456697951,0,1,1,0,0
1,11.580016957512877,5.566638404145209,1,0,1,1,0
1,14.057199120678415,6.210171931040905,1,1,0,0,0
0,12.982119074971775,6.839293641676075,1,0,0,1,0
0,13.313092655949486,6.460722032151542,0,0,1,1,0
1,12.0879606086078,5.25300984784805,1,0,1,1,0
1,12.282400286323147,5.204399928419213,1,0,1,1,0
0,11.595139999864912,6.167010000472808,0,1,1,1,0
0,11.53316237325842,6.533162373258418,0,1,1,1,0
0,12.085361372433804,6.980893562072302,0,1,1,0,0
1,12.7,5.304106622106568,1,0,1,1,0
0,11.833865999027305,6.938977666504551,0,1,1,0,0
0,13.234995940266938,6.810002706488708,1,0,0,1,0
1,11.533466885786067,7.033066228427865,0,1,1,0,0
0,12.28462669440628,5.8,1,1,0,1,0
1,12.475549302992189,6.996943662874023,1,0,0,1,0
1,13.218102329813446,6.527299223395517,1,1,0,0,0
1,12.09962462073748,5.299249241474962,1,1,1,0,0
1,12.334606782044492,5.140599246439501,1,0,1,1,0
0,14.190179368553355,6.360119579035571,1,0,1,0,0
0,11.866076981982363,6.944346163663728,0,1,1,0,0
0,13.31109921844051,6.52219843688102,0,0,0,1,0
0,11.585769907550077,6.843079630200303,0,1,1,0,0
1,14.148307051494667,6.444921154484008,1,0,1,0,0
1,13.928425120116676,6.283757074219043,1,1,0,0,0
1,13.209902320426613,6.530032559857796,1,1,0,0,0
0,14.080869825806364,5.90211157788026,0,0,1,1,0
1,11.642757153897092,5.462071410171514,1,0,1,1,0
0,13.455837138498598,6.422081430750701,0,0,1,1,0
1,11.729167439880245,5.453030021861729,1,0,1,1,0
0,13.17272829873623,6.47272829873623,1,0,0,1,0
1,13.917547413332372,6.31754741333237,1,1,0,0,0
0,11.529451588764672,6.617806355058689,0,1,1,0,0
0,13.3613841483655,6.315847554903506,0,0,1,1,0
0,11.583556249464245,6.916443750535757,0,1,1,0,0
0,12.929948332127571,6.856683889290809,1,0,0,1,0
0,13.350967280248042,6.5,0,0,1,1,0
0,13.362822447647758,6.311532657056725,0,0,1,1,0
1,12.65862854104006,7.0,1,0,0,1,0
0,13.048948710107062,6.348948710107062,1,0,0,1,0
1,11.583236117997265,6.933527764005474,0,1,1,0,0
1,11.717203930986988,6.9057346436623295,1,0,0,1,0
1,11.59295498011432,5.545075033142798,1,0,1,1,0
0,12.053352464586636,6.975558744097773,0,1,1,0,0
0,13.017126619982848,6.3171266199828455,1,0,0,1,0
0,11.561406784545056,6.745627138180229,0,1,1,0,0
0,13.42356225481319,6.2471245096263806,0,0,1,1,0
1,13.910504676692884,6.3,1,0,0,0,0
1,13.558707926763484,6.413764024412172,1,1,0,0,0
0,13.359252904445356,6.61850580889071,0,0,0,1,0
1,12.7,5.187601214449844,1,0,1,1,0
1,14.36523910294159,6.034149084033377,1,1,0,0,0
1,12.975729994893442,6.660675012766395,1,1,0,0,0
1,12.480102877059233,7.0099485614703845,1,0,0,1,0
0,12.200105980171092,5.799682059486724,1,1,0,1,0
1,14.179260821218964,6.141478357562072,1,0,1,0,0
1,11.923540092669864,6.927942511583733,1,0,0,1,0
1,12.7,5.347801224072755,1,0,1,1,0
0,13.327435598590776,6.417693204227676,0,0,1,1,0
1,12.877309262745856,6.734036105881213,1,1,1,0,0
0,13.46519735069465,6.330394701389301,0,0,1,1,0
0,12.441014625570528,5.664517063165614,1,1,0,1,0
0,13.61010564228637,6.657978871542726,1,0,0,1,0
0,12.600348203803472,5.8504062377707164,1,1,0,1,0
0,13.846874559819128,6.2072919112115965,0,0,1,1,0
1,11.623324618899437,5.753350762201128,0,1,1,1,0
1,14.027365795862048,6.427365795862047,1,1,0,0,0
1,13.27907253603304,6.548370985586784,1,1,0,0,0
1,14.21291073633199,6.074178527336021,1,0,1,0,0
1,11.681972530548933,6.918027469451068,1,0,0,1,0
0,13.305948667706415,6.5,0,0,1,1,0
1,12.666546153985266,6.544364102656845,1,1,1,0,0
0,13.343733837366283,6.587467674732566,0,0,0,1,0
1,13.936761333765569,6.3,1,0,0,0,0
1,11.699659610705003,5.4504254866187445,0,1,1,1,0
1,13.784987890567464,6.346004843773015,1,1,0,0,0
0,12.2,5.9964517029601305,1,1,0,1,0
1,14.114394671037145,6.514394671037145,1,1,0,0,0
0,12.276299592171007,5.571101223486979,1,1,0,1,0
1,11.950538368284114,5.250179456094704,1,0,1,1,0
1,14.1961358337171,6.1077283325658,1,0,1,0,0
0,14.048982198237844,6.570203560352431,1,0,0,1,0
0,13.330260472336796,6.409218582989613,0,0,1,1,0
0,13.217510729765626,6.517510729765627,1,0,0,1,0
0,13.155296415994934,6.863135722670044,1,0,0,1,0
0,11.75527997304178,6.4489440053916445,0,1,1,1,0
1,12.580676463786782,5.113258170690357,1,0,1,1,0
0,13.358970143381477,6.470514928309263,0,0,1,1,0
1,11.9,5.996958439668556,0,1,1,1,0
1,13.639347584524582,6.386884138491806,1,1,0,0,0
0,14.014183442811293,6.114342531771505,0,0,1,1,0
0,11.608013170968617,6.581009878226462,0,1,1,1,0
1,12.983251798669947,6.616748201330053,1,1,0,0,0
1,14.335894690560398,5.875389556991284,1,0,1,0,0
0,13.96460861572625,6.141884102374306,0,0,1,1,0
0,12.604555877968563,5.728416908476423,1,1,0,1,0
1,11.973370723253598,6.92733707232536,1,0,0,1,0
0,12.2,6.009687222101436,1,1,0,1,0
1,13.124584140355877,6.558471953214708,1,1,0,0,0
1,12.735573939581805,6.59038262638787,1,1,1,0,0
0,12.815480484818318,6.894839838393894,1,0,0,1,0
1,12.07614757237008,5.292049190790027,1,0,1,1,0
1,13.97838137383234,6.3,1,0,0,0,0
0,13.373430613968802,6.6468612279376025,0,0,0,1,0
0,13.987104541037946,5.982481821967475,0,0,1,1,0
1,12.9,7.082716549169232,1,1,1,0,0
1,14.003871110048532,6.3,1,0,0,0,0
0,12.423469751629623,5.644048043567893,1,1,0,1,0
0,14.124534014508528,6.053036658606374,0,0,1,1,0
1,12.278812773545049,6.972351596693131,1,0,0,1,0
1,11.705295899520769,6.893644920575079,1,0,0,1,0
0,13.170432069133334,6.4352160345666665,0,0,1,1,0
0,13.305806004460877,6.511612008921751,0,0,0,1,0
1,12.455740776503308,6.9755740776503306,1,0,0,1,0
0,12.729487489883114,6.102564279933207,1,1,0,1,0
1,14.017869280516669,6.3,1,0,0,0,0
1,12.013412810980045,6.931341281098005,1,0,0,1,0
0,13.374520109111783,6.276439672664646,0,0,1,1,0
1,12.945454799516003,6.654545200483996,1,1,0,0,0
1,12.227124556791324,5.257625147736225,1,0,1,1,0
1,12.24373765818198,6.967967207272747,1,0,0,1,0
1,13.900291766015584,6.3,1,0,0,0,0
1,14.15961340178734,6.478840205362021,1,0,1,0,0
1,14.096324957155604,6.496324957155603,1,1,0,0,0
1,11.786236969879248,6.974494787951699,0,1,1,0,0
0,14.2959816058462,6.430654403897466,1,0,1,0,0
0,13.412329857276484,6.443835071361758,0,0,1,1,0
1,11.796809550702346,5.455583286270896,1,1,1,0,0
1,12.7,5.181817262860208,1,0,1,1,0
0,11.526298834090444,6.9737011659095565,0,1,1,0,0
1,12.506249323793869,7.0,1,0,0,1,0
0,11.644766095267848,6.907461015877975,0,1,1,0,0
1,11.69312639939936,5.637028801051116,1,1,1,0,0
0,13.197902598010865,6.834731601326092,1,0,0,1,0
1,14.14820954499596,6.203580910008078,1,0,1,0,0
0,11.506721117705416,6.993278882294585,0,1,1,0,0
1,14.429967258581824,5.997161566524673,1,1,0,0,0
0,12.23087277303655,5.707381680890348,1,1,0,1,0
1,11.74665368141174,6.958661472564696,0,1,1,0,0
1,14.223348965362174,6.077971862348087,1,0,1,0,0
1,12.111058117155004,6.406730259413995,1,0,0,1,0
1,14.12984104125741,6.168662262138622,1,1,0,0,0
1,11.834965542545287,5.234965542545289,1,0,1,1,0
1,13.917278390662949,6.3,1,0,0,0,0
0,13.523353691115387,6.5,0,0,1,1,0
0,13.202004610980824,6.451002305490412,0,0,1,1,0
0,12.540099580648622,6.986633473117126,1,0,0,1,0
1,13.420536055415672,6.491785577833731,1,1,0,0,0
0,13.373868803591948,6.708710398802684,1,0,0,1,0
1,11.819555572857972,5.300555533927534,0,1,1,1,0
0,12.709059134871987,6.930313621709337,1,0,0,1,0
1,12.403060440070208,6.970306044007021,1,0,0,1,0
0,11.696312867858548,6.696312867858548,0,1,1,1,0
1,11.928028614374846,5.214014307187423,0,1,1,1,0
1,11.583377842122935,7.016622157877063,1,0,0,1,0
1,12.564267688119294,7.0,1,0,0,1,0
0,12.2,5.869789964429763,1,1,0,1,0
0,11.658229841727746,6.658229841727746,0,1,1,1,0
1,14.346767638216017,5.85581825121117,1,0,1,0,0
0,13.577280347783738,6.408586705309305,0,0,1,1,0
0,12.08175556575408,6.980292594292346,0,1,1,0,0
0,12.927869068266435,6.227869068266436,1,0,0,1,0
1,12.933288403662244,6.688948795117008,1,1,0,0,0
1,12.941423904176537,6.658576095823464,1,1,0,0,0
0,11.943363581171347,6.957227263528559,0,1,1,0,0
0,13.336654695547404,6.636654695547404,1,0,0,1,0
1,14.18669691744481,6.143945548599341,1,0,1,0,0
0,13.490959718746216,6.681808056250757,1,0,0,1,0
0,12.700678784356173,5.967458581748865,1,1,0,1,0
0,13.940553118281828,6.591889376343635,1,0,0,1,0
1,12.7,5.519634740412284,1,0,1,1,0
1,11.812253655718344,6.937417885239449,1,0,0,1,0
0,12.2,5.929084617995939,1,1,0,1,0
1,14.11838666238675,6.2632266752264965,1,0,1,0,0
0,11.877692536511404,6.424461492697719,0,1,1,1,0
0,13.269971482968511,6.484985741484256,0,0,1,1,0
0,13.403867158483338,6.207734316966675,0,0,1,1,0
0,12.872455599490095,7.051696267006604,1,0,0,1,0
1,12.44684679266933,5.168745660410666,1,1,1,0,0
0,12.2,5.894155767926288,1,1,0,1,0
0,13.33982975098542,6.579659501970841,0,0,0,1,0
1,11.805582472224769,5.205582472224767,1,0,1,1,0
1,13.6282379132969,6.390587362234367,1,1,0,0,0
1,14.186880608527316,6.12623878294537,1,0,1,0,0
0,13.323432857004834,6.751044761996778,1,0,0,1,0
0,12.193628375876283,6.998938062646047,0,1,1,0,0
0,13.188736118631343,6.444368059315671,0,0,1,1,0
0,14.085738490923646,6.074589727264642,0,0,1,1,0
0,11.511179714849815,6.988820285150185,0,1,1,0,0
0,12.208282473875265,6.050305156748421,1,1,0,1,0
0,13.20933270745508,6.454666353727539,0,0,1,1,0
1,14.250970818468726,6.028252526756291,1,0,1,0,0
1,12.668870134569342,7.0,1,0,0,1,0
1,13.995760144117668,6.3,1,0,0,0,0
1,11.579396467892332,7.020603532107667,1,0,0,1,0
0,11.707709268200382,6.917951544700064,0,1,1,0,0
1,14.174992093343898,6.150015813312205,1,0,1,0,0
0,13.378405148664116,6.5,0,0,1,1,0
1,12.559279616911546,7.0,1,0,0,1,0
1,14.220247449212245,6.059505101575516,1,0,1,0,0
0,12.928537568162085,7.014308287891943,1,0,0,1,0
1,11.9,5.911466371795289,0,1,1,1,0
0,13.912083454519667,6.5,0,0,1,1,0
0,14.381182741632824,6.5,0,0,1,1,0
0,13.2588484399943,6.5588484399943,1,0,0,1,0
0,12.216775120037148,5.749674639888558,1,1,0,1,0
1,11.638192134217912,6.961807865782087,1,0,0,1,0
1,13.255738380083274,6.514753873305574,1,1,0,0,0
1,12.18659125925302,6.316090488896376,1,0,0,1,0
0,13.038346370010665,6.369173185005332,0,0,1,1,0
1,12.074755714183963,6.450293142979242,1,0,0,1,0
0,12.978063060062738,6.981291293291509,1,0,0,1,0
0,14.200839106922055,6.367226071281372,1,0,1,0,0
1,12.592084342015353,7.0,1,0,0,1,0
1,14.180867214724955,6.154439013495079,1,0,1,0,0
0,13.676343712769382,6.419593745863265,0,0,1,1,0
1,11.664826211941646,5.493967235072942,0,1,1,1,0
1,11.989721006612209,5.358283270322834,1,0,1,1,0
1,11.749788170639269,5.275317744041101,1,0,1,1,0
0,13.444908269243347,6.2898165384866935,0,0,1,1,0
0,12.900963453874295,6.866345515375235,1,0,0,1,0
1,13.947747709554973,6.34774770955497,1,1,0,0,0
1,14.13412451861743,6.238575866488625,1,0,1,0,0
1,11.90604087969974,5.235346959899914,1,0,1,1,0
1,12.067865986313,5.235731972625996,1,1,1,0,0
1,12.457624438976111,5.126930617891543,1,0,1,1,0
1,11.962901861075864,5.284274534731034,1,0,1,1,0
1,12.017584768452762,5.135169536905524,1,1,1,0,0
1,14.11531885032823,6.26936229934354,1,0,1,0,0
0,12.207785445564197,5.96107277217901,1,1,0,1,0
0,14.346393091756129,6.464262061170753,1,0,1,0,0
1,11.828186821610986,5.2281868216109855,1,0,1,1,0
1,13.192650811602164,6.6,1,1,0,0,0
1,12.73404830908202,6.954602254557306,1,1,0,0,0
0,13.157448508030468,6.457448508030468,1,0,0,1,0
1,11.774282185363669,6.909285273170458,1,0,0,1,0
1,14.283925160079104,5.932149679841794,1,0,1,0,0
1,11.661187746379966,6.938812253620033,1,0,0,1,0
0,13.053294542706425,6.376647271353212,0,0,1,1,0
1,12.41910706251971,5.170223234370072,1,0,1,1,0
0,13.51916839688232,6.383569945529439,0,0,1,1,0
0,11.598146727377028,6.901853272622971,0,1,1,0,0
1,13.234353403855524,6.56625863845779,1,1,0,0,0
1,14.00279879910734,6.402798799107341,1,1,0,0,0
1,12.194852212921065,6.9494852212921066,1,0,0,1,0
1,13.478489468480827,6.468604212607668,1,1,0,0,0
0,14.199682539938207,6.366455026625472,1,0,1,0,0
0,14.00718911260084,6.5,0,0,1,1,0
1,12.395302523987931,5.133855275112452,1,0,1,1,0
0,12.678739217677547,6.94042026077415,1,0,0,1,0
1,11.93846683187622,7.035386732750488,0,1,1,0,0
0,13.469571347159947,6.415214326420026,0,0,1,1,0
1,12.555272695917637,7.0,1,0,0,1,0
0,13.782907910758894,6.157507505063806,0,0,1,1,0
1,12.7,5.5020761323293295,1,0,1,1,0
1,13.073881876569692,6.6,1,1,0,0,0
1,13.705130170988497,6.364956609670501,1,1,0,0,0
1,12.571632624370242,7.0,1,0,0,1,0
1,13.244484525909522,6.6,1,1,0,0,0
1,11.846692431515214,5.194811952053866,1,0,1,1,0
0,13.267014028117888,6.567014028117887,1,0,0,1,0
0,12.230562804406718,5.708311586779843,1,1,0,1,0
0,13.300250883912383,6.5005017678247645,0,0,0,1,0
1,11.9,5.260619362473433,0,1,1,1,0
1,11.9,5.2479832402725135,0,1,1,1,0
1,14.050866044854445,6.3,1,0,0,0,0
1,13.7074485446453,6.37702058214188,1,1,0,0,0
0,11.50008731108425,6.500349244337001,0,1,1,0,0
0,11.610484402670496,6.610484402670498,0,1,1,1,0
0,13.406506593857786,6.446746703071107,0,0,1,1,0
0,12.357018207657935,5.542763655743451,1,1,0,1,0
1,12.993945499192352,6.615136252019122,1,1,0,0,0
0,13.879909332379745,6.442212148042194,0,0,1,1,0
0,12.97966044442271,6.27966044442271,1,0,0,1,0
1,12.07632090719641,5.252641814392819,1,1,1,0,0
1,12.300061071221526,6.975007633902691,1,0,0,1,0
1,13.79496467091778,6.33501177636074,1,1,0,0,0
0,12.2,5.809214141947485,1,1,0,1,0
0,13.277908880555126,6.4889544402775625,0,0,1,1,0
1,14.312138705399656,5.91815033028062,1,0,1,0,0
1,14.288427454196466,5.96083058244636,1,0,1,0,0
1,11.914931788031453,6.642081854362256,1,0,0,1,0
0,11.502351888749304,6.509407554997219,0,1,1,0,0
0,13.333645494436068,6.3990635166918,0,0,1,1,0
0,13.33431472548578,6.397055823542658,0,0,1,1,0
0,12.944417302460502,6.851860899179832,1,0,0,1,0
1,14.212257375516556,6.07548524896689,1,0,1,0,0
1,11.9,5.242268566921216,0,1,1,1,0
0,12.59306844143707,6.968977186187643,1,0,0,1,0
0,11.54165696780245,6.95834303219755,0,1,1,0,0
0,12.821723732594313,6.108677688026696,1,1,0,1,0
1,12.7,5.69845224252065,1,0,1,1,0
0,12.244511520374385,5.777442398128073,1,1,0,1,0
1,12.042879369218614,5.264280157695346,1,0,1,1,0
0,14.207131174535505,6.3714207830236695,1,0,1,0,0
0,12.92550643952126,6.312753219760629,0,0,1,1,0
0,13.505810835158815,6.5,0,0,1,1,0
1,13.24069972535467,6.51976675821511,1,1,0,0,0
0,13.561344053682202,6.406816005964689,0,0,1,1,0
0,13.38052963177138,6.661059263542762,0,0,0,1,0
0,13.433401551138148,6.266803102276293,0,0,1,1,0
0,12.092962271873766,6.944721703905325,0,1,1,1,0
1,11.98795051618998,6.99598350539666,1,0,0,1,0
1,14.18748983341078,6.562469500232339,1,0,1,0,0
1,11.9,5.660597027457059,0,1,1,1,0
0,13.410657640343656,6.444671179828172,0,0,1,1,0
0,12.637474336504104,5.753105752378078,1,1,0,1,0
1,12.062949870523653,5.287649956841217,1,0,1,1,0
0,13.45162201757672,6.42418899121164,0,0,1,1,0
1,11.896645407263826,5.204193240920219,0,1,1,1,0
0,14.12936487438814,6.050352847562146,0,0,1,1,0
0,13.391077878881182,6.682155757762363,0,0,0,1,0
0,13.407274644272348,6.214549288544692,0,0,1,1,0
0,13.36029852244866,6.66029852244866,1,0,0,1,0
1,11.603722021865597,5.570347472668003,0,1,1,1,0
0,12.2,5.960423337132163,1,1,0,1,0
0,13.372325243562647,6.644650487125295,0,0,0,1,0
1,12.559686095277234,5.146771301574255,1,0,1,1,0
1,12.978323156921103,6.654192107697243,1,1,0,0,0
0,13.507304087190322,6.395942173783155,0,0,1,1,0
1,12.0333012574771,5.166602514954201,1,1,1,0,0
1,12.681561686394977,7.0,1,0,0,1,0
0,13.490045076650048,6.380090153300093,0,0,1,1,0
0,12.505256861188116,5.8,1,1,0,1,0
0,11.542474759141529,6.669899036566108,0,1,1,0,0
1,13.92215767230688,6.3,1,0,0,0,0
1,11.978506259886467,6.565792488136236,1,0,0,1,0
0,12.200750418766624,5.797748743700124,1,1,0,1,0
0,12.910472996366604,6.210472996366604,1,0,0,1,0
0,13.308455324795837,6.761029783469444,1,0,0,1,0
1,12.67532108773175,7.0,1,0,0,1,0
0,13.46842023605184,6.336840472103681,0,0,1,1,0
0,13.229776123479173,6.529776123479171,1,0,0,1,0
0,14.399253307631772,5.90041482909346,0,0,1,1,0
1,12.0255579746416,6.509330430430079,1,0,0,1,0
1,12.005645656146742,7.001881885382248,1,0,0,1,0
1,13.210421129687624,6.575831548124951,1,1,0,0,0
0,13.764974334702568,6.627005133059487,1,0,0,1,0
1,14.000720462048738,6.242445450257864,1,1,0,0,0
1,13.826069609241843,6.329572156303263,1,1,0,0,0
0,11.54861077020455,6.951389229795449,0,1,1,0,0
0,13.467002373591038,6.416498813204481,0,0,1,1,0
0,14.3646636084259,5.919631328652279,0,0,1,1,0
0,12.54406634713428,6.985311217621907,1,0,0,1,0
1,11.98981905381095,7.05592762152438,0,1,1,0,0
1,14.044451527953289,6.444451527953289,1,1,0,0,0
1,11.502990027559347,7.094019944881301,0,1,1,0,0
1,12.7,5.463822118770719,1,0,1,1,0
0,13.056097833183534,6.356097833183535,1,0,0,1,0
1,13.929012667218531,6.3,1,0,0,0,0
1,11.65352387029234,6.94647612970766,1,0,0,1,0
1,12.907353833044468,6.692646166955534,1,1,0,0,0
0,13.289541116412057,6.589541116412055,1,0,0,1,0
1,12.192317222516367,5.156409197498181,1,0,1,1,0
0,13.465003996835993,6.330007993671987,0,0,1,1,0
1,12.351693680356217,6.981461710044528,1,0,0,1,0
0,12.486246158993008,5.717287185491842,1,1,0,1,0
1,12.79661556218066,6.631077041453773,1,1,1,0,0
0,13.824924929525716,6.5,0,0,1,1,0
1,11.724549474851557,6.949819789940623,0,1,1,0,0
0,13.925190714096548,6.16378293661303,0,0,1,1,0
1,12.021957371283763,6.940244671410471,1,0,0,1,0
1,12.863121048419185,6.942197378952045,1,1,0,0,0
0,13.737300497840025,6.632539900431996,1,0,0,1,0
0,14.195382689759088,6.363588459839392,1,0,1,0,0
0,13.3873731772077,6.674746354415403,0,0,0,1,0
0,13.586701984558308,6.662659603088339,1,0,0,1,0
0,11.553805980449903,6.946194019550095,0,1,1,0,0
1,12.87419215383394,6.682794769222626,1,1,1,0,0
0,13.75823514052934,6.178655593831995,0,0,1,1,0
1,11.827398137665837,5.417309768121513,1,0,1,1,0
1,14.179450412070487,6.140314050245435,1,1,0,0,0
1,14.354478307824106,6.040298109814796,1,1,0,0,0
0,11.537468152918397,6.962531847081605,0,1,1,0,0
0,11.899437651452578,6.420112469709485,0,1,1,1,0
0,13.365666906084758,6.631333812169515,0,0,0,1,0
0,11.564625683389265,6.273810108137572,0,1,1,1,0
1,11.64881140134156,5.714580047652266,1,1,1,0,0
0,13.23730815011433,6.754230616628557,1,0,0,1,0
1,11.9,5.2720054875219935,0,1,1,1,0
1,12.892330078338489,6.730679686646048,1,1,1,0,0
1,12.455179227934076,5.181606924021974,1,0,1,1,0
0,13.55354594512038,6.3702522527109,0,0,1,1,0
1,12.06702751241976,5.283513756209881,0,1,1,1,0
0,14.134760300351962,5.855919742555461,0,0,1,1,0
0,13.3389208460043,6.48053957699785,0,0,1,1,0
0,13.023769968938453,6.361884984469226,0,0,1,1,0
0,14.302996695696349,6.435331130464231,1,0,1,0,0
1,11.57522778745991,6.949544425080179,0,1,1,0,0
1,11.918168525096515,5.295457868725872,1,0,1,1,0
0,13.38647362366119,6.240579129016431,0,0,1,1,0
0,13.239899029832335,6.753366990055889,1,0,0,1,0
0,13.2628139080023,6.745728697332567,1,0,0,1,0
1,14.170839555679944,6.570839555679943,1,1,0,0,0
1,14.157426580272686,6.472279740818057,1,0,1,0,0
1,11.9,5.898499911761851,0,1,1,1,0
1,12.92582930045451,6.674170699545491,1,1,0,0,0
1,13.995043668474484,6.3,1,0,0,0,0
1,11.949357896572817,5.372960764882612,1,0,1,1,0
1,11.88211326905657,5.235773461886862,0,1,1,1,0
0,13.32797875861547,6.555957517230942,0,0,0,1,0
1,12.317791544489417,6.977223943061177,1,0,0,1,0
0,13.959817529537728,6.5,0,0,1,1,0
1,13.01338685712838,6.6546452571486485,1,1,0,0,0
1,11.9,5.222649173908184,0,1,1,1,0
0,13.376769578194171,6.653539156388344,0,0,0,1,0
0,12.2,6.053550856946034,1,1,0,1,0
1,12.984741004260028,6.638147489349935,1,1,0,0,0
1,11.960316067831318,5.28492098304217,1,0,1,1,0
1,14.14463043231942,6.433891296958255,1,0,1,0,0
1,12.687336174051596,7.0,1,0,0,1,0
1,11.60272438666639,6.997275613333611,1,0,0,1,0
0,13.227523726498466,6.527523726498466,1,0,0,1,0
1,12.01156155580167,5.12312311160334,1,1,1,0,0
0,13.289726462777544,6.494863231388772,0,0,1,1,0
1,12.60401864430714,7.0,1,0,0,1,0
0,13.049925522822573,6.816691492392476,1,0,0,1,0
1,13.473202047552489,6.44226598414917,1,1,0,0,0
1,13.934570947883758,6.3,1,0,0,0,0
1,14.256440149421218,5.987119701157564,1,0,1,0,0
0,12.556857074286691,6.9810476419044365,1,0,0,1,0
0,14.212945399033128,6.375296932688752,1,0,1,0,0
1,11.88657810132095,6.918657810132095,1,0,0,1,0
0,13.706286993526335,6.638742601294733,1,0,0,1,0
1,14.16612417110955,6.498372513328651,1,0,1,0,0
1,11.525529088837413,5.668088638953236,0,1,1,1,0
0,13.526016278991,6.377700332293429,0,0,1,1,0
0,13.360186104657355,6.469906947671322,0,0,1,1,0
1,12.145651212764776,6.944565121276478,1,0,0,1,0
1,11.710957765964269,5.348403723392886,1,0,1,1,0
1,14.192646543997569,6.5779396319927,1,0,1,0,0
0,13.83985231617486,6.108698014707264,0,0,1,1,0
0,12.2,6.084414867116201,1,1,0,1,0
1,11.941091741926074,5.220545870963037,0,1,1,1,0
0,13.318654542842156,6.53730908568431,0,0,0,1,0
1,13.902347181975308,6.3,1,0,0,0,0
0,13.07943095286301,6.913712698091327,1,0,0,1,0
1,12.951718826691016,6.720702933272459,1,1,0,0,0
1,14.294021431905332,5.911957136189339,1,0,1,0,0
1,11.958069243860216,5.183861512279569,1,1,1,0,0
1,14.145842415477842,6.217483652139883,1,0,1,0,0
0,13.470187768246625,6.414906115876689,0,0,1,1,0
1,14.083902612378228,6.194912792926727,1,1,0,0,0
1,12.145279735960973,6.365664316846832,1,0,0,1,0
1,12.667117544503636,7.0,1,0,0,1,0
0,14.264301768147314,6.409534512098209,1,0,1,0,0
1,11.9,5.917200950379162,0,1,1,1,0
0,13.442803462162136,6.4285982689189325,0,0,1,1,0
0,12.2,5.807517324422329,1,1,0,1,0
0,11.737626708538192,6.922937784756366,0,1,1,0,0
1,12.242839425040572,5.150795619439936,1,0,1,1,0
0,13.761203798793591,6.5,0,0,1,1,0
1,13.895600042308642,6.301466652563786,1,1,0,0,0
1,12.913611371282292,6.815971571794272,1,1,0,0,0
1,12.009766482563384,7.003255494187795,1,0,0,1,0
0,13.357833642565232,6.657833642565233,1,0,0,1,0
1,12.994639952136918,6.613400119657703,1,1,0,0,0
0,13.328870578223746,6.413388265328764,0,0,1,1,0
1,12.9,6.764699316057701,1,1,1,0,0
0,13.288318059556833,6.588318059556832,1,0,0,1,0
1,12.42944577771262,5.166068581186557,1,1,1,0,0
1,12.574427532473097,5.188373466534322,1,1,1,0,0
0,14.10025220618752,6.5,0,0,1,1,0
1,14.033728069655067,6.3,1,0,0,0,0
1,13.122464005343096,6.559178664885634,1,1,0,0,0
0,13.839180946499422,6.612163810700116,1,0,0,1,0
0,13.370499273875614,6.640998547751229,0,0,0,1,0
1,12.484328943890471,7.007835528054764,1,0,0,1,0
1,11.9,5.965942075075238,0,1,1,1,0
0,13.79712302560512,6.620575394878976,1,0,0,1,0
1,11.97208729408896,5.155825411822081,1,1,1,0,0
0,11.586041567101493,6.586041567101492,0,1,1,1,0
1,14.02937590866384,6.3,1,0,0,0,0
0,11.539836541675772,6.360572104134795,0,1,1,1,0
0,13.224783494329833,6.758405501890056,1,0,0,1,0
0,12.2,5.918271293176956,1,1,0,1,0
1,11.83374182506777,5.390951806131401,1,1,1,0,0
0,11.886478300144528,6.886478300144528,0,1,1,1,0
1,12.107309536161932,5.248172615959517,1,0,1,1,0
0,14.25144469634613,6.40096313089742,1,0,1,0,0
0,13.355925059962845,6.611850119925685,0,0,0,1,0
1,11.9,5.340040107546765,0,1,1,1,0
1,12.7,5.437368784479656,1,0,1,1,0
1,12.969041772798642,6.677395568003395,1,1,0,0,0
1,12.500754925964424,7.0,1,0,0,1,0
0,13.39613299559812,6.692265991196238,0,0,0,1,0
1,11.663293909339416,6.936706090660585,1,0,0,1,0
1,12.479859274537528,7.010070362731236,1,0,0,1,0
1,14.13727498020668,6.225450039586639,1,0,1,0,0
1,11.52678086274766,7.046438274504681,0,1,1,0,0
0,13.325874882928352,6.551749765856703,0,0,0,1,0
1,12.541491805615811,7.0,1,0,0,1,0
1,12.41928423412438,6.989910529265548,1,0,0,1,0
1,11.869649607964115,5.269649607964115,1,0,1,1,0
1,14.355842276786646,5.839483901784037,1,0,1,0,0
0,13.178820705804997,6.773726431398335,1,0,0,1,0
1,11.864284068033111,5.192857325774098,1,0,1,1,0
1,11.604474136944628,6.9017896547778514,0,1,1,0,0
1,13.188820422981086,6.6,1,1,0,0,0
0,13.290554361040927,6.772963759306049,1,0,0,1,0
1,14.236813340442996,6.02637331911401,1,0,1,0,0
0,13.12486491062561,6.883423392916261,1,0,0,1,0
1,12.69766995827536,6.565113305516906,1,1,1,0,0
0,13.451802542858204,6.303605085716409,0,0,1,1,0
1,11.61733044443236,5.55333694445955,0,1,1,1,0
0,11.541487355423936,6.958512644576063,0,1,1,0,0
0,13.319392350620154,6.619392350620154,1,0,0,1,0
1,12.405152037706904,5.207217440833852,1,0,1,1,0
1,12.70410332634201,6.993845010486984,1,1,1,0,0
0,12.449748175842975,5.612311131882231,1,1,0,1,0
0,12.296635899441544,5.510092301675369,1,1,0,1,0
0,13.303997551114202,6.498001224442899,0,0,1,1,0
1,14.02312033161012,6.3,1,0,0,0,0
0,13.612961358866176,6.303175978114706,0,0,1,1,0
1,13.931324951226197,6.3,1,0,0,0,0
1,14.081108516729913,6.3,1,0,0,0,0
0,12.985064979904674,6.976623346730217,1,0,0,1,0
0,13.445982416006371,6.690803516798725,1,0,0,1,0
1,11.873834004728115,6.957944668242705,1,0,0,1,0
0,12.202780827144547,5.986095864277251,1,1,0,1,0
1,14.130621596212958,6.244881126816676,1,0,1,0,0
0,13.316618117347096,6.450145647958708,0,0,1,1,0
1,14.049311875412824,6.449311875412825,1,1,0,0,0
0,13.323222807149085,6.488388596425458,0,0,1,1,0
0,13.32740231195422,6.417793064137343,0,0,1,1,0
1,11.8536722768652,6.715593267761759,1,0,0,1,0
0,13.660096340737484,6.5,0,0,1,1,0
1,13.313656019872488,6.495447993375837,1,1,0,0,0
0,13.327688051035237,6.555376102070473,0,0,0,1,0
0,13.339221955351222,6.382334133946334,0,0,1,1,0
1,12.046053050808853,7.07842122032354,0,1,1,0,0
1,11.91027190278857,5.257024170120001,1,1,1,0,0
0,13.418199163133917,6.23639832626783,0,0,1,1,0
0,13.029772392310532,6.364886196155266,0,0,1,1,0
1,12.75214551570468,6.601430343803121,1,1,1,0,0
0,12.247416679468856,5.815499923186862,1,1,0,1,0
0,13.385941152703948,6.242176541888159,0,0,1,1,0
0,13.30858536942101,6.495707315289495,0,0,1,1,0
1,11.648844453504058,5.426733319743913,1,0,1,1,0
0,13.062514798730088,6.924990134179941,1,0,0,1,0
1,12.595450415284713,5.134849861571762,1,0,1,1,0
0,13.769861358240735,6.626027728351853,1,0,0,1,0
1,14.15369249242636,6.192615015147279,1,0,1,0,0
0,12.26028289037962,5.619151328861137,1,1,0,1,0
1,11.685361119426773,5.6292777611464535,0,1,1,1,0
0,13.118005946708848,6.887996035527435,1,0,0,1,0
0,13.661419814932795,6.5,0,0,1,1,0
0,12.2,5.803787420218668,1,1,0,1,0
0,13.50279602298137,6.679440795403727,1,0,0,1,0
0,14.19973545995824,6.366490306638827,1,0,1,0,0
1,11.574242346429203,6.951515307141588,0,1,1,0,0
1,12.9,7.044828907500046,1,1,1,0,0
0,12.965658394007445,6.265658394007444,1,0,0,1,0
0,12.224758249962074,5.87620875018963,1,1,0,1,0
1,12.915406866162456,6.684593133837544,1,1,0,0,0
1,12.113769742531392,6.403476308962329,1,0,0,1,0
1,13.087745290794071,6.6,1,1,0,0,0
1,12.714478690893964,6.980695078808046,1,1,0,0,0
0,13.47286131967055,6.3457226393411,0,0,1,1,0
0,13.918172266599033,6.44646358517767,0,0,1,1,0
1,11.781674208714362,6.910209276089296,1,0,0,1,0
1,14.184220546836093,6.552661640508277,1,0,1,0,0
0,13.72402834452366,6.5,0,0,1,1,0
0,13.090991967853231,6.906005354764512,1,0,0,1,0
0,14.38602706299798,6.49068470866532,1,0,1,0,0
0,11.58104378761847,6.918956212381532,0,1,1,0,0
1,12.32369168330361,6.962369168330361,1,0,0,1,0
0,13.39284373745291,6.5,0,0,1,1,0
1,12.9,6.799638660752221,1,1,1,0,0
1,14.4925585779966,5.593394559606122,1,0,1,0,0
1,12.937356938617272,6.662643061382728,1,1,0,0,0
0,13.57160257261413,6.338626366330745,0,0,1,1,0
1,14.268313651409038,5.963372697181927,1,0,1,0,0
0,13.069624406931746,6.384812203465873,0,0,1,1,0
0,13.434360162111153,6.268720324222307,0,0,1,1,0
0,11.837134738348166,6.939522456391361,0,1,1,0,0
0,12.2,5.961043088216922,1,1,0,1,0
1,12.544064373633242,7.0,1,0,0,1,0
1,13.80981150331765,6.33006283222745,1,1,0,0,0
1,12.329912207295,6.978739025911875,1,0,0,1,0
1,13.952788395598295,6.352788395598296,1,1,0,0,0
0,13.436386756639116,6.431806621680443,0,0,1,1,0
1,12.43014809175144,7.03492595412428,1,0,0,1,0
0,13.307778239768556,6.51555647953711,0,0,0,1,0
1,14.224984121543187,6.114294787689607,1,1,0,0,0
1,11.604109787736174,6.995890212263826,1,0,0,1,0
1,13.038066928081031,6.587311023972989,1,1,0,0,0
0,14.251100719413923,6.400733812942615,1,0,1,0,0
0,13.53057333078664,6.673885333842672,1,0,0,1,0
0,12.22761460853258,5.9343123488045135,1,1,0,1,0
0,13.283719023271985,6.491859511635991,0,0,1,1,0
1,12.072973245056987,5.245946490113978,1,1,1,0,0
0,11.53525991973826,6.53525991973826,0,1,1,1,0
1,12.296824213012004,5.246609377086543,1,0,1,1,0
1,12.384216740030642,7.057891629984679,1,0,0,1,0
0,13.557358175254535,6.668528364949093,1,0,0,1,0
1,12.290839320986125,6.973854915123265,1,0,0,1,0
0,14.31224847000644,6.517550305998712,1,0,0,1,0
1,14.445294837560173,5.678469292391688,1,0,1,0,0
1,12.46194323581789,6.995242904477236,1,0,0,1,0
1,12.7,5.399268574437027,1,0,1,1,0
0,13.346240933986468,6.592481867972936,0,0,0,1,0
1,11.765169004006063,5.368538744992419,0,1,1,1,0
0,13.362582814327777,6.312251557016679,0,0,1,1,0
0,11.584731329199675,6.584731329199675,0,1,1,1,0
1,14.120125525452345,6.259748949095312,1,0,1,0,0
0,12.283158115390403,5.60105130765757,1,1,0,1,0
0,13.070675651425098,6.370675651425099,1,0,0,1,0
0,12.641361238741412,6.952879587086196,1,0,0,1,0
1,12.925623050624589,6.699169265833882,1,1,0,0,0
0,12.541783437884703,6.986072187371765,1,0,0,1,0
0,12.879725074671718,6.873424975109427,1,0,0,1,0
1,12.43736577828619,6.992170722285774,1,0,0,1,0
0,11.571656040731394,6.928343959268606,0,1,1,0,0
0,13.448706525358322,6.297413050716645,0,0,1,1,0
1,12.392637108318976,5.202454297227007,1,0,1,1,0
1,13.192614968165742,6.6,1,1,0,0,0
0,13.774703840893428,6.430522648988159,0,0,1,1,0
1,11.698448221294896,5.461862134446124,1,1,1,0,0
0,13.480516352658531,6.683896729468294,1,0,0,1,0
0,11.572455821055836,6.7898232842233455,0,1,1,0,0
0,13.003312397653378,6.351656198826689,0,0,1,1,0
0,12.225528142228212,5.8,1,1,0,1,0
1,12.830191877509463,6.804712183735802,1,1,1,0,0
1,12.7,5.2800885722013176,1,0,1,1,0
0,14.025584018290576,6.5,0,0,1,1,0
0,13.393843382957304,6.704104411361798,1,0,0,1,0
1,14.403145505029512,5.754338090946878,1,0,1,0,0
1,14.273678822574157,5.95264235485169,1,0,1,0,0
0,12.814291160163048,7.090472559891301,1,0,0,1,0
0,13.392197133571443,6.684394267142887,0,0,0,1,0
1,14.518172082560866,5.54729025139044,1,0,1,0,0
0,13.42955245498099,6.259104909961981,0,0,1,1,0
1,11.974564494965604,5.180603945003822,1,0,1,1,0
0,13.333480162997082,6.566960325994163,0,0,0,1,0
1,11.879082306445536,6.959694102148513,1,0,0,1,0
0,13.823818295937151,6.435979810659684,0,0,1,1,0
0,11.63057399220712,6.9050956653678535,0,1,1,0,0
0,13.209669666552326,6.454834833276163,0,0,1,1,0
1,11.70874153682432,5.33688769476352,1,0,1,1,0
0,12.954720328625218,6.996853114249855,1,0,0,1,0
0,13.114283921866068,6.8904773854226224,1,0,0,1,0
1,14.286852368599934,5.963665736520118,1,0,1,0,0
0,13.33405614388839,6.56811228777678,0,0,0,1,0
0,14.300181049467158,6.433454032978105,1,0,1,0,0
1,11.918083873083312,5.263832253833373,1,1,1,0,0
1,12.128705523042454,6.385553372349055,1,0,0,1,0
1,12.25571452999258,7.085238176664193,1,0,0,1,0
1,12.357892328145168,7.071053835927416,1,0,0,1,0
1,12.388195949272896,7.055902025363552,1,0,0,1,0
1,11.826663808271222,5.346672383457557,0,1,1,1,0
0,12.628474759817314,5.883220553120198,1,1,0,1,0
1,12.973758246975184,6.626241753024815,1,1,0,0,0
1,12.72997694684873,6.955034579726904,1,1,1,0,0
1,11.814821118607348,6.911482111860735,1,0,0,1,0
1,14.034011704196493,6.223421883316291,1,1,0,0,0
1,11.721739726829703,5.556520546340593,0,1,1,1,0
0,13.147679058316886,6.447679058316886,1,0,0,1,0
1,11.621243495546064,6.978756504453935,1,0,0,1,0
0,14.341885792332544,6.461257194888362,1,0,1,0,0
1,13.204303826209609,6.6,1,1,0,0,0
0,13.641231078009325,6.5,0,0,1,1,0
1,12.932612583145168,6.667387416854833,1,1,0,0,0
1,14.146875440333664,6.440626321000993,1,0,1,0,0
1,14.170505116877427,6.511515350632284,1,0,1,0,0
1,13.048663797148096,6.6,1,1,0,0,0
0,12.841546116822707,7.0723025887848605,1,0,0,1,0
1,11.892182966411976,5.209771291985029,0,1,1,1,0
1,13.170355085280107,6.6,1,1,0,0,0
1,11.677981300045984,6.922018699954014,1,0,0,1,0
0,13.260985675501882,6.74633810816604,1,0,0,1,0
0,13.301566424494595,6.601566424494597,1,0,0,1,0
0,13.458309874389665,6.420845062805169,0,0,1,1,0
1,11.80075623822742,6.912594529778428,1,0,0,1,0
0,13.280573345168388,6.779617769887743,1,0,0,1,0
1,12.980198491799843,6.6495037705003925,1,1,0,0,0
1,12.2263051322213,6.952630513222131,1,0,0,1,0
1,14.164801580590192,6.564801580590193,1,1,0,0,0
1,12.15475685013926,6.945475685013927,1,0,0,1,0
0,14.123150668089528,6.315433778726352,1,0,1,0,0
0,12.74291491808228,6.91902836063924,1,0,0,1,0
0,11.9280144229104,6.954669070485068,0,1,1,0,0
1,12.60092807558856,6.500618717059041,1,1,1,0,0
1,11.560112180020289,6.979775639959425,0,1,1,0,0
1,14.139528056715251,6.228849497912543,1,0,1,0,0
0,13.332116147219129,6.632116147219129,1,0,0,1,0
1,12.7,5.453935706311082,1,0,1,1,0
1,12.98072622957489,6.619273770425109,1,1,0,0,0
1,12.017992598523117,5.34800269144614,1,0,1,1,0
0,13.005377778234564,6.831540740588479,1,0,0,1,0
1,14.1953552143185,6.586065642955501,1,0,1,0,0
1,12.948507873255677,5.24592428819318,1,1,1,0,0
0,13.032926301450953,6.332926301450954,1,0,0,1,0
0,13.988312773818397,5.981446193869946,0,0,1,1,0
0,13.37142341191872,6.46428829404064,0,0,1,1,0
0,13.403502350035115,6.207004700070235,0,0,1,1,0
1,11.896808868024973,5.296808868024972,1,0,1,1,0
1,13.926315171199883,6.3,1,0,0,0,0
0,13.39818344321835,6.450908278390825,0,0,1,1,0
1,13.661974220519172,6.39521031179233,1,1,0,0,0
1,11.821335370288963,5.314397555653242,1,1,1,0,0
0,12.934953121449505,6.855015626183499,1,0,0,1,0
1,14.104330607698309,6.2913387846033855,1,0,1,0,0
1,12.584855507211978,5.112793832532002,1,0,1,1,0
1,12.10845400315585,5.297181998948049,1,0,1,1,0
1,11.636973747704754,5.73529594151668,1,1,1,0,0
1,13.080363243216423,6.573212252261191,1,1,0,0,0
1,12.889232770722687,6.692821847148458,1,1,1,0,0
1,12.862799742919824,6.782933676106901,1,1,0,0,0
1,14.448995220210442,5.671808603621206,1,0,1,0,0
1,13.067709409919392,6.6,1,1,0,0,0
1,13.412175149745456,6.495129940101818,1,1,0,0,0
1,14.267084794535974,5.965830410928053,1,0,1,0,0
1,14.44355379222667,5.989397833013332,1,1,0,0,0
1,14.14793738320918,6.204125233581642,1,0,1,0,0
0,14.194357520237372,5.804836411225109,0,0,1,1,0
0,13.3843005176381,6.457849741180951,0,0,1,1,0
1,11.659853579370411,5.478235062047123,1,0,1,1,0
1,12.7,5.302895710818697,1,0,1,1,0
1,11.826579625971192,5.197046708225424,1,0,1,1,0
1,11.946386452760482,5.2072270944790375,1,1,1,0,0
1,13.164574456331016,6.6,1,1,0,0,0
1,11.9,5.260768424045127,0,1,1,1,0
1,14.035575422578798,6.435575422578799,1,1,0,0,0
0,13.32609881989542,6.486950590052291,0,0,1,1,0
0,13.614519872811728,6.657096025437655,1,0,0,1,0
1,11.540905385340425,7.0590946146595765,1,0,0,1,0
0,13.389717490167069,6.230847529498796,0,0,1,1,0
0,13.00224477002728,6.302244770027281,1,0,0,1,0
1,14.116001087525882,6.348003262577649,1,0,1,0,0
1,12.804316647189742,7.082733411241036,1,1,1,0,0
1,11.516368783315372,7.083631216684627,1,0,0,1,0
0,14.084808458126512,6.5,0,0,1,1,0
1,12.960362804234949,6.639637195765051,1,1,0,0,0
1,12.515230677105864,7.0,1,0,0,1,0
1,11.926367514304552,6.628358982834538,1,0,0,1,0
1,13.22893260171731,6.6,1,1,0,0,0
0,14.027716638939706,6.5,0,0,1,1,0
0,14.32358070751006,6.449053805006706,1,0,1,0,0
0,13.721235391818729,6.210369664155377,0,0,1,1,0
1,14.03061684439862,6.3,1,0,0,0,0
0,13.302608082748993,6.764927944834005,1,0,0,1,0
0,13.372281191737292,6.283156424788126,0,0,1,1,0
1,12.53195387549619,7.0,1,0,0,1,0
1,12.590522983519875,7.0,1,0,0,1,0
1,14.301327105669746,5.937611209794459,1,0,1,0,0
1,14.32884410352498,5.888080613655034,1,0,1,0,0
0,14.298091240128455,6.488676804458717,0,0,1,1,0
1,11.531315383159916,7.037369233680167,0,1,1,0,0
1,11.771881523669586,6.908985190458699,1,0,0,1,0
1,12.036908312772326,7.074763325108931,0,1,1,0,0
0,13.84750047937621,6.438611164375135,0,0,1,1,0
0,13.371271692402912,6.709576102532363,1,0,0,1,0
1,12.045932255826212,7.078372902330485,0,1,1,0,0
0,13.339021380590864,6.578042761181723,0,0,0,1,0
0,12.2,5.938079524641519,1,1,0,1,0
1,12.039713363979008,6.942464170497376,1,0,0,1,0
1,13.952970107813824,6.3,1,0,0,0,0
0,13.995691851786605,5.975121269897196,0,0,1,1,0
1,12.366373975203793,7.066813012398104,1,0,0,1,0
0,12.248363115946416,5.809821304321512,1,1,0,1,0
0,11.567771907029176,6.771087628116705,0,1,1,0,0
0,13.098294731736988,6.398294731736987,1,0,0,1,0
1,14.20924384068702,6.081512318625963,1,0,1,0,0
0,12.473575328778598,5.702504550241697,1,1,0,1,0
0,13.383181349206277,6.66636269841255,0,0,0,1,0
1,11.50789809859991,7.084203802800179,0,1,1,0,0
0,11.553845713307409,6.715382853229636,0,1,1,0,0
1,11.763039611256117,5.384352466492659,1,1,1,0,0
1,14.231820588696896,6.036358822606208,1,0,1,0,0
0,12.810754694019526,7.092830203986983,1,0,0,1,0
0,13.365304897151162,6.304085308546515,0,0,1,1,0
1,13.94625400349723,6.3,1,0,0,0,0
1,12.851658474551195,6.772512288173206,1,1,1,0,0
1,13.51286432232362,6.429045225892127,1,1,0,0,0
0,13.445623641010195,6.427188179494903,0,0,1,1,0
1,12.94411157488664,6.6558884251133605,1,1,0,0,0
1,11.603907590598954,5.498579057964016,1,0,1,1,0
0,13.09943600385188,6.399436003851879,1,0,0,1,0
1,12.940313857549004,5.244663670392154,1,1,1,0,0
1,11.515172824347127,7.084827175652872,1,0,0,1,0
1,14.118794045785531,6.266170717586038,1,0,1,0,0
1,12.099473736619206,7.033157912206402,1,0,0,1,0
0,13.799979735918338,6.233344591156479,0,0,1,1,0
1,11.837012227529623,6.945670742509875,1,0,0,1,0
1,12.441635426301511,5.128707174855387,1,0,1,1,0
1,12.092644727455506,5.167483919171611,1,0,1,1,0
1,13.23986069249623,6.6,1,1,0,0,0
0,11.796123289775773,6.9326872149626295,0,1,1,0,0
1,13.044412499879162,5.260678846135256,1,1,1,0,0
1,12.15740665925404,5.2356483351864895,1,0,1,1,0
1,12.533663316391182,7.0,1,0,0,1,0
1,12.972490248802512,6.627509751197489,1,1,0,0,0
0,13.277781957734422,6.781478694843719,1,0,0,1,0
0,13.31944076704722,6.538881534094436,0,0,0,1,0
1,11.767343976268196,6.966937590507279,0,1,1,0,0
0,12.206997630282984,6.058014218302091,1,1,0,1,0
1,12.79152231251926,6.87797024997432,1,1,0,0,0
0,11.618134604782012,6.476373079043597,0,1,1,1,0
1,14.095196485519262,6.3,1,0,0,0,0
0,13.332579739474562,6.402260781576312,0,0,1,1,0
1,11.9,5.9033595930961775,0,1,1,1,0
0,13.338087031154256,6.5,0,0,1,1,0
0,14.160761187583862,6.547847762483228,1,0,0,1,0
1,12.331548411069518,5.14093906543672,1,0,1,1,0
1,12.39501829849008,7.05249085075496,1,0,0,1,0
1,11.9,5.266991871547063,0,1,1,1,0
1,13.94475581021904,6.34475581021904,1,1,0,0,0
0,13.395172543643936,6.690345087287871,0,0,0,1,0
0,13.407595370648174,6.215190741296347,0,0,1,1,0
0,13.308928585734195,6.517857171468388,0,0,0,1,0
0,13.460313678916927,6.320627357833854,0,0,1,1,0
0,13.265714044942682,6.789523970038212,1,0,0,1,0
0,12.55313184708827,6.98228938430391,1,0,0,1,0
0,13.546525819781367,6.670694836043727,1,0,0,1,0
0,12.827314920143486,7.081790053237676,1,0,0,1,0
1,13.035083917164677,6.6,1,1,0,0,0
1,12.052825303161908,6.944103162895239,1,0,0,1,0
0,13.350529665211228,6.474735167394386,0,0,1,1,0
0,13.46894525427074,6.337890508541479,0,0,1,1,0
1,12.921403666087016,6.691438533565194,1,1,0,0,0
1,14.089243013879958,6.489243013879959,1,1,0,0,0
1,11.9,5.991710453892635,0,1,1,1,0
0,12.903679983758872,6.86544000541371,1,0,0,1,0
1,11.802100411996811,6.9808401647987255,0,1,1,0,0
1,12.277807275518748,5.253524627084091,1,0,1,1,0
1,12.767375456546606,6.910166057937858,1,1,0,0,0
0,14.301862178470111,6.519627564305978,1,0,0,1,0
0,13.101610886195823,6.401610886195823,1,0,0,1,0
1,11.753248855298834,5.531814503227041,1,1,1,0,0
1,14.176907045003064,6.161567318994486,1,0,1,0,0
1,14.08777977680973,6.3,1,0,0,0,0
1,11.9,5.850591465472939,0,1,1,1,0
1,14.02503236227362,6.3,1,0,0,0,0
1,12.806372560233054,7.074509759067786,1,1,1,0,0
0,14.394524448631332,6.496349632420887,1,0,1,0,0
0,14.274739719195264,6.416493146130176,1,0,1,0,0
1,11.94185337151313,5.216293256973742,1,1,1,0,0
1,13.388273475675486,6.504690609729805,1,1,0,0,0
1,12.92814138614569,6.671858613854311,1,1,0,0,0
0,14.179811586985402,6.353207724656934,1,0,1,0,0
0,12.267134473981196,5.697193156112824,1,1,0,1,0
1,13.690338225859504,6.369887258046831,1,1,0,0,0
1,12.91472515621857,6.685274843781431,1,1,0,0,0
0,13.514572337019583,6.401619148557732,0,0,1,1,0
0,11.579914200142996,6.579914200142996,0,1,1,1,0
1,14.149675346005148,6.4490260380154405,1,0,1,0,0
0,14.164001695480724,6.547199660903855,1,0,0,1,0
0,13.30043369086869,6.49869892739393,0,0,1,1,0
1,12.92908021147312,6.688367915410752,1,1,0,0,0
1,12.66792777956229,5.103563580048634,1,0,1,1,0
1,11.570868917940103,6.958262164119791,0,1,1,0,0
0,13.379518797509627,6.26144360747112,0,0,1,1,0
0,11.532454845649836,6.967545154350163,0,1,1,0,0
1,13.632571927390794,6.406971229043683,1,1,0,0,0
0,13.38784589306758,6.675691786135161,0,0,0,1,0
1,12.973741116253954,6.626258883746045,1,1,0,0,0
1,12.097277531200534,6.949659691400068,1,0,0,1,0
0,13.395171730063836,6.690343460127671,0,0,0,1,0
0,14.097589404897468,6.466398822766386,0,0,1,1,0
0,12.542225918999854,6.985924693666715,1,0,0,1,0
1,13.721121261117355,6.3715514955530566,1,1,0,0,0
1,14.116739665072052,6.269868602870303,1,0,1,0,0
0,13.379784322263037,6.260647033210893,0,0,1,1,0
0,12.34801529444886,5.536011470836645,1,1,0,1,0
0,12.2,5.950955078227344,1,1,0,1,0
0,13.37385646236465,6.6477129247293,0,0,0,1,0
0,12.319608334666809,5.8683476198096045,1,1,0,1,0
0,13.631839292177872,6.326755948790071,0,0,1,1,0
1,11.830452073380172,5.303457511943794,1,1,1,0,0
0,13.84445914752052,6.208633806933046,0,0,1,1,0
0,12.846503197520232,6.8844989341599225,1,0,0,1,0
1,12.572947344788073,7.0,1,0,0,1,0
1,13.534218252669046,6.421927249110318,1,1,0,0,0
1,11.994530432722485,5.110939134555035,1,1,1,0,0
1,12.671885712728775,5.103123809696802,1,0,1,1,0
0,11.56429172322861,6.757166892914439,0,1,1,0,0
1,11.7944287337205,5.208356899419249,1,0,1,1,0
0,13.319668724361582,6.539337448723164,0,0,0,1,0
0,14.321880656713628,6.5,0,0,1,1,0
0,13.353570021767322,6.47321498911634,0,0,1,1,0
1,11.871214645487273,5.23598169314091,0,1,1,1,0
0,12.068916931234792,6.978152821872466,0,1,1,0,0
1,12.978788275503543,6.621211724496456,1,1,0,0,0
0,11.581753345534528,6.918246654465472,0,1,1,0,0
1,11.587106371510655,6.925787256978686,0,1,1,0,0
0,14.059062819165444,6.462118091018382,0,0,1,1,0
1,13.32462218067001,6.530151127731997,1,1,0,0,0
1,12.372908801533464,5.136343466496282,1,0,1,1,0
1,11.957992623658711,5.150408851609546,1,1,1,0,0
1,12.54275642905647,7.0,1,0,0,1,0
0,14.39021780019605,5.905434555446639,0,0,1,1,0
1,12.649166796852116,7.0,1,0,0,1,0
1,12.075217227257468,5.291739075752489,1,0,1,1,0
0,12.930900542287196,6.230900542287195,1,0,0,1,0
1,13.105754533901727,6.564748488699424,1,1,0,0,0
0,13.244799849033418,6.544799849033418,1,0,0,1,0
1,12.783939376173626,6.888080831768497,1,1,0,0,0
1,12.338118764481091,5.140209026168767,1,0,1,1,0
0,13.29198661588155,6.772008922745634,1,0,0,1,0
0,13.768356587790953,6.250913006782805,0,0,1,1,0
1,11.771130106091988,6.814643872689615,1,0,0,1,0
1,12.7,5.297186286828057,1,0,1,1,0
1,11.646908385572091,6.918763354228838,0,1,1,0,0
1,12.324043646910804,7.087978176544597,1,0,0,1,0
1,12.413711551712126,5.131809827587541,1,0,1,1,0
1,14.183783368192088,6.551350104576263,1,0,1,0,0
1,12.031067761027444,5.265533880513722,0,1,1,1,0
1,12.062072822363843,5.170880797515128,1,0,1,1,0
0,13.419476770379214,6.696104645924158,1,0,0,1,0
1,12.743641662034513,6.941811117287315,1,1,0,0,0
0,13.402240965903598,6.448879517048201,0,0,1,1,0
1,12.850641155750033,6.799145125666621,1,1,0,0,0
1,14.05099078128917,6.450990781289171,1,1,0,0,0
0,14.032549981747684,5.943528587073411,0,0,1,1,0
1,12.581359231086571,6.988135923108658,1,0,0,1,0
1,14.276277443097031,6.084984318230267,1,1,0,0,0
0,11.811694833840257,6.935282472306709,0,1,1,0,0
0,12.38180443871003,5.595438511828369,1,1,0,1,0
0,14.002277595170211,6.5,0,0,1,1,0
1,14.06565869541068,6.465658695410681,1,1,0,0,0
0,11.573255587876266,6.926744412123734,0,1,1,0,0
0,12.2,5.975806419727,1,1,0,1,0
0,14.264439627200344,6.409626418133562,1,0,1,0,0
1,12.985385839990697,6.614614160009305,1,1,0,0,0
0,13.363582933762483,6.309251198712546,0,0,1,1,0
0,12.2,5.887667974481917,1,1,0,1,0
1,12.110554424665391,5.165493952814956,1,0,1,1,0
0,13.357971172933864,6.61594234586773,0,0,0,1,0
1,12.112480476640714,5.246879880839821,1,0,1,1,0
0,13.313080656943225,6.493459671528388,0,0,1,1,0
1,14.570160551960994,5.453711006470212,1,0,1,0,0
1,11.947090371695635,5.205819256608725,1,1,1,0,0
0,11.959646337181022,6.959941056196837,0,1,1,0,0
1,13.907629702408585,6.3076297024085815,1,1,0,0,0
0,13.939409461279986,6.592118107744003,1,0,0,1,0
0,13.45349080104465,6.423254599477676,0,0,1,1,0
1,12.877695307063426,6.733457039404861,1,1,1,0,0
1,13.901280963004778,6.299268021140127,1,1,0,0,0
1,12.02928426797047,7.071713707188188,0,1,1,0,0
0,13.4125511823205,6.5,0,0,1,1,0
0,13.356231878259862,6.331304365220415,0,0,1,1,0
0,14.265567117153426,6.410378078102284,1,0,1,0,0
1,12.924038754232743,6.675961245767257,1,1,0,0,0
0,13.332272590215656,6.483863704892173,0,0,1,1,0
0,12.2,5.896580082939515,1,1,0,1,0
1,11.907304962853775,5.28539007429245,1,1,1,0,0
0,11.823605289106432,6.823605289106432,0,1,1,1,0
1,11.963056208697218,7.045222483478887,0,1,1,0,0
1,12.55553829347187,7.0,1,0,0,1,0
1,12.385151102754095,6.985643887844263,1,0,0,1,0
0,13.308952221290246,6.517904442580491,0,0,0,1,0
1,11.7629431351227,5.255585297315952,1,0,1,1,0
0,13.427347854689868,6.5,0,0,1,1,0
1,14.05346469286413,6.3,1,0,0,0,0
1,14.147232466719938,6.158724304731464,1,1,0,0,0
1,14.151581243170526,6.454743729511579,1,0,1,0,0
1,12.069756371931842,6.936975637193185,1,0,0,1,0
0,11.931212737217416,6.9552021228695695,0,1,1,0,0
0,13.330495194125756,6.560990388251509,0,0,0,1,0
0,13.123027107885768,6.411513553942884,0,0,1,1,0
0,13.373142381919848,6.646284763839695,0,0,0,1,0
1,14.093385157368571,6.3,1,0,0,0,0
1,12.603613211809924,5.124096697047519,1,0,1,1,0
1,12.18827700410263,5.128965692938865,1,1,1,0,0
0,11.682571224575202,6.682571224575201,0,1,1,1,0
1,11.607768778408008,6.992231221591993,1,0,0,1,0
1,12.554159886406826,5.185255367139511,1,1,1,0,0
0,13.550524440162208,6.371930866576551,0,0,1,1,0
1,12.62145716051955,6.5143047736797,1,1,1,0,0
0,12.295346227973122,5.513961316080637,1,1,0,1,0
0,13.564817561141412,6.407201951237935,0,0,1,1,0
0,13.89049711413261,6.065288187886333,0,0,1,1,0
0,14.308552022406865,5.950804431996187,0,0,1,1,0
1,11.829891164151494,6.943297054717164,1,0,0,1,0
0,14.297286000993912,6.431524000662607,1,0,1,0,0
1,11.667248175430592,6.932751824569409,1,0,0,1,0
1,12.692894119951424,7.0,1,0,0,1,0
0,13.83718399164938,6.5,0,0,1,1,0
1,12.868689255947851,6.9282768601303735,1,1,0,0,0
1,12.853404480219426,6.886382079122295,1,1,1,0,0
0,13.36924562941586,6.669245629415859,1,0,0,1,0
1,11.956160719035664,5.187678561928668,1,1,1,0,0
0,13.29069982588634,6.49534991294317,0,0,1,1,0
1,14.123804567686031,6.371413703058094,1,0,1,0,0
1,11.726187146909512,6.90327339336369,1,0,0,1,0
1,12.7,5.252229510600025,1,0,1,1,0
0,11.845193387217144,6.940865564536191,0,1,1,0,0
1,11.822894911607529,6.940964970535843,1,0,0,1,0
0,12.846180697521998,7.069212868318669,1,0,0,1,0
1,12.155768550979046,5.297902345098528,1,0,1,1,0
1,11.613637089568396,5.772725820863208,0,1,1,1,0
0,13.460771078938668,6.321542157877334,0,0,1,1,0
0,12.978513329323787,6.980991113784141,1,0,0,1,0
0,12.980004402175007,6.28000440217501,1,0,0,1,0
1,11.959893958608813,6.98663131953627,1,0,0,1,0
0,14.288209841327731,6.425473227551821,1,0,1,0,0
0,12.523815119071129,5.985037210897788,1,1,0,1,0
1,12.701313190126086,6.998030214810869,1,1,1,0,0
0,13.625957540637652,6.65480849187247,1,0,0,1,0
1,14.141202822653277,6.217594354693445,1,0,1,0,0
0,11.542048150511109,6.668192602044431,0,1,1,0,0
1,13.174941726462404,5.2807602656096,1,1,1,0,0
1,13.01806541607256,6.6,1,1,0,0,0
0,11.5180197932491,6.9819802067509,0,1,1,0,0
0,13.380074762672542,6.660149525345084,0,0,0,1,0
0,12.939731263292002,7.006845824471999,1,0,0,1,0
1,12.463936795242532,6.9954920994053165,1,0,0,1,0
1,14.107301830439711,6.321905491319138,1,0,1,0,0
0,11.578232947809314,6.812931791237257,0,1,1,0,0
0,13.344829279282733,6.477585360358634,0,0,1,1,0
1,12.028148376214506,6.932814837621451,1,0,0,1,0
0,12.2,5.836272937123423,1,1,0,1,0
1,14.130238137208476,6.390714411625431,1,0,1,0,0
0,13.238015261390451,6.469007630695226,0,0,1,1,0
1,11.812061327315892,5.212061327315892,1,0,1,1,0
1,13.84388852148026,6.322444591407896,1,1,0,0,0
1,11.687607811401136,6.912392188598865,1,0,0,1,0
0,12.245058357019785,5.77470821490108,1,1,0,1,0
0,13.2828746801587,6.778083546560868,1,0,0,1,0
0,13.310588155038111,6.521176310076223,0,0,0,1,0
0,13.443045963840014,6.286091927680026,0,0,1,1,0
1,12.036765454096656,5.265808636475835,1,0,1,1,0
0,13.22251820103407,6.75916059965531,1,0,0,1,0
0,13.497845135527804,6.395690271055608,0,0,1,1,0
1,11.723068485937858,6.902306848593787,1,0,0,1,0
0,13.649110109838816,6.317161050089547,0,0,1,1,0
1,11.884595426128833,6.918459542612884,1,0,0,1,0
0,14.181682353088782,6.354454902059189,1,0,1,0,0
1,12.111770928640162,6.941177092864017,1,0,0,1,0
1,12.965997052264942,6.645337263646742,1,1,0,0,0
1,14.199207204599412,6.599207204599413,1,1,0,0,0
1,11.77219569307409,5.246340511543184,1,0,1,1,0
1,12.470198205844545,6.977019820584455,1,0,0,1,0
1,11.550998054847224,5.638802334183331,1,1,1,0,0
1,12.406841669930952,5.173289582517262,1,0,1,1,0
1,11.800788970816864,6.779053235019763,1,0,0,1,0
0,13.04525943787945,6.818246854040184,1,0,0,1,0
1,13.63401110995963,6.38866296334679,1,1,0,0,0
1,14.153536201254164,6.192927597491674,1,0,1,0,0
1,12.839515996725597,6.659677331150397,1,1,1,0,0
1,12.460392424908664,6.995049053113584,1,0,0,1,0
1,14.438174190760323,5.691286456631415,1,0,1,0,0
0,12.449392500519304,5.674291250605854,1,1,0,1,0
1,11.8460945401434,5.410511076311491,1,0,1,1,0
0,11.645005084650776,5.992482203722287,0,1,1,1,0
1,13.773690073377946,6.350523970648822,1,1,0,0,0
1,12.78673627435152,6.884351634197971,1,1,0,0,0
1,12.062843371767537,5.225686743535074,1,1,1,0,0
1,11.97888639076912,5.2802784023077205,1,0,1,1,0
1,12.634162076865207,7.0,1,0,0,1,0
1,12.890366347707092,6.874084130732271,1,1,0,0,0
1,14.20409291290681,6.112632756767741,1,0,1,0,0
0,12.2,6.038106948825477,1,1,0,1,0
1,13.790171636339274,6.336609454553575,1,1,0,0,0
0,11.521259002478155,6.495748199504369,0,1,1,1,0
1,14.033384451693175,6.3,1,0,0,0,0
1,14.17273249065476,6.169081516821432,1,0,1,0,0
0,12.508636980045074,6.997121006651642,1,0,0,1,0
1,12.849301639703151,6.97674590074212,1,1,0,0,0
1,12.444371712327989,6.993046464040998,1,0,0,1,0
0,12.260383408157074,5.698082959214636,1,1,0,1,0
1,12.038590636632676,6.942323829579085,1,0,0,1,0
0,14.180245784770513,6.353497189847007,1,0,1,0,0
1,12.463190702468754,7.018404648765623,1,0,0,1,0
1,11.701616262111084,5.363972896481527,1,0,1,1,0
0,13.743106604519443,6.427011844946605,0,0,1,1,0
1,14.06316783423554,6.3,1,0,0,0,0
0,12.90165268123692,6.20165268123692,1,0,0,1,0
0,12.505388717516103,6.998203760827965,1,0,0,1,0
0,11.597718770812529,6.90228122918747,0,1,1,0,0
1,12.140714814652776,6.955089351831597,1,0,0,1,0
1,13.542553950931076,6.44297841962757,1,1,0,0,0
0,12.404892274717454,5.622374320503695,1,1,0,1,0
1,11.764080788276942,5.4403342588083845,1,0,1,1,0
0,13.382219303732771,6.705926898755743,1,0,0,1,0
1,12.25659844465694,7.085532814885646,1,0,0,1,0
0,12.2,6.04549664308272,1,1,0,1,0
1,11.576740611877383,5.572098980204362,1,0,1,1,0
1,11.786708027636427,6.908670802763643,1,0,0,1,0
0,13.636176112137246,6.5,0,0,1,1,0
1,12.6854033938415,7.0,1,0,0,1,0
1,13.948182789957476,6.3,1,0,0,0,0
1,11.85530171173424,6.91941271396678,1,0,0,1,0
0,13.672071321215304,6.419119035690589,0,0,1,1,0
0,13.4481719632659,6.296343926531802,0,0,1,1,0
1,11.622347168744197,5.466479246883707,1,0,1,1,0
0,11.864271647801008,6.864271647801007,0,1,1,1,0
1,14.129956790938962,6.3898703728168895,1,0,1,0,0
1,11.707323755563264,5.35446040739456,1,0,1,1,0
1,11.555486627204177,5.630641715994782,0,1,1,1,0
0,13.368296975026672,6.72113534998222,1,0,0,1,0
0,11.694724225361322,5.81846521123537,0,1,1,1,0
0,12.28839497702524,5.558025114873792,1,1,0,1,0
1,12.320924623786244,6.977615577973281,1,0,0,1,0
0,12.884142203246396,7.043905197835737,1,0,0,1,0
0,12.570155224636713,6.976614925121096,1,0,0,1,0
1,11.936946180691471,7.034778472276589,0,1,1,0,0
1,11.511671986848798,7.076656026302402,0,1,1,0,0
1,11.723135106385,6.872237872338,1,0,0,1,0
1,12.680264750102548,6.998026475010255,1,0,0,1,0
0,12.9653482097839,6.844883930072033,1,0,0,1,0
0,12.103987512207356,6.983997918701227,0,1,1,0,0
1,11.684242460813326,6.915757539186673,1,0,0,1,0
0,13.13160497533302,6.878930016444655,1,0,0,1,0
1,12.13663252000745,5.162596386665839,1,0,1,1,0
1,11.991776021077374,5.178691553213625,1,0,1,1,0
0,13.33488898132669,6.395333056019932,0,0,1,1,0
1,12.334962311394564,6.97937028892432,1,0,0,1,0
0,12.21956942794553,5.74129171616341,1,1,0,1,0
1,12.564881501562956,7.0,1,0,0,1,0
0,13.435177392120496,6.432411303939752,0,0,1,1,0
1,12.024207240067932,5.262103620033966,0,1,1,1,0
0,12.596713029961158,6.026693159977805,1,1,0,1,0
1,12.511305861611415,5.17866244024791,1,1,1,0,0
1,12.893132950475122,6.867167623812197,1,1,0,0,0
1,12.56666313892396,5.133334215269009,1,0,1,1,0
1,12.691134480742493,6.560756320494994,1,1,1,0,0
1,14.439244971721006,5.68935905090219,1,0,1,0,0
1,12.615566583515092,5.128144472161636,1,0,1,1,0
0,12.016089136651098,6.96934818944185,0,1,1,0,0
1,14.176760764989012,6.146478470021976,1,0,1,0,0
1,14.022689421569927,6.229891759102899,1,1,0,0,0
0,13.397523630539249,6.695047261078498,0,0,0,1,0
1,11.845291994908813,5.309416010182376,0,1,1,1,0
1,12.67781922709516,7.0,1,0,0,1,0
1,12.674026656675755,7.0,1,0,0,1,0
1,11.886684717031532,6.962228239010511,1,0,0,1,0
0,13.005146163015578,6.305146163015577,1,0,0,1,0
1,11.923113156076765,5.253773687846475,1,1,1,0,0
0,13.017394785513911,6.955070142990726,1,0,0,1,0
1,11.87466387218855,6.690403353373739,1,0,0,1,0
0,11.533782648038937,6.635130592155745,0,1,1,0,0
1,12.805951512130086,7.076193951479656,1,1,1,0,0
1,12.7,5.251494075750228,1,0,1,1,0
0,13.469282930283647,6.3385658605673,0,0,1,1,0
0,13.330372800355072,6.4848135998224645,0,0,1,1,0
1,11.81152915348147,6.766165015822235,1,0,0,1,0
1,11.751352900710566,6.9064191125888215,1,0,0,1,0
1,14.037183009935196,6.3,1,0,0,0,0
0,13.077120396342266,6.915253069105155,1,0,0,1,0
0,13.861641681302167,6.0900214160267145,0,0,1,1,0
1,12.653852914104336,5.105127453988406,1,0,1,1,0
1,12.386367957830812,7.056816021084594,1,0,0,1,0
1,13.186784353556751,6.5852862585773,1,1,0,0,0
0,12.928405854624865,6.228405854624862,1,0,0,1,0
0,11.85771023019779,6.942951705032965,0,1,1,0,0
0,14.065608782581243,6.085772898565976,0,0,1,1,0
1,11.581357495419816,6.937285009160369,0,1,1,0,0
0,12.2,5.98503583789417,1,1,0,1,0
0,11.549822879854112,6.32561992051061,0,1,1,1,0
1,12.51597733157552,7.0,1,0,0,1,0
1,14.167522264072089,6.17845992467024,1,0,1,0,0
0,12.945961073898877,6.322980536949437,0,0,1,1,0
0,14.02298325286116,6.458109250317907,0,0,1,1,0
0,13.33423277501245,6.5684655500249,0,0,0,1,0
1,11.9,5.204607313185518,0,1,1,1,0
1,13.988106925709523,6.3,1,0,0,0,0
0,13.41422511383289,6.442887443083555,0,0,1,1,0
0,12.767158799690996,6.910947066769667,1,0,0,1,0
1,13.323122072255952,6.492292642581349,1,1,0,0,0
0,13.350372365752952,6.600744731505906,0,0,0,1,0
0,12.25832611524824,5.750043308510562,1,1,0,1,0
0,12.40907807894381,5.627257758767779,1,1,0,1,0
1,12.424519259610072,5.168870185097481,1,0,1,1,0
1,13.4057846371276,6.4647384542908,1,1,0,0,0
0,13.106611355888424,6.406611355888425,1,0,0,1,0
0,13.217326733927887,6.517326733927886,1,0,0,1,0
1,12.655405942990216,6.995540594299022,1,0,0,1,0
0,11.533796326830316,6.381712856093891,0,1,1,1,0
0,13.33487815532229,6.569756310644578,0,0,0,1,0
1,12.470347694114952,5.125516922876116,1,0,1,1,0
1,12.020916722877848,7.068366689151139,0,1,1,0,0
0,13.305617711650012,6.497191144174994,0,0,1,1,0
1,12.9,6.832224327634151,1,1,1,0,0
0,12.734497893832796,6.921834035389067,1,0,0,1,0
0,14.102423431897527,5.883637058373547,0,0,1,1,0
0,11.524657078778755,6.598628315115032,0,1,1,0,0
1,12.537336577394903,7.0,1,0,0,1,0
1,12.828633495626129,7.028416260934684,1,1,0,0,0
1,11.86946476891124,5.256642277306513,1,1,1,0,0
0,12.219470871702892,5.983174769782639,1,1,0,1,0
0,11.805494714213618,6.438901057157277,0,1,1,1,0
0,13.459115440992484,6.318230881984968,0,0,1,1,0
0,13.715482473657271,6.280287514634849,0,0,1,1,0
1,12.009891495465968,5.26996383182199,1,0,1,1,0
1,12.669477236045362,6.996947723604537,1,0,0,1,0
1,11.9,5.255176155916688,0,1,1,1,0
0,12.20827703049972,7.031207772874788,0,1,1,1,0
1,12.9,6.933544912516414,1,1,1,0,0
1,11.979514811383575,5.140970377232846,1,1,1,0,0
1,11.93091437436066,5.185453958404371,1,0,1,1,0
0,13.377116679578045,6.654233359156088,0,0,0,1,0
0,11.703238290196015,6.917206381699336,0,1,1,0,0
1,12.699428036572709,7.0,1,0,0,1,0
0,13.45233056958259,6.423834715208705,0,0,1,1,0
1,12.9,7.032935672035472,1,1,1,0,0
1,11.941965662959678,7.036786265183872,0,1,1,0,0
1,13.395344891626578,6.468218369457807,1,1,0,0,0
1,12.075236929575489,7.090094771830194,0,1,1,0,0
1,12.304608158637604,7.097695920681199,1,0,0,1,0
0,14.349170202424933,6.466113468283289,1,0,1,0,0
1,14.078804117345694,6.3,1,0,0,0,0
1,14.363406462354243,6.035196307226148,1,1,0,0,0
1,14.597399252871606,5.404681344831109,1,0,1,0,0
0,12.246318363923509,5.82646763652772,1,1,0,1,0
1,14.22664685476716,6.113344654418766,1,1,0,0,0
0,14.36282916623866,6.5,0,0,1,1,0
1,12.512051128909352,7.0,1,0,0,1,0
0,13.04139481291795,6.370697406458975,0,0,1,1,0
1,14.256975982497028,5.986048035005946,1,0,1,0,0
0,11.92711046217305,6.954518410362176,0,1,1,0,0
1,12.669458690204266,5.111105930834811,1,0,1,1,0
0,13.013017708963586,6.957988194024276,1,0,0,1,0
0,11.553473770799124,6.713895083196497,0,1,1,0,0
0,12.622025319078558,6.959324893640481,1,0,0,1,0
1,12.015745168835505,7.066298067534201,0,1,1,0,0
1,13.957240179889087,6.357240179889087,1,1,0,0,0
0,12.2,5.974023058964201,1,1,0,1,0
1,14.3425449024843,5.863419175528261,1,0,1,0,0
0,13.329920153844196,6.559840307688392,0,0,0,1,0
1,12.063784366591417,5.227568733182829,1,1,1,0,0
1,11.988240685244378,5.179084368306181,1,0,1,1,0
1,12.555138444100663,5.116095728433259,1,0,1,1,0
1,14.142677696537788,6.214644606924424,1,0,1,0,0
1,12.7,5.5814589732068605,1,0,1,1,0
1,12.7,5.471351185400649,1,0,1,1,0
0,14.21922014613994,6.379480097426627,1,0,1,0,0
1,14.431976922187006,5.996013187321711,1,1,0,0,0
1,11.53339791715275,7.033204165694501,0,1,1,0,0
1,12.807917651994888,6.838123522007667,1,1,1,0,0
1,11.922055275940911,5.186438302673232,1,0,1,1,0
1,12.690115725605208,5.102471068598698,1,0,1,1,0
1,12.699367901586264,5.100070233157082,1,0,1,1,0
1,13.952589909150673,6.269948623342472,1,1,0,0,0
0,12.998076400614046,6.833974533128651,1,0,0,1,0
0,12.447574926830262,5.8,1,1,0,1,0
1,14.283322666545988,5.933354666908024,1,0,1,0,0
0,13.359377641893126,6.72708157207125,1,0,0,1,0
0,12.515284229069678,5.661463171802259,1,1,0,1,0
0,12.667850428488972,5.77588782136673,1,1,0,1,0
0,13.350088895910716,6.4749555520446425,0,0,1,1,0
0,12.599661360657548,6.966779546447484,1,0,0,1,0
1,12.142585615903169,6.944258561590317,1,0,0,1,0
1,12.098049047181638,7.099219618872655,0,1,1,0,0
0,13.49171961532077,6.681656076935846,1,0,0,1,0
1,12.24464507819229,5.150594991311968,1,0,1,1,0
1,12.499769531841082,7.000115234079459,1,0,0,1,0
1,12.028740673141874,5.157481346283747,1,1,1,0,0
0,13.37314313224276,6.280570603271719,0,0,1,1,0
1,12.456916550582964,6.975691655058297,1,0,0,1,0
0,11.63860778937,6.014872737204994,0,1,1,1,0
1,12.452059893933065,7.023970053033468,1,0,0,1,0
1,14.166943629300151,6.500830887900462,1,0,1,0,0
1,12.888780312884007,6.748292916154654,1,1,0,0,0
1,11.892535729744669,5.2925357297446665,1,0,1,1,0
1,13.046498628519045,6.6,1,1,0,0,0
0,14.272064106603224,6.414709404402148,1,0,1,0,0
1,11.748117910942444,5.3898526113219445,0,1,1,1,0
1,11.978833592063038,5.259611197354347,1,0,1,1,0
1,11.713289670672491,5.344517215545845,1,0,1,1,0
1,13.683332975695942,6.372222341434686,1,1,0,0,0
1,11.689871575793124,6.93594863031725,0,1,1,0,0
1,12.558851313169852,7.0,1,0,0,1,0
1,12.899772638039488,6.700909447842051,1,1,1,0,0
0,12.064576014750791,7.064576014750794,0,1,1,1,0
0,11.647947752349554,6.907991292058259,0,1,1,0,0
1,13.23977995238576,6.6,1,1,0,0,0
1,12.85959432113346,6.951014197166352,1,1,0,0,0
0,11.71217080628092,6.918695134380154,0,1,1,0,0
1,13.646443367695303,6.384518877434898,1,1,0,0,0
1,12.499619431355027,7.0001902843224855,1,0,0,1,0
1,12.362639636066936,7.068680181966532,1,0,0,1,0
1,12.48322944576354,5.154192638559115,1,0,1,1,0
0,13.835323730869838,6.2137090384056455,0,0,1,1,0
0,11.866361517079948,6.866361517079947,0,1,1,1,0
0,13.352908456400757,6.341274630797735,0,0,1,1,0
1,12.204230022620084,5.223942494344978,1,0,1,1,0
1,13.788713391697405,6.337095536100865,1,1,0,0,0
0,13.14116078545819,6.420580392729095,0,0,1,1,0
0,13.784565749431623,6.623086850113675,1,0,0,1,0
1,11.653973451035007,6.94602654896499,1,0,0,1,0
0,13.350953625376944,6.347139123869165,0,0,1,1,0
0,13.151763276950104,6.782745574349966,1,0,0,1,0
0,14.06935864998105,5.9119783000162425,0,0,1,1,0
1,14.113610541625984,6.513610541625985,1,1,0,0,0
0,13.723677523388792,6.5,0,0,1,1,0
1,12.623186857255266,7.0,1,0,0,1,0
0,13.47160162766802,6.343203255336038,0,0,1,1,0
0,13.319452901157906,6.441641296526285,0,0,1,1,0
1,14.14878819802967,6.446364594089014,1,0,1,0,0
1,12.2008209662788,6.95008209662788,1,0,0,1,0
1,11.743064279428538,6.848322864685755,1,0,0,1,0
0,13.233429630936213,6.811046912709193,1,0,0,1,0
1,12.7135819746563,6.981890700458265,1,1,0,0,0
0,13.422702797419197,6.438648601290402,0,0,1,1,0
1,14.552084878723226,5.486247218298191,1,0,1,0,0
1,11.991327010356924,6.55040758757169,1,0,0,1,0
1,14.170892850785473,6.145204085265444,1,1,0,0,0
0,11.605315225488882,6.900885870914814,0,1,1,0,0
1,11.51035777011915,7.0792844597617,0,1,1,0,0
0,13.356638928753323,6.471680535623338,0,0,1,1,0
0,13.328991823592858,6.557983647185716,0,0,0,1,0
1,12.35150885336066,5.216163715546447,1,0,1,1,0
1,13.998466816139029,6.3,1,0,0,0,0
1,12.640887825102643,5.119704058299118,1,0,1,1,0
1,14.560184798469589,5.47166736275474,1,0,1,0,0
1,12.696574429830592,7.0,1,0,0,1,0
1,13.907456127421792,6.3,1,0,0,0,0
0,13.331181321783154,6.562362643566308,0,0,0,1,0
0,11.696482072068669,6.916080345344779,0,1,1,0,0
1,14.16083236208454,6.48249708625362,1,0,1,0,0
1,14.152735849808414,6.458207549425244,1,0,1,0,0
0,12.2,5.869995536684476,1,1,0,1,0
1,12.659484390889164,6.995948439088917,1,0,0,1,0
1,12.018150895096408,5.175761011655955,1,0,1,1,0
0,13.241940402852617,6.470970201426307,0,0,1,1,0
1,13.971384001900768,6.3,1,0,0,0,0
1,12.689072595686708,7.0,1,0,0,1,0
0,13.45013563186268,6.300271263725363,0,0,1,1,0
0,12.444302318988791,5.668352705486922,1,1,0,1,0
0,13.139379884662985,6.786873371779006,1,0,0,1,0
0,12.990132697416842,6.836622434194386,1,0,0,1,0
1,14.150700842896129,6.452102528688386,1,0,1,0,0
1,12.528232775835324,5.119085247129408,1,0,1,1,0
0,12.227651477237146,5.934091136577123,1,1,0,1,0
0,12.831663319123408,7.078891120584395,1,0,0,1,0
0,13.870175648107288,6.082706587336611,0,0,1,1,0
1,12.155321271978796,6.353614473625445,1,0,0,1,0
0,13.36432816692968,6.467835916535161,0,0,1,1,0
1,11.87535853166734,5.230801835415827,0,1,1,1,0
0,13.940953777277777,6.5,0,0,1,1,0
0,13.338095509572366,6.576191019144731,0,0,0,1,0
1,12.619854411283654,6.513236274189104,1,1,1,0,0
0,12.242614350415892,5.786928247920535,1,1,0,1,0
0,12.2,6.0003843582858165,1,1,0,1,0
1,12.533004775095325,7.0,1,0,0,1,0
1,14.42988833822084,5.706200991202489,1,0,1,0,0
1,12.556189934811462,6.985618993481147,1,0,0,1,0
1,14.117850254727202,6.353550764181607,1,0,1,0,0
0,11.506650582555526,6.993349417444474,0,1,1,0,0
0,13.365210510057544,6.467394744971228,0,0,1,1,0
1,13.765099993556053,6.344966668814648,1,1,0,0,0
0,13.183934546845014,6.844043635436657,1,0,0,1,0
1,12.9,6.704085099845138,1,1,1,0,0
1,14.150046064690564,6.19990787061887,1,0,1,0,0
0,14.299848416116664,6.5,0,0,1,1,0
0,13.241735618207198,6.752754793930935,1,0,0,1,0
0,14.156402984827816,6.3376019898852105,1,0,1,0,0
1,11.687084018015952,5.647602968472085,1,1,1,0,0
1,12.295161718975637,6.974395214871954,1,0,0,1,0
1,11.775305995255133,6.909413249406891,1,0,0,1,0
1,11.633657975518854,6.966342024481145,1,0,0,1,0
1,11.959551119030802,5.2851122202423,1,0,1,1,0
0,13.468349754808402,6.415825122595799,0,0,1,1,0
0,12.746307501679428,6.917897499440191,1,0,0,1,0
1,14.004188768925768,6.3,1,0,0,0,0
0,14.3161720503163,6.490685783368478,0,0,1,1,0
1,13.172057133163577,6.6,1,1,0,0,0
0,12.271333900413376,5.8,1,1,0,1,0
0,14.26424019503176,6.409493463354507,1,0,1,0,0
0,13.23148368672412,6.53148368672412,1,0,0,1,0
1,13.00173805162167,6.6,1,1,0,0,0
1,12.535348364279148,7.0,1,0,0,1,0
0,14.042430364027457,6.098649797762525,0,0,1,1,0
0,13.362543286245696,6.625086572491392,0,0,0,1,0
1,11.815576635881731,5.205192211960577,1,0,1,1,0
1,12.219662038095466,5.260112653968178,1,0,1,1,0
0,13.316204644550094,6.532409289100187,0,0,0,1,0
0,13.497084618823624,6.401457690588189,0,0,1,1,0
1,13.547925227054352,6.440829909178259,1,1,0,0,0
0,14.145604727308248,6.330403151538832,1,0,1,0,0
0,12.2,6.016440775904847,1,1,0,1,0
0,13.45834030255941,6.420829848720295,0,0,1,1,0
0,13.390296542689091,6.229110371932729,0,0,1,1,0
1,11.936849355398476,5.377509325309645,1,0,1,1,0
0,14.35083399995116,6.467222666634106,1,0,1,0,0
1,12.663129443829089,5.202019914435244,1,1,1,0,0
0,13.363125521568335,6.626251043136668,0,0,0,1,0
0,13.509682231749666,6.5,0,0,1,1,0
1,12.67089285886349,5.109702380378836,1,0,1,1,0
0,14.216227963058358,6.002095576078689,0,0,1,1,0
0,13.639088539311976,6.5,0,0,1,1,0
0,13.28246949749498,6.582469497494979,1,0,0,1,0
1,13.902799267338183,6.3,1,0,0,0,0
0,12.2,5.841973702869282,1,1,0,1,0
0,12.3566818083135,5.542511356235126,1,1,0,1,0
0,13.163193703956273,6.857870864029152,1,0,0,1,0
0,13.316982145771414,6.449053562685758,0,0,1,1,0
0,12.829838184391766,6.890053938536078,1,0,0,1,0
1,13.165227918283453,6.544924027238849,1,1,0,0,0
1,12.926840393036628,6.673159606963372,1,1,0,0,0
0,12.227107509981392,5.718677470055822,1,1,0,1,0
0,11.99820936784353,6.966368227973922,0,1,1,0,0
0,12.539920237434984,6.986693254188339,1,0,0,1,0
1,14.187608782491816,6.56282634747545,1,0,1,0,0
0,13.376442545861137,6.270672362416594,0,0,1,1,0
1,12.109437443450394,6.9511796804313,1,0,0,1,0
1,14.13059228818815,6.391776864564454,1,0,1,0,0
1,12.631407904406332,5.1971396776009735,1,1,1,0,0
0,11.545529429713229,6.682117718852909,0,1,1,0,0
0,13.345139883906809,6.590279767813613,0,0,0,1,0
1,12.272955683423248,5.242348105525584,1,0,1,1,0
0,11.68415418283225,6.914025697138709,0,1,1,0,0
1,12.829270155151953,7.026824612120119,1,1,0,0,0
0,13.390335441431535,6.454832279284232,0,0,1,1,0
1,11.613281377785912,5.511197703690145,1,0,1,1,0
1,12.443022886461929,6.992877860807741,1,0,0,1,0
0,13.395794956061328,6.452102521969336,0,0,1,1,0
0,13.341970500574552,6.479014749712724,0,0,1,1,0
0,14.346205848453591,6.464137232302395,1,0,1,0,0
0,13.541676531229813,6.5,0,0,1,1,0
1,11.551238764692693,6.997522470614615,0,1,1,0,0
1,13.03679325316756,6.6,1,1,0,0,0
0,11.558258694541632,6.296094569104289,0,1,1,1,0
0,14.38511411172006,5.908269937933301,0,0,1,1,0
1,14.193476400116667,6.113047199766664,1,0,1,0,0
1,14.22004999817313,6.059900003653742,1,0,1,0,0
1,11.629467313274487,5.455799030088269,1,0,1,1,0
1,11.593595904916755,7.006404095083244,1,0,0,1,0
1,13.198070815117784,6.533976394960738,1,1,0,0,0
1,14.515110613259177,5.552800896133481,1,0,1,0,0
0,14.35032554852878,6.5,0,0,1,1,0
1,14.536646332600156,5.5140366013197175,1,0,1,0,0
0,11.528580558069292,6.528580558069291,0,1,1,1,0
0,13.35823778146494,6.4708811092675305,0,0,1,1,0
0,14.245604159046891,6.5,0,0,1,1,0
1,11.866610219579014,5.403050829243995,1,0,1,1,0
0,13.303953121318244,6.498023439340878,0,0,1,1,0
0,13.368690537152842,6.465654731423579,0,0,1,1,0
1,12.11490918715782,5.165010090315798,1,0,1,1,0
1,11.951492189995369,5.197015620009263,1,1,1,0,0
1,12.39075277471049,7.054623612644755,1,0,0,1,0
1,14.334247471892835,5.878354550592895,1,0,1,0,0
1,11.593763735233884,5.582795330957644,0,1,1,1,0
1,14.145601135471562,6.208797729056875,1,0,1,0,0
0,13.310425723180124,6.520851446360249,0,0,0,1,0
1,13.332356120920512,6.4892146263598285,1,1,0,0,0
0,12.932508697401788,6.316254348700894,0,0,1,1,0
0,13.351279430036206,6.4743602849818975,0,0,1,1,0
1,14.18565375235366,6.556961257060976,1,0,1,0,0
1,12.69213579890129,7.0,1,0,0,1,0
0,12.258353571426758,5.624939285719728,1,1,0,1,0
0,14.00734460183195,6.456371622425772,0,0,1,1,0
1,12.7,5.490238503242412,1,0,1,1,0
0,13.316928435746616,6.533856871493233,0,0,0,1,0
1,12.07136288742677,5.285681443713385,0,1,1,1,0
0,14.334026786012451,6.492669642890272,0,0,1,1,0
0,13.270498964102757,6.570498964102755,1,0,0,1,0
1,12.456452533305534,5.127060829632718,1,0,1,1,0
0,13.097934644571986,6.398967322285992,0,0,1,1,0
0,13.608443255333723,6.307048638285378,0,0,1,1,0
1,12.722360285817386,6.966459571273919,1,1,1,0,0
0,13.464648121099996,6.329296242199993,0,0,1,1,0
1,13.14143665925534,6.6,1,1,0,0,0
1,11.908212148934448,5.204106074467224,0,1,1,1,0
0,11.77417182622604,6.77417182622604,0,1,1,1,0
0,11.594447940468935,6.905552059531062,0,1,1,0,0
1,12.243352394397643,6.967919049299706,1,0,0,1,0
0,12.4513776037323,5.8,1,1,0,1,0
0,12.750420497096608,6.916526500967797,1,0,0,1,0
1,12.7,5.108565574730431,1,0,1,1,0
0,12.20367747136716,5.981612643164189,1,1,0,1,0
1,12.62948727385777,7.0,1,0,0,1,0
1,12.942802285285962,6.676263619618718,1,1,0,0,0
0,13.30371637313115,6.732094542289617,1,0,0,1,0
1,11.552708230709474,7.047291769290526,1,0,0,1,0
1,12.719816583031792,6.973577889290944,1,1,0,0,0
1,13.957303224347742,6.3,1,0,0,0,0
0,14.3367009067378,5.935166162923445,0,0,1,1,0
1,12.7,5.220239490696576,1,0,1,1,0
0,13.318214397447516,6.445356807657453,0,0,1,1,0
0,14.182328927094549,6.354885951396367,1,0,1,0,0
0,14.220565696817022,5.999685723990544,0,0,1,1,0
0,14.327531907724625,6.491947989747181,0,0,1,1,0
0,14.032836214161058,6.5,0,0,1,1,0
1,13.959347601338363,6.3,1,0,0,0,0
0,13.082255348363365,6.3822553483633655,1,0,0,1,0
0,13.974502598029416,5.993283487403357,0,0,1,1,0
1,14.10821815147975,6.324654454439251,1,0,1,0,0
0,11.588226769965711,6.91177323003429,0,1,1,0,0
0,14.360072255478329,5.922182080289819,0,0,1,1,0
0,13.75284726198647,6.428094140220719,0,0,1,1,0
0,13.487316389993952,6.374632779987902,0,0,1,1,0
0,13.474065385211984,6.412967307394008,0,0,1,1,0
1,13.135471350999897,6.554842883000035,1,1,0,0,0
1,12.063586815288708,5.227173630577416,1,1,1,0,0
0,13.648271770112672,6.272909911331995,0,0,1,1,0
1,12.9,6.99014606113748,1,1,1,0,0
0,13.30421440213138,6.49789279893431,0,0,1,1,0
1,14.147032362900372,6.441097088701116,1,0,1,0,0
1,12.66276432962335,5.11241189012555,1,0,1,1,0
0,11.568567477544748,6.931432522455252,0,1,1,0,0
0,14.05359816250414,6.092445465275477,0,0,1,1,0
0,11.54981748180562,6.950182518194381,0,1,1,0,0
1,12.9,6.9908210238211055,1,1,1,0,0
1,11.90391741050572,5.29216517898856,1,1,1,0,0
1,11.80252912165676,5.20252912165676,1,0,1,1,0
1,12.767305854584524,6.910258860553966,1,1,0,0,0
1,11.892263155357131,6.924032894419642,1,0,0,1,0
1,11.9,5.65908938868287,0,1,1,1,0
1,12.008008179158042,7.00266939305268,1,0,0,1,0
1,14.080237753579636,6.3,1,0,0,0,0
0,13.81472433973365,6.5,0,0,1,1,0
1,12.33784032978902,5.140239963356775,1,0,1,1,0
0,13.3226287921178,6.4886856039411,0,0,1,1,0
0,13.367975411806103,6.635950823612206,0,0,0,1,0
1,12.580202550064014,5.113310827770665,1,0,1,1,0
0,13.329019979103595,6.558039958207189,0,0,0,1,0
0,13.42976220682938,6.435118896585311,0,0,1,1,0
1,14.07932678200913,6.3,1,0,0,0,0
0,14.25810930449624,5.978828164168757,0,0,1,1,0
1,13.059625891581804,6.6,1,1,0,0,0
1,14.118378663399604,6.263242673200792,1,0,1,0,0
0,13.32871603118507,6.55743206237014,0,0,0,1,0
0,13.374202310315384,6.277393069053854,0,0,1,1,0
1,11.744731463909126,6.914910487969709,1,0,0,1,0
0,13.028995786303506,6.364497893151753,0,0,1,1,0
0,13.047353688652732,6.347353688652732,1,0,0,1,0
0,13.138216621425702,6.8745222523828655,1,0,0,1,0
0,13.304170185850278,6.497914907074861,0,0,1,1,0
1,11.883756023221965,5.239492772133644,1,1,1,0,0
0,13.347128873283316,6.735247417811122,1,0,0,1,0
0,13.470505943861909,6.414747028069046,0,0,1,1,0
1,12.255989340341364,5.139382975437132,1,1,1,0,0
1,11.60817573180589,6.991824268194111,1,0,0,1,0
1,13.469201947136224,6.47231922114551,1,1,0,0,0
0,12.403828556168945,5.621133315530434,1,1,0,1,0
1,14.271561877961604,5.956876244076794,1,0,1,0,0
1,11.779767987299016,5.230348019051475,1,0,1,1,0
1,11.962505924185672,5.231252962092836,0,1,1,1,0
0,12.841063134578896,7.072624576947403,1,0,0,1,0
1,13.039755471764732,6.6,1,1,0,0,0
0,12.2,5.965917462522174,1,1,0,1,0
1,13.2324902863165,6.522503237894499,1,1,0,0,0
1,11.72344426807808,5.327592886536532,1,0,1,1,0
1,12.7,5.2004347982585495,1,0,1,1,0
1,11.963530594017657,5.181829933998039,1,0,1,1,0
1,14.167955311154914,6.177680439921154,1,0,1,0,0
1,11.9,5.202630499360325,0,1,1,1,0
0,13.600975351231464,6.343902582649187,0,0,1,1,0
1,11.6572675828983,5.503415521377123,0,1,1,1,0
1,13.296015342278253,6.501328219240582,1,1,0,0,0
1,14.106618084664516,6.506618084664516,1,1,0,0,0
0,13.08889344523318,6.803702184922274,1,0,0,1,0
0,13.407786441146545,6.215572882293089,0,0,1,1,0
1,13.954691629726025,6.3,1,0,0,0,0
1,12.7,5.695170658039159,1,0,1,1,0
1,11.729588422833377,5.305617365749936,1,0,1,1,0
0,13.226377485957707,6.757874171347431,1,0,0,1,0
1,11.625666690706495,6.974333309293502,1,0,0,1,0
0,13.846121536213484,6.438457948468165,0,0,1,1,0
0,13.561476999951685,6.406830777772409,0,0,1,1,0
0,13.071353415739834,6.385676707869917,0,0,1,1,0
1,12.401719939950558,5.208465476381615,1,0,1,1,0
1,11.971325423396385,5.13440949192434,1,1,1,0,0
1,12.970085714068338,6.629914285931662,1,1,0,0,0
0,12.73750873890029,6.010426862050339,1,1,0,1,0
1,12.95018905143324,6.64981094856676,1,1,0,0,0
0,13.02987699656517,6.3649384982825845,0,0,1,1,0
0,13.217304493833234,6.517304493833234,1,0,0,1,0
0,12.599991533373531,6.966669488875489,1,0,0,1,0
0,12.281279261085164,5.556162216744509,1,1,0,1,0
1,13.930741079897675,6.330741079897675,1,1,0,0,0
1,12.051242555813737,6.478508933023519,1,0,0,1,0
1,12.638434055426368,7.0,1,0,0,1,0
1,14.378891779442268,5.797994797003916,1,0,1,0,0
0,13.45885656379835,6.420571718100826,0,0,1,1,0
0,11.655726313696684,6.909287718949448,0,1,1,0,0
0,13.20912758363853,6.763624138787157,1,0,0,1,0
1,14.015539117538031,6.3,1,0,0,0,0
0,12.302694500139925,5.502020875104941,1,1,0,1,0
0,13.090740203485575,6.803086598838141,1,0,0,1,0
1,13.94183712711646,6.3,1,0,0,0,0
0,14.337505144466776,6.45833676297785,1,0,1,0,0
1,14.148609406726674,6.445828220180024,1,0,1,0,0
0,14.34231596679632,6.461543977864212,1,0,1,0,0
1,13.37139217730807,6.511443129076771,1,1,0,0,0
1,14.0674646418254,6.3,1,0,0,0,0
0,13.137473396099216,6.437473396099217,1,0,0,1,0
1,14.192530520625656,6.592530520625657,1,1,0,0,0
0,13.38014103835064,6.660282076701279,0,0,0,1,0
0,13.870446313873632,6.605910737225273,1,0,0,1,0
1,11.9,5.87982038908978,0,1,1,1,0
0,13.953299428394258,6.011457632804921,0,0,1,1,0
0,12.29333830619798,5.519985081406061,1,1,0,1,0
0,13.31369400716313,6.493152996418435,0,0,1,1,0
0,13.301917155756405,6.5038343115128034,0,0,0,1,0
1,13.646800209016988,6.401279916393205,1,1,0,0,0
0,14.259292660471976,6.406195106981317,1,0,1,0,0
0,13.475614266210751,6.412192866894625,0,0,1,1,0
0,13.616933400096404,6.335036999946442,0,0,1,1,0
0,13.294833148855368,6.594833148855368,1,0,0,1,0
1,12.59613380724918,7.0,1,0,0,1,0
1,12.013237342562537,5.256618671281268,0,1,1,1,0
1,12.159986883642532,6.348015739628958,1,0,0,1,0
1,12.014430563649366,5.349297976854776,1,0,1,1,0
0,13.18988882895914,6.44494441447957,0,0,1,1,0
1,11.782550285319733,6.910318785664967,1,0,0,1,0
0,13.30163249936522,6.503264998730438,0,0,0,1,0
1,11.630986814995715,5.542815822005141,1,1,1,0,0
0,13.002507562378726,6.964994958414184,1,0,0,1,0
1,13.352476371275053,6.48250787624165,1,1,0,0,0
1,13.37657104033538,6.474476319888207,1,1,0,0,0
1,11.940850914670456,5.218298170659089,1,1,1,0,0
1,13.57669087448912,6.429323650204352,1,1,0,0,0
1,12.790550251140209,5.221623115560032,1,1,1,0,0
1,11.95164204981118,6.983880683270393,1,0,0,1,0
0,13.41955364279978,6.44022317860011,0,0,1,1,0
0,13.56818202186638,6.362121098963121,0,0,1,1,0
0,13.553422008272484,6.354209707195013,0,0,1,1,0
1,14.079528138665264,6.3,1,0,0,0,0
1,11.892788844829456,5.292788844829455,1,0,1,1,0
1,11.986091700578564,5.262030566859521,1,0,1,1,0
1,13.296231477792585,6.6,1,1,0,0,0
0,12.922662340257856,6.311331170128928,0,0,1,1,0
1,13.092275276065006,6.6,1,1,0,0,0
1,13.943734079280931,6.3,1,0,0,0,0
1,13.955959897128352,6.2680229159266565,1,1,0,0,0
0,12.8324380635212,6.8891873121596,1,0,0,1,0
1,11.94457020382416,5.210859592351681,1,1,1,0,0
1,13.97611025909534,6.3,1,0,0,0,0
0,12.94428675791533,6.322143378957665,0,0,1,1,0
0,12.260013329155884,5.8,1,1,0,1,0
0,13.000489634304204,6.966340243797198,1,0,0,1,0
0,13.47495176947772,6.4125241152611405,0,0,1,1,0
1,14.193940298539705,6.593940298539703,1,1,0,0,0
0,13.275088393456942,6.575088393456942,1,0,0,1,0
1,11.908072315067182,7.0232289260268725,0,1,1,0,0
1,12.9,7.01270295607005,1,1,1,0,0
0,13.422221440760383,6.695555711847923,1,0,0,1,0
1,12.734409921681332,6.589606614454222,1,1,1,0,0
1,12.907704028572638,6.692295971427362,1,1,0,0,0
0,12.207873060430586,6.052761637416482,1,1,0,1,0
0,14.300603862820374,6.433735908546916,1,0,1,0,0
0,11.983854627463666,6.963975771243945,0,1,1,0,0
0,14.257875722029372,6.405250481352915,1,0,1,0,0
0,13.419437848174791,6.238875696349582,0,0,1,1,0
0,13.925795302555072,6.5,0,0,1,1,0
0,12.0415948040677,7.0415948040676986,0,1,1,1,0
1,11.9,5.236601435286968,0,1,1,1,0
1,12.775696900900291,6.899070798799611,1,1,0,0,0
1,14.151724421517008,6.455173264551025,1,0,1,0,0
1,13.123475604784094,6.6,1,1,0,0,0
0,13.437787096207131,6.5,0,0,1,1,0
0,12.2,6.099515544887723,1,1,0,1,0
1,14.057913400621354,6.3,1,0,0,0,0
0,14.12429278526404,6.5,0,0,1,1,0
1,12.815795506168392,7.036817975326434,1,1,1,0,0
0,11.521384009286953,6.521384009286952,0,1,1,1,0
0,11.503052522154782,6.512210088619125,0,1,1,0,0
1,11.692601977629916,6.907398022370084,1,0,0,1,0
0,11.903181771446556,6.950530295241093,0,1,1,0,0
1,12.295730953088029,5.247006926149807,1,0,1,1,0
1,11.705611581062552,6.901870527020852,1,0,0,1,0
0,14.25110382544406,6.5,0,0,1,1,0
1,12.87635442075493,6.909113948112672,1,1,0,0,0
0,12.979678527613396,6.2796785276133935,1,0,0,1,0
0,13.081248134300246,6.806250621899918,1,0,0,1,0
0,14.270675477064094,5.971846957186615,0,0,1,1,0
0,13.779259458980873,6.431028828775653,0,0,1,1,0
1,13.984620915791504,6.3,1,0,0,0,0
1,13.935017452123228,6.3350174521232265,1,1,0,0,0
0,13.81946849631867,6.435496499590964,0,0,1,1,0
1,13.950154381044792,6.3,1,0,0,0,0
1,14.376700635535292,5.801938856036472,1,0,1,0,0
0,13.312351326288685,6.462946021133955,0,0,1,1,0
1,11.9,5.966549434388695,0,1,1,1,0
1,11.519345297929371,7.0613094041412525,0,1,1,0,0
1,13.236326000115191,6.6,1,1,0,0,0
0,13.59386467932035,6.410429408813372,0,0,1,1,0
1,11.9,5.714192341338089,0,1,1,1,0
1,12.768507184158828,6.612338122772552,1,1,1,0,0
1,11.642495532571182,6.957504467428817,1,0,0,1,0
0,12.98863588255151,6.974242744965661,1,0,0,1,0
1,13.90846796124398,6.29516116500344,1,1,0,0,0
0,13.344500825021669,6.589001650043336,0,0,0,1,0
1,13.203791162324352,6.53206961255855,1,1,0,0,0
1,12.862712019261584,6.783050640984556,1,1,0,0,0
1,14.155569185015649,6.188861629968704,1,0,1,0,0
0,13.345388775352667,6.477305612323667,0,0,1,1,0
1,12.927382809741992,6.672617190258007,1,1,0,0,0
0,13.317680897662983,6.446957307011044,0,0,1,1,0
1,11.99142878786461,6.929142878786461,1,0,0,1,0
0,13.465872110396854,6.331744220793708,0,0,1,1,0
1,11.854889988611964,5.256387514235046,0,1,1,1,0
0,12.237896812701845,5.686309561894465,1,1,0,1,0
1,12.918545506554258,6.681454493445743,1,1,0,0,0
0,14.230296311269248,6.533940737746151,1,0,0,1,0
1,11.953580284815118,5.28660492879622,1,0,1,1,0
0,11.98896819502746,6.9648280325045775,0,1,1,0,0
0,12.914160737145483,6.861946420951506,1,0,0,1,0
1,11.82111205389486,5.207037351298287,1,0,1,1,0
1,11.9,5.262578043288623,0,1,1,1,0
0,13.373026261581945,6.673026261581944,1,0,0,1,0
1,12.9,7.017115921702441,1,1,1,0,0
1,11.5938152892799,6.912369421440199,0,1,1,0,0
0,12.117160534557009,6.986193422426168,0,1,1,0,0
1,12.568344008489705,7.0,1,0,0,1,0
0,13.202386234525688,6.451193117262843,0,0,1,1,0
1,11.568880556064014,5.585199073226644,1,0,1,1,0
0,13.70840384426701,6.423155982696335,0,0,1,1,0
1,11.902277216333,6.6572673404004,1,0,0,1,0
0,13.90693827875744,6.598612344248512,1,0,0,1,0
0,12.135315023150635,6.989219170525106,0,1,1,0,0
0,11.54407661276711,6.95592338723289,0,1,1,0,0
1,14.11054510651146,6.33163531953438,1,0,1,0,0
0,13.300637778503598,6.501275557007194,0,0,0,1,0
1,12.7,5.658909592864829,1,0,1,1,0
1,13.08945845933978,6.6,1,1,0,0,0
1,12.406043569952033,7.046978215023984,1,0,0,1,0
1,11.748512020357852,6.904851202035785,1,0,0,1,0
0,14.367262119338216,6.478174746225477,1,0,1,0,0
0,13.377356648837864,6.267930053486412,0,0,1,1,0
1,14.313239917758157,5.916168148035316,1,0,1,0,0
0,12.9671697842909,6.2671697842909,1,0,0,1,0
1,13.391756297601924,6.469414567466025,1,1,0,0,0
1,12.619866656398832,5.120033335900292,1,0,1,1,0
1,14.12502968070376,6.375089042111284,1,0,1,0,0
1,12.902634203981892,6.697365796018108,1,1,0,0,0
0,13.482511567503416,6.365023135006835,0,0,1,1,0
1,11.54727113086784,5.643274642958589,1,1,1,0,0
0,13.3223722245041,6.544744449008201,0,0,0,1,0
0,14.316661367900538,6.444440911933692,1,0,1,0,0
1,14.0590879460394,6.459087946039402,1,1,0,0,0
1,11.502814189371012,5.696482263286236,0,1,1,1,0
0,13.404614656189828,6.447692671905086,0,0,1,1,0
1,14.162038430745092,6.150263753859948,1,1,0,0,0
0,12.215116930191591,5.754649209425223,1,1,0,1,0
1,14.117597656758855,6.352792970276569,1,0,1,0,0
0,12.1896154562312,6.9982692427052005,0,1,1,0,0
1,14.106225845723904,6.288793477696971,1,0,1,0,0
0,11.690848338632543,5.832030814786099,0,1,1,1,0
0,12.267050382750758,5.598848851747727,1,1,0,1,0
0,14.256846712658326,6.5,0,0,1,1,0
0,13.496840660999451,6.401579669500275,0,0,1,1,0
1,12.153113252835269,5.160765194129414,1,0,1,1,0
0,12.696259273074729,6.934580242308424,1,0,0,1,0
0,12.26509926643566,5.674503667821697,1,1,0,1,0
0,13.389572229372211,6.67914445874442,0,0,0,1,0
0,13.953690267232597,6.147949851537446,0,0,1,1,0
0,12.262741494039632,5.611775517881104,1,1,0,1,0
0,13.333467194741962,6.566934389483924,0,0,0,1,0
1,14.024339283759792,6.3,1,0,0,0,0
0,12.203641134146457,5.981794329267715,1,1,0,1,0
1,12.50910962846163,5.163630123846123,1,0,1,1,0
0,14.318992116527085,6.5,0,0,1,1,0
0,12.987058621404884,6.343529310702442,0,0,1,1,0
1,12.708626236760548,6.987060644859176,1,1,1,0,0
0,13.390419980246978,6.690419980246979,1,0,0,1,0
1,12.360111257412305,7.069944371293849,1,0,0,1,0
0,13.36893408322181,6.465532958389096,0,0,1,1,0
0,13.072879558907864,6.918080294061426,1,0,0,1,0
0,12.2,5.867310917493858,1,1,0,1,0
1,12.671463016239652,7.0,1,0,0,1,0
1,11.776114263006008,6.909514282875752,1,0,0,1,0
0,14.110560436857073,6.307040291238047,1,0,1,0,0
0,13.044490151814369,6.344490151814367,1,0,0,1,0
1,12.187019477078968,5.156997835880115,1,0,1,1,0
1,12.214053879736593,5.153994013362601,1,0,1,1,0
0,12.221629367488344,5.97022379506994,1,1,0,1,0
1,12.37843234751534,7.0607838262423295,1,0,0,1,0
1,12.574414000262705,6.98744140002627,1,0,0,1,0
1,12.27953651925709,7.093178839752363,1,0,0,1,0
1,13.708353526167926,6.363882157944025,1,1,0,0,0
1,11.643486544588564,6.956513455411435,1,0,0,1,0
0,13.403452898510556,6.206905797021111,0,0,1,1,0
1,11.583947196155137,6.9321056076897305,0,1,1,0,0
0,13.349898223355092,6.350305329934723,0,0,1,1,0
0,13.206533100920971,6.8289779327193525,1,0,0,1,0
0,14.385687447018,6.498409716335333,0,0,1,1,0
0,14.148670117812552,5.843997041874955,0,0,1,1,0
1,11.598587645530923,6.902824708938152,0,1,1,0,0
1,12.93225128160498,6.769371795987548,1,1,0,0,0
1,11.987382314751716,5.179179742805365,1,0,1,1,0
0,14.37119956791609,6.505760086416783,1,0,0,1,0
0,13.776338711895027,6.43070430132167,0,0,1,1,0
0,13.834504200908553,6.437167133434284,0,0,1,1,0
1,14.525009876629673,5.94285149906876,1,1,0,0,0
1,13.925953304424416,6.3,1,0,0,0,0
0,12.598836395649446,6.967054534783518,1,0,0,1,0
0,13.67868849810342,6.419854277567047,0,0,1,1,0
0,14.283263057605083,5.964853856886066,0,0,1,1,0
1,12.564085020526823,7.0,1,0,0,1,0
1,11.952020357851818,6.931502544731478,1,0,0,1,0
0,13.065703163690866,6.811432278769711,1,0,0,1,0
1,12.66311764093325,7.0,1,0,0,1,0
1,11.53073916478411,7.069260835215889,1,0,0,1,0
0,13.33324028853381,6.483379855733095,0,0,1,1,0
0,13.747437877522604,6.5,0,0,1,1,0
1,14.420171215738248,5.723691811671157,1,0,1,0,0
0,12.226989790278656,5.719030629164029,1,1,0,1,0
1,12.806362197114188,7.07455121154325,1,1,1,0,0
0,13.47690682799886,6.353813655997721,0,0,1,1,0
0,13.375867539853266,6.2723973804402045,0,0,1,1,0
1,11.82447612877153,5.22447612877153,1,0,1,1,0
0,13.82053516710729,6.435615018567477,0,0,1,1,0
1,13.001906669511426,6.599364443496191,1,1,0,0,0
1,11.532982901236636,7.067017098763364,1,0,0,1,0
0,13.369575999060311,6.710141333646563,1,0,0,1,0
1,12.771470948409668,6.904705402120443,1,1,0,0,0
0,13.414212466578755,6.228424933157514,0,0,1,1,0
1,11.8677292776018,5.40264389905389,1,0,1,1,0
1,12.84396965779188,6.924121368832485,1,1,1,0,0
1,12.76668206189126,6.611121374594174,1,1,1,0,0
0,12.260601996863564,5.618194009409303,1,1,0,1,0
0,13.751969760047212,6.1840259199595335,0,0,1,1,0
0,14.35981048198175,5.922327510010139,0,0,1,1,0
0,12.2,5.965528016394545,1,1,0,1,0
0,12.290375193055658,5.528874420833031,1,1,0,1,0
1,13.962157985420346,6.3,1,0,0,0,0
0,13.650675665581156,6.5,0,0,1,1,0
1,12.60818473452796,5.193566882235071,1,1,1,0,0
1,12.875152105227306,6.737271842159043,1,1,1,0,0
1,14.120513525105371,6.361540575316116,1,0,1,0,0
0,14.17914871100532,6.352765807336881,1,0,1,0,0
1,12.5982640279806,7.0,1,0,0,1,0
1,12.235300172606443,6.966912521575805,1,0,0,1,0
0,13.030897848196355,6.330897848196356,1,0,0,1,0
0,13.988179939954527,6.582364012009094,1,0,0,1,0
0,12.299313439975258,5.503432800123714,1,1,0,1,0
0,12.680213569107911,6.939928810297363,1,0,0,1,0
1,12.169909637164327,5.276696787611891,1,0,1,1,0
0,12.29377459439342,5.537352433639488,1,1,0,1,0
0,13.371294468515696,6.286116594452913,0,0,1,1,0
1,11.81416998877388,5.37166002245224,0,1,1,1,0
1,11.5514768946751,6.997046210649803,0,1,1,0,0
1,12.164584438262631,5.278471853912455,1,0,1,1,0
0,13.376814746851672,6.461592626574164,0,0,1,1,0
1,13.301415740537015,6.5394337037851935,1,1,0,0,0
1,12.055154505714825,6.473814593142211,1,0,0,1,0
0,11.534955021826216,6.639820087304869,0,1,1,0,0
1,13.30713679050648,6.537145283797408,1,1,0,0,0
1,11.619028093317771,6.980971906682228,1,0,0,1,0
1,11.69493040886812,5.375115985219798,1,0,1,1,0
1,14.0154912786704,6.3,1,0,0,0,0
0,13.48991292803214,6.379825856064281,0,0,1,1,0
1,14.059517587673527,6.3,1,0,0,0,0
1,13.956552887043417,6.3,1,0,0,0,0
0,13.218824190645266,6.518824190645266,1,0,0,1,0
1,11.55865169635214,7.041348303647861,1,0,0,1,0
0,12.079441897507095,6.97990698291785,0,1,1,0,0
1,12.881215880142776,6.896960299643058,1,1,0,0,0
0,13.847900321571954,6.610419935685609,1,0,0,1,0
1,11.614448028146615,5.774715950743424,1,1,1,0,0
0,11.743244926095404,6.923874154349234,0,1,1,0,0
0,12.840563806149772,6.886478731283409,1,0,0,1,0
1,13.935928596463407,6.3,1,0,0,0,0
0,12.264688195743693,5.60593541276892,1,1,0,1,0
0,13.634651869303076,6.653069626139385,1,0,0,1,0
1,11.85608626952178,5.254892163097775,0,1,1,1,0
1,11.508632240357342,5.689209699553324,0,1,1,1,0
0,14.1642851306031,6.3428567537354015,1,0,1,0,0
0,11.836347394850812,6.939391232475136,0,1,1,0,0
0,13.34277721020061,6.37166836939817,0,0,1,1,0
0,12.219740113072634,5.9815593215641965,1,1,0,1,0
0,12.271082187294766,5.5867534381157,1,1,0,1,0
1,11.616209794271596,6.983790205728404,1,0,0,1,0
1,12.11757419404779,5.118088337545814,1,1,1,0,0
0,13.36709167840535,6.298724964783952,0,0,1,1,0
0,13.19694260525659,6.448471302628295,0,0,1,1,0
1,11.862582318136964,5.220860772712321,1,0,1,1,0
1,13.89690175095003,6.301032749683323,1,1,0,0,0
1,13.600137944811223,6.399954018396259,1,1,0,0,0
1,13.94290346283354,6.3,1,0,0,0,0
1,13.97899111949583,6.3,1,0,0,0,0
1,11.872529617383597,6.92156620217295,1,0,0,1,0
1,14.481093617699724,5.614031488140497,1,0,1,0,0
0,14.097083142524603,6.5,0,0,1,1,0
0,13.617233348447767,6.334870361973463,0,0,1,1,0
1,11.865473005624724,5.265473005624723,1,0,1,1,0
1,12.134101883185306,7.044700627728435,1,0,0,1,0
0,14.399312420400571,6.499541613600381,1,0,1,0,0
1,14.252497846495364,5.995004307009274,1,0,1,0,0
1,11.56537054379716,6.969258912405679,0,1,1,0,0
0,14.12328548257925,5.865755300646357,0,0,1,1,0
1,12.337608782051738,7.081195608974131,1,0,0,1,0
0,14.117876038193735,6.311917358795824,1,0,1,0,0
1,14.493291644165849,5.960976203333801,1,1,0,0,0
1,12.81075111796026,6.833873323059611,1,1,1,0,0
1,12.220581069542185,6.952058106954219,1,0,0,1,0
0,11.766964878803844,6.766964878803846,0,1,1,1,0
1,14.160686200795686,6.190764838567765,1,0,1,0,0
1,14.126894878007478,6.380684634022434,1,0,1,0,0
0,13.946455847019546,6.151968973878031,0,0,1,1,0
1,12.509755949312671,7.0,1,0,0,1,0
0,13.492703765671154,6.403648117164424,0,0,1,1,0
0,14.103401717470316,6.302267811646877,1,0,1,0,0
1,14.10603103840244,6.318093115207319,1,0,1,0,0
1,14.240090668496222,6.019818663007555,1,0,1,0,0
0,13.183336712330558,6.8444421917796285,1,0,0,1,0
1,11.762252330995738,5.516058420757459,1,1,1,0,0
1,11.981049598234394,5.240524799117197,0,1,1,1,0
0,13.301777827619585,6.50355565523917,0,0,0,1,0
1,12.920301120702902,6.799247198242745,1,1,0,0,0
1,12.7,5.223351323974369,1,0,1,1,0
1,11.694128753011755,5.611742493976487,0,1,1,1,0
0,12.675727346019688,5.781795509514767,1,1,0,1,0
0,13.356838057954636,6.329485826136099,0,0,1,1,0
1,14.089769792250642,6.3,1,0,0,0,0
1,13.163260582392088,6.6,1,1,0,0,0
1,11.60519322215087,6.9948067778491305,1,0,0,1,0
1,14.100399045601296,6.299201908797406,1,0,1,0,0
1,12.171829768632476,6.95897872107906,1,0,0,1,0
1,14.175294724006555,6.575294724006557,1,1,0,0,0
1,12.929292804249922,6.670707195750079,1,1,0,0,0
1,11.763572962913177,6.823712444504188,1,0,0,1,0
1,12.424604630112162,5.130599485543093,1,0,1,1,0
1,12.938026078536977,6.754934803657564,1,1,0,0,0
0,12.264264421473843,5.678677892630786,1,1,0,1,0
0,13.47148200460662,6.342964009213241,0,0,1,1,0
1,11.956495216918489,5.182611642564613,1,0,1,1,0
0,12.270224923050604,5.678650461696375,1,1,0,1,0
0,13.328723583197748,6.5,0,0,1,1,0
0,13.464894531571153,6.417552734214424,0,0,1,1,0
1,12.628999454916608,7.0,1,0,0,1,0
0,12.99544851242909,6.96970099171394,1,0,0,1,0
0,13.225526262953393,6.462763131476695,0,0,1,1,0
0,13.764206049211142,6.173537672104735,0,0,1,1,0
1,14.182845640036929,6.548536920110784,1,0,1,0,0
1,14.295508010411286,5.908983979177431,1,0,1,0,0
0,14.269244024148936,6.412829349432624,1,0,1,0,0
1,14.2183572967301,6.063285406539802,1,0,1,0,0
0,11.658861127302927,6.658861127302928,0,1,1,1,0
0,13.37624409086761,6.271267727397169,0,0,1,1,0
0,11.91298608617748,6.912986086177482,0,1,1,1,0
1,11.586552380392138,6.926895239215723,0,1,1,0,0
0,13.0078755503566,6.3539377751783,0,0,1,1,0
1,12.893706742955148,6.725173028179408,1,1,1,0,0
1,12.990546044538624,6.609453955461377,1,1,0,0,0
0,12.740190627427758,6.919936457524081,1,0,0,1,0
1,12.551655549400722,7.0,1,0,0,1,0
0,13.031313183230209,6.331313183230207,1,0,0,1,0
1,11.68337465841728,6.91662534158272,1,0,0,1,0
1,13.28916315304189,5.298332792775676,1,1,1,0,0
0,13.340733988053104,6.37779803584069,0,0,1,1,0
1,13.97342035328112,6.3,1,0,0,0,0
1,11.962920570951193,5.181897714338756,1,0,1,1,0
0,14.32908721480851,6.452724809872341,1,0,1,0,0
1,11.649539719310242,5.450767134482931,1,0,1,1,0
1,11.692287695960442,5.361568456059338,1,0,1,1,0
1,12.066331454192076,6.945791431774009,1,0,0,1,0
0,12.2,5.81916877606067,1,1,0,1,0
1,12.332103432119114,6.979012929014889,1,0,0,1,0
1,11.85130104604196,5.217100348680653,1,0,1,1,0
1,11.584272538126395,6.931454923747206,0,1,1,0,0
1,11.69783344636426,5.60433310727148,0,1,1,1,0
1,12.7,5.696093223531962,1,0,1,1,0
0,13.824561104373084,6.436062344930343,0,0,1,1,0
0,13.26658911663047,6.56658911663047,1,0,0,1,0
0,14.200250454593013,6.539949909081398,1,0,0,1,0
0,12.560055364788836,5.695041523591627,1,1,0,1,0
0,13.33458788499744,6.569175769994879,0,0,0,1,0
1,14.152091212473442,6.552091212473441,1,1,0,0,0
0,11.655479569106404,5.955821508127585,0,1,1,1,0
0,11.593143287245717,6.593143287245715,0,1,1,1,0
1,11.569435474879583,5.584274208534029,1,0,1,1,0
0,12.2,5.892950785455268,1,1,0,1,0
0,12.347311321763751,5.884177898150717,1,1,0,1,0
0,11.505563642203148,6.994436357796852,0,1,1,0,0
0,13.065218426172928,6.3652184261729285,1,0,0,1,0
0,11.578913040054031,6.815652160216136,0,1,1,0,0
1,14.084359845802666,6.3,1,0,0,0,0
1,13.93261159330801,6.3,1,0,0,0,0
0,13.417313501015002,6.441343249492499,0,0,1,1,0
1,14.448297861759515,5.98668693613742,1,1,0,0,0
1,11.980651163742282,5.279837209064429,1,0,1,1,0
0,12.949590853967509,6.324795426983754,0,0,1,1,0
0,12.856643864667918,6.8811187117773605,1,0,0,1,0
1,12.819843404344647,7.050391489138378,1,1,0,0,0
0,14.049604809434747,6.57007903811305,1,0,0,1,0
1,12.103396738207898,6.950424592275987,1,0,0,1,0
0,13.546681280581655,6.405186808953518,0,0,1,1,0
1,12.65678143802736,5.115715840717323,1,0,1,1,0
0,13.319390141509064,6.538780283018129,0,0,0,1,0
0,13.359617000076298,6.713460999974568,1,0,0,1,0
1,12.9,6.995335014323106,1,1,1,0,0
1,12.02442124273685,6.940552655342106,1,0,0,1,0
0,12.305961318030326,5.860549324588757,1,1,0,1,0
0,13.21613874716425,6.761287084278584,1,0,0,1,0
1,12.942706695599824,6.743233261000441,1,1,0,0,0
0,14.284002212025037,6.487111356891671,0,0,1,1,0
1,12.65687300698947,6.995687300698947,1,0,0,1,0
0,14.3097966070292,6.439864404686132,1,0,1,0,0
0,13.30025416711604,6.50050833423208,0,0,0,1,0
0,11.740553154085497,6.9234255256809165,0,1,1,0,0
1,13.970971806237891,6.3,1,0,0,0,0
1,11.503259904866754,5.696088114159896,1,1,1,0,0
1,11.57627942677209,5.572867622046518,1,0,1,1,0
1,11.63711334976088,5.535463980286943,1,1,1,0,0
0,13.247490160373363,6.801673226417758,1,0,0,1,0
1,14.072402821382328,6.3,1,0,0,0,0
0,14.154649366254167,6.336432910836112,1,0,1,0,0
1,13.855525401589198,6.3177898393643215,1,1,0,0,0
1,12.929024904396265,6.670975095603737,1,1,0,0,0
1,13.377455168688693,6.5090179325245225,1,1,0,0,0
0,12.25119101159104,5.6464269652268735,1,1,0,1,0
0,13.364947994547936,6.629895989095873,0,0,0,1,0
1,14.196054027158178,6.588162081474533,1,0,1,0,0
1,11.9,5.232495849242462,0,1,1,1,0
0,12.806183273762558,6.090547152722985,1,1,0,1,0
1,12.399925646018136,7.050037176990933,1,0,0,1,0
0,12.290163307063317,5.529510078810053,1,1,0,1,0
0,13.450233899035576,6.424883050482212,0,0,1,1,0
1,13.036769051471524,6.6,1,1,0,0,0
1,12.125788221513089,6.389054134184296,1,0,0,1,0
1,12.536701766707877,7.0,1,0,0,1,0
0,13.336157682097909,6.391526953706281,0,0,1,1,0
1,11.669130380559,6.927652152223601,0,1,1,0,0
1,12.939255360806731,6.6607446391932665,1,1,0,0,0
1,12.818084111752905,7.0547897206177455,1,1,0,0,0
0,13.42220910165688,6.244418203313758,0,0,1,1,0
0,14.281158666954346,6.523768266609131,1,0,0,1,0
0,11.635980186085323,6.024069348701361,0,1,1,1,0
1,11.767416817790137,6.966966727116056,0,1,1,0,0
1,14.21173849285066,6.07652301429868,1,0,1,0,0
1,11.575090290076965,7.024909709923037,1,0,0,1,0
1,13.048362744975792,6.6,1,1,0,0,0
1,11.9665711059481,7.04662844237924,0,1,1,0,0
1,11.969317548100674,5.161364903798651,1,1,1,0,0
1,14.094633291531922,6.3,1,0,0,0,0
0,11.539808232196329,6.659232928785308,0,1,1,0,0
1,11.70017418765638,5.463573022670407,1,0,1,1,0
1,12.927672649102831,6.688930940358868,1,1,0,0,0
1,14.542286694220904,5.503883950402373,1,0,1,0,0
0,12.3487298423642,5.536547381773149,1,1,0,1,0
0,11.696976257578598,6.696976257578598,0,1,1,1,0
1,11.647500737247178,6.952499262752823,1,0,0,1,0
1,11.57786652173825,6.944266956523503,0,1,1,0,0
1,11.8137354753658,5.213735475365798,1,0,1,1,0
0,13.704925958330772,6.2243491785736245,0,0,1,1,0
1,13.84214750900091,6.323140996399636,1,1,0,0,0
1,14.56646376677047,5.460365219813153,1,0,1,0,0
1,12.003142197738894,5.106284395477789,1,1,1,0,0
0,13.49371124059897,6.387422481197939,0,0,1,1,0
0,13.976814532914045,5.991301828930819,0,0,1,1,0
0,12.965275326328513,6.844908224557162,1,0,0,1,0
0,13.116589430421564,6.79447018985948,1,0,0,1,0
1,14.0421466951662,6.3,1,0,0,0,0
1,11.608655336369504,5.7826893272609885,0,1,1,1,0
0,13.42503178669231,6.437484106653845,0,0,1,1,0
1,14.172833556787351,6.518500670362053,1,0,1,0,0
0,13.42632681187114,6.436836594064431,0,0,1,1,0
0,12.275886281325166,5.620568593374171,1,1,0,1,0
1,12.56594561829767,6.986594561829767,1,0,0,1,0
1,12.25400919932747,5.262178472971828,1,0,1,1,0
0,13.43105996923176,6.434470015384121,0,0,1,1,0
0,11.590534848959797,6.862139395839185,0,1,1,0,0
0,14.116688956901712,6.057395023943495,0,0,1,1,0
1,13.138883124067382,6.553705625310872,1,1,0,0,0
1,12.227132351695298,5.152540849811634,1,0,1,1,0
0,11.665891055863268,6.665891055863269,0,1,1,1,0
1,12.29950524748697,7.099835082495655,1,0,0,1,0
1,12.054539176076132,5.171717869324874,1,0,1,1,0
0,12.605321838572172,6.964892720475943,1,0,0,1,0
0,12.528774766340824,5.8,1,1,0,1,0
1,14.231755302559598,6.036489394880806,1,0,1,0,0
0,13.20851588340454,6.508515883404539,1,0,0,1,0
0,14.142845727274349,5.848989376621987,0,0,1,1,0
0,13.656989088910631,6.312783839494094,0,0,1,1,0
1,11.76385632906257,5.383372405124915,1,1,1,0,0
0,11.741042717234455,6.741042717234455,0,1,1,1,0
0,13.662970671203436,6.5,0,0,1,1,0
0,14.107290457367826,6.5,0,0,1,1,0
0,13.520461737134566,6.388632368258575,0,0,1,1,0
1,12.537725393855077,5.140568651536231,1,0,1,1,0
1,13.977269471056632,6.3,1,0,0,0,0
1,11.906281602109551,5.287436795780895,1,1,1,0,0
0,13.586491538601932,6.325864395484059,0,0,1,1,0
0,13.371142095938223,6.6422841918764455,0,0,0,1,0
0,11.545023232711168,6.6800929308446735,0,1,1,0,0
1,11.846693552441788,5.215564517480597,1,0,1,1,0
0,13.457649325698965,6.421175337150519,0,0,1,1,0
1,12.306811159173314,7.096594420413343,1,0,0,1,0
1,14.175168602250553,6.149662795498895,1,0,1,0,0
0,11.58739817935662,6.91260182064338,0,1,1,0,0
0,13.779289210428631,6.431032134492071,0,0,1,1,0
1,13.152798312443103,6.549067229185632,1,1,0,0,0
1,14.571843966374118,5.450680860526587,1,0,1,0,0
1,11.9,5.433982913366397,0,1,1,1,0
0,11.594401589817268,6.877606359269064,0,1,1,0,0
1,11.568093067362712,6.963813865274575,0,1,1,0,0
0,12.672300128476165,6.942566623841278,1,0,0,1,0
1,14.503040161712548,5.574527708917413,1,0,1,0,0
0,12.920268602505368,6.220268602505369,1,0,0,1,0
1,14.289287946748637,5.921424106502731,1,0,1,0,0
0,13.304604039615564,6.509208079231128,0,0,0,1,0
0,11.693070284883827,6.693070284883827,0,1,1,1,0
0,13.818540200500047,6.223033221944418,0,0,1,1,0
0,11.535167478264048,6.9648325217359535,0,1,1,0,0
1,13.109143822313149,6.616342471074741,1,1,0,0,0
0,12.554046495160778,6.981984501613074,1,0,0,1,0
1,13.99096374106687,6.390963741066871,1,1,0,0,0
1,11.98080657233325,7.0523226289333,0,1,1,0,0
1,14.194081310534791,6.582243931604376,1,0,1,0,0
1,13.489825256962837,6.436724914345722,1,1,0,0,0
0,13.341960229788464,6.738693180141024,1,0,0,1,0
1,14.13283798390804,6.398513951724119,1,0,1,0,0
0,13.496948152473667,6.393896304947334,0,0,1,1,0
1,13.255189579770668,6.6,1,1,0,0,0
0,12.291492171390187,5.852281240794393,1,1,0,1,0
1,12.123266853481804,5.164081460724244,1,0,1,1,0
0,11.73563022380792,6.67672266785594,0,1,1,1,0
0,13.42817809476925,6.5,0,0,1,1,0
0,13.134456285818224,6.788514571393925,1,0,0,1,0
1,14.13436884139062,6.231262317218755,1,0,1,0,0
0,11.58802556641888,6.911974433581119,0,1,1,0,0
0,14.20628218918627,6.370854792790847,1,0,1,0,0
1,14.039842231419206,6.3,1,0,0,0,0
1,12.671269647606907,5.10957678413103,1,0,1,1,0
1,12.22574658813713,5.258084470620957,1,0,1,1,0
0,13.641896304059449,6.65162073918811,1,0,0,1,0
0,13.403578542722936,6.207157085445871,0,0,1,1,0
1,11.612050811826798,5.778911079303102,1,1,1,0,0
1,14.028450401391629,6.3,1,0,0,0,0
0,13.300886075711132,6.4995569621444345,0,0,1,1,0
0,12.278878170623956,5.605609146880218,1,1,0,1,0
0,13.466868577189354,6.686626284562129,1,0,0,1,0
1,11.94581574358417,6.981938581194723,1,0,0,1,0
0,14.39597405851465,6.50080518829707,1,0,0,1,0
0,13.335821652991736,6.482089173504133,0,0,1,1,0
0,13.460277990183222,6.320555980366444,0,0,1,1,0
0,13.101916560220188,6.4009582801100935,0,0,1,1,0
1,13.921922361599735,6.3,1,0,0,0,0
0,13.25192841779929,6.55192841779929,1,0,0,1,0
1,13.69059774697546,6.369800751008179,1,1,0,0,0
0,12.535476985774444,5.676607739330833,1,1,0,1,0
0,13.099403141441972,6.399701570720986,0,0,1,1,0
0,13.336042244015148,6.572084488030296,0,0,0,1,0
1,11.977972743283514,5.144054513432972,1,1,1,0,0
1,14.16955897848761,6.508676935462829,1,0,1,0,0
1,12.26205925123153,7.087353083743842,1,0,0,1,0
0,12.824571996959452,7.083618668693698,1,0,0,1,0
1,13.95910177100956,6.3,1,0,0,0,0
1,11.899700476314052,5.200374404607436,0,1,1,1,0
0,12.958502781769653,6.994331478820231,1,0,0,1,0
0,11.75393473002856,6.4492130539942885,0,1,1,1,0
1,13.745927488368528,6.351357503877157,1,1,0,0,0
1,11.9,5.231162279968354,0,1,1,1,0
0,14.059630024501567,6.568073995099687,1,0,0,1,0
0,13.375024937965982,6.650049875931964,0,0,0,1,0
1,12.94912975498697,6.65087024501303,1,1,0,0,0
1,11.748622301258738,6.916207433752914,1,0,0,1,0
1,11.577093134194389,7.022906865805611,1,0,0,1,0
1,12.605310332579512,7.0,1,0,0,1,0
0,13.96125583354913,6.5,0,0,1,1,0
1,11.565778997431082,7.034221002568918,1,0,0,1,0
1,11.79919521050197,5.201207184247046,1,0,1,1,0
0,13.339374441676142,6.578748883352284,0,0,0,1,0
0,13.16083942673546,6.859440382176362,1,0,0,1,0
0,11.599175516409726,6.574381637307295,0,1,1,1,0
0,13.392877597126429,6.685755194252856,0,0,0,1,0
0,12.986998190972065,6.975334539351957,1,0,0,1,0
1,12.392849040605316,5.2023836531315615,1,0,1,1,0
1,11.9,5.236932501890132,0,1,1,1,0
0,14.201297293031184,6.367531528687457,1,0,1,0,0
1,13.11938618031638,6.560204606561207,1,1,0,0,0
0,13.338391456050122,6.384825631849638,0,0,1,1,0
1,12.355851645980769,5.138238706002137,1,0,1,1,0
0,13.334401036685762,6.568802073371523,0,0,0,1,0
0,13.384628001066202,6.246115996801395,0,0,1,1,0
1,13.11479159664901,6.56173613445033,1,1,0,0,0
1,12.484090466829253,6.998011308353656,1,0,0,1,0
1,12.61963369437715,7.0,1,0,0,1,0
0,13.037251199849356,6.368625599924678,0,0,1,1,0
0,14.331869874881663,6.454579916587776,1,0,1,0,0
0,11.596416631223224,6.885666524892901,0,1,1,0,0
1,11.876164796020555,5.191537244886605,1,0,1,1,0
0,11.68006306099708,6.463987387800584,0,1,1,1,0
0,13.97757765988197,6.584484468023606,1,0,0,1,0
1,11.916011432098914,6.972003810699638,1,0,0,1,0
1,11.766773714393189,5.255377142678022,1,0,1,1,0
1,14.063171490247717,6.463171490247714,1,1,0,0,0
1,11.771293542758814,6.908911692844852,1,0,0,1,0
0,12.056894381447105,7.056894381447105,0,1,1,1,0
0,13.524082585615648,6.675183482876871,1,0,0,1,0
1,11.92770802256814,5.242569340856047,1,0,1,1,0
0,13.596232046219043,6.660753590756191,1,0,0,1,0
1,14.571974198430151,5.450446442825725,1,0,1,0,0
1,12.330373956011556,6.9787967445014445,1,0,0,1,0
1,14.187487896272428,6.562463688817286,1,0,1,0,0
1,12.818044225684606,6.822933661473092,1,1,1,0,0
0,13.378128976066884,6.460935511966559,0,0,1,1,0
0,13.322514009634917,6.545028019269829,0,0,0,1,0
0,12.29714293143574,5.517142411385561,1,1,0,1,0
0,12.50178698966762,6.99940433677746,1,0,0,1,0
1,11.9,5.219462114064782,0,1,1,1,0
1,12.63097734594292,6.993097734594293,1,0,0,1,0
1,11.87975287295274,5.2797528729527405,1,0,1,1,0
1,11.706229581011064,6.900778697626384,1,0,0,1,0
1,12.9307071405239,6.6692928594761,1,1,0,0,0
1,11.68382035782937,6.916179642170629,1,0,0,1,0
1,12.00422461095878,5.108449221917562,1,1,1,0,0
1,12.47164089711488,5.157089775721279,1,0,1,1,0
0,12.90599050375767,7.029339664161554,1,0,0,1,0
1,12.593059840122182,7.0,1,0,0,1,0
0,13.376770675885895,6.653541351771792,0,0,0,1,0
1,12.374274113987823,5.208575295337392,1,0,1,1,0
1,13.971380935725636,6.371380935725636,1,1,0,0,0
1,13.907612582479144,6.3,1,0,0,0,0
1,13.92457362645548,6.3,1,0,0,0,0
0,13.231024411159204,6.756325196280265,1,0,0,1,0
0,13.417646060944456,6.235292121888912,0,0,1,1,0
1,14.157622138405175,6.472866415215532,1,0,1,0,0
0,13.12323489291421,6.411617446457105,0,0,1,1,0
1,12.531016937072003,6.983101693707201,1,0,0,1,0
1,14.05852139013223,6.3,1,0,0,0,0
0,13.662587354561545,6.260639410375818,0,0,1,1,0
1,13.476412432878211,6.441195855707262,1,1,0,0,0
0,13.386682887210132,6.239951338369607,0,0,1,1,0
1,12.013540855749822,5.1270817114996445,1,1,1,0,0
1,11.59918423233252,7.000815767667482,1,0,0,1,0
1,14.542876868521336,5.9326417894163805,1,1,0,0,0
1,12.612707307246314,7.0,1,0,0,1,0
0,12.715736965847316,6.094706837627038,1,1,0,1,0
0,13.61419332199523,6.336559265558206,0,0,1,1,0
1,12.0446211267919,7.07784845071676,0,1,1,0,0
1,12.652172135150916,7.0,1,0,0,1,0
0,13.75402559334774,6.629194881330452,1,0,0,1,0
0,13.967817011485636,6.451979667942848,0,0,1,1,0
1,11.756470166942176,5.2652947495867375,1,0,1,1,0
1,12.980739576474102,6.6192604235258985,1,1,0,0,0
1,12.32353964171743,7.088230179141285,1,0,0,1,0
1,11.58040741289083,5.599490733886462,0,1,1,1,0
0,13.487290627507486,6.374581255014973,0,0,1,1,0
0,13.406962260010085,6.21392452002017,0,0,1,1,0
1,11.53308707734438,7.033825845311241,0,1,1,0,0
0,13.40743317376838,6.214866347536757,0,0,1,1,0
0,11.535230713010392,6.535230713010393,0,1,1,1,0
0,12.73054016452175,6.002296858608709,1,1,0,1,0
1,12.784072242046054,6.622714828030704,1,1,1,0,0
1,12.075449295943386,7.025149765314461,1,0,0,1,0
1,12.382801013547976,7.058599493226012,1,0,0,1,0
0,13.03468804986668,6.943541300088881,1,0,0,1,0
0,13.390772499079516,6.4546137504602425,0,0,1,1,0
1,13.188160884408916,6.6,1,1,0,0,0
1,13.10949277645391,6.6,1,1,0,0,0
0,12.260969674589818,5.695151627050914,1,1,0,1,0
1,12.564516120568353,5.133870969857911,1,0,1,1,0
1,12.745604784153157,6.931592823770263,1,1,1,0,0
1,12.928991958449712,6.671008041550287,1,1,0,0,0
0,13.467667479245897,6.416166260377053,0,0,1,1,0
1,12.7,5.313182478465908,1,0,1,1,0
0,14.196723363309363,6.540655327338127,1,0,0,1,0
0,12.966831051520725,6.266831051520724,1,0,0,1,0
1,13.978281366571316,6.3,1,0,0,0,0
0,12.526694528547631,6.991101823817456,1,0,0,1,0
1,11.581271575498851,6.937456849002297,0,1,1,0,0
1,12.345993603409458,5.2287295987601965,1,0,1,1,0
0,13.3499292147971,6.599858429594196,0,0,0,1,0
0,12.2,5.945019624936661,1,1,0,1,0
1,12.55128683223893,5.137178291940267,1,0,1,1,0
1,14.037530368308406,6.3,1,0,0,0,0
0,13.386962452705346,6.456518773647328,0,0,1,1,0
1,12.73440998357253,6.58960665571502,1,1,1,0,0
0,11.54896602402492,6.951033975975081,0,1,1,0,0
1,12.418113896800351,5.170471525799911,1,0,1,1,0
1,13.064062812141437,6.6343748751434255,1,1,0,0,0
1,12.861498185588651,6.94625453602837,1,1,0,0,0
1,12.373016198996725,6.98412702487459,1,0,0,1,0
1,12.918630717411537,6.681369282588466,1,1,0,0,0
1,14.109922559069542,6.280154881860916,1,0,1,0,0
0,13.396315752358394,6.211052742924818,0,0,1,1,0
1,13.448691339712276,6.450436220095908,1,1,0,0,0
1,11.910497416703864,5.297375645824034,1,0,1,1,0
1,12.7,5.232570702982533,1,0,1,1,0
0,12.552422175879574,6.982525941373475,1,0,0,1,0
0,12.88585374271553,6.87138208576149,1,0,0,1,0
0,12.235439533456333,5.693681399631001,1,1,0,1,0
1,12.7,5.699215490800111,1,0,1,1,0
0,14.376673535777035,6.497408170641893,0,0,1,1,0
0,13.434001615054942,6.432999192472529,0,0,1,1,0
1,12.045733488667867,5.191466977335735,1,1,1,0,0
1,11.869441725768535,7.007776690307416,0,1,1,0,0
1,13.683764204805716,6.372078598398094,1,1,0,0,0
1,14.280007769833366,5.9759860142999415,1,0,1,0,0
0,14.22289472526948,5.998391819294733,0,0,1,1,0
0,14.276679505090687,6.417786336727124,1,0,1,0,0
0,14.035576786179783,6.5,0,0,1,1,0
0,12.298655504553846,5.50806697267693,1,1,0,1,0
1,14.20604689816257,6.087906203674859,1,0,1,0,0
0,12.228793842234213,5.713618473297363,1,1,0,1,0
1,14.10815382734625,6.324461482038752,1,0,1,0,0
1,11.547772723603044,5.62037879399493,1,0,1,1,0
0,13.878443110499562,6.5,0,0,1,1,0
1,12.8350134037591,6.9599463849636,1,1,1,0,0
1,12.813532622141524,7.045869511433901,1,1,1,0,0
1,14.29346432570454,5.9130713485909245,1,0,1,0,0
0,13.959712874990007,6.144603958338885,0,0,1,1,0
0,12.289245843990187,7.091934382992639,0,1,1,1,0
1,12.393958082554146,6.986744760319268,1,0,0,1,0
0,11.8030084005685,6.4393983198863,0,1,1,1,0
1,13.289697806945638,6.6,1,1,0,0,0
0,13.315723440443792,6.452829678668629,0,0,1,1,0
0,13.616771012384271,6.6566457975231454,1,0,0,1,0
1,12.518405539233342,7.0,1,0,0,1,0
1,11.96758250247622,5.156730620666616,1,1,1,0,0
0,12.207367640371764,5.8,1,1,0,1,0
0,13.178550642172162,6.773816452609279,1,0,0,1,0
0,12.8393217117918,6.886892762736068,1,0,0,1,0
1,11.564655343770047,6.970689312459904,0,1,1,0,0
1,12.7,5.133642193957428,1,0,1,1,0
1,12.190122380329557,6.961265297541194,1,0,0,1,0
1,12.887026811642084,6.882432970894789,1,1,0,0,0
0,13.92828882518167,6.447587647242408,0,0,1,1,0
1,13.91324024840603,6.3,1,0,0,0,0
1,14.023577433801682,6.3,1,0,0,0,0
1,14.202875246126473,6.094249507747059,1,0,1,0,0
1,12.668532849259188,7.0,1,0,0,1,0
1,12.382754287214858,6.985344285901857,1,0,0,1,0
0,13.310325248630392,6.729891583789869,1,0,0,1,0
1,11.897838982095326,5.189129001989408,1,0,1,1,0
0,14.207132836109889,6.371421890739924,1,0,1,0,0
0,13.483718951202048,6.408140524398977,0,0,1,1,0
0,12.2,5.859073815222076,1,1,0,1,0
1,11.560563114210971,7.039436885789027,1,0,0,1,0
1,11.850429849032889,6.918803731129112,1,0,0,1,0
1,11.88652823020836,5.286528230208361,1,0,1,1,0
0,13.256063540288432,6.747978819903857,1,0,0,1,0
1,14.120530635664398,6.258938728671201,1,0,1,0,0
1,14.001550379792528,6.3,1,0,0,0,0
0,12.875057297542986,6.170900180466816,1,1,0,1,0
1,12.455239698148826,5.170036876638281,1,1,1,0,0
1,12.839256092271771,6.942975630912918,1,1,1,0,0
1,14.01372371540034,6.3,1,0,0,0,0
0,14.273217723324024,6.5,0,0,1,1,0
0,13.090630929391184,6.390630929391184,1,0,0,1,0
0,12.85054168149133,7.066305545672447,1,0,0,1,0
1,12.296514094031176,7.098838031343725,1,0,0,1,0
1,11.61130414222458,6.904521656889833,0,1,1,0,0
0,14.130793531103611,6.320529020735742,1,0,1,0,0
1,13.658047090492405,6.396781163803039,1,1,0,0,0
0,13.753297125305364,6.182888178309688,0,0,1,1,0
1,11.964045994741296,5.181772667250967,1,0,1,1,0
0,14.272008843992952,6.414672562661968,1,0,1,0,0
0,12.810688681682258,6.896437106105914,1,0,0,1,0
0,12.27743655723932,5.6128172138033925,1,1,0,1,0
1,11.958664493431865,6.589602607881761,1,0,0,1,0
1,12.576653106658982,5.1411156311136725,1,0,1,1,0
0,11.593378721139125,6.873514884556496,0,1,1,0,0
1,14.01352717735039,6.235127327228348,1,1,0,0,0
1,11.661252133337516,5.4777264969681765,1,0,1,1,0
1,12.934177286704784,6.665822713295217,1,1,0,0,0
1,14.293254111918325,5.913491776163354,1,0,1,0,0
1,12.82908266151192,6.806376007732121,1,1,1,0,0
1,13.333777655189351,6.52648893792426,1,1,0,0,0
0,14.3183708357633,6.445580557175533,1,0,1,0,0
1,11.811796593323905,5.211796593323903,1,0,1,1,0
0,12.247162930066915,5.658511209799251,1,1,0,1,0
1,11.95192161414364,5.22596080707182,0,1,1,1,0
0,13.027718285015286,6.363859142507643,0,0,1,1,0
0,14.10904425465492,6.3060295031032805,1,0,1,0,0
1,13.38926241195158,6.470245862682806,1,1,0,0,0
0,13.377448088728467,6.267655733814596,0,0,1,1,0
1,11.610093707862754,5.484859438205867,1,0,1,1,0
1,14.1806252136125,6.138749572775,1,0,1,0,0
0,13.750129032487118,6.5,0,0,1,1,0
1,12.493517387509478,7.003241306245261,1,0,0,1,0
0,14.366742148227026,6.477828098818017,1,0,1,0,0
0,14.271318237376065,6.5,0,0,1,1,0
0,13.56981669412583,6.361212947707873,0,0,1,1,0
1,13.859126400419074,6.313624533193642,1,1,0,0,0
1,13.976969173233526,6.256017615295128,1,1,0,0,0
0,13.341471770517709,6.641471770517707,1,0,0,1,0
0,12.912014185002924,6.306007092501462,0,0,1,1,0
1,12.424867386998876,7.037566306500563,1,0,0,1,0
0,13.39074782627974,6.45462608686013,0,0,1,1,0
1,12.968650718505025,6.631349281494976,1,1,0,0,0
1,13.90221879336008,6.3,1,0,0,0,0
0,11.56450978747302,6.935490212526981,0,1,1,0,0
1,13.905344900849036,6.3,1,0,0,0,0
1,12.917237769323355,6.682762230676644,1,1,0,0,0
1,14.124976609308955,6.374929827926875,1,0,1,0,0
0,13.326751276151835,6.419746171544492,0,0,1,1,0
1,12.86332669306838,6.941683267329054,1,1,0,0,0
1,13.98834025634718,6.388340256347179,1,1,0,0,0
1,14.071117640217029,6.471117640217028,1,1,0,0,0
1,11.83244058066008,5.301071303207903,1,1,1,0,0
1,12.390549070146449,5.203150309951183,1,0,1,1,0
1,11.688671104520257,5.366993343219618,1,0,1,1,0
1,14.59838976210468,5.402898428211577,1,0,1,0,0
1,12.810928183649937,6.85209575513342,1,1,0,0,0
1,12.992398524723432,6.607601475276568,1,1,0,0,0
0,13.37003650860754,6.640073017215081,0,0,0,1,0
1,11.630566020393038,6.969433979606961,1,0,0,1,0
1,12.809334922711416,6.854220103051446,1,1,0,0,0
1,13.94211671072572,6.3,1,0,0,0,0
0,13.132846729721177,6.416423364860587,0,0,1,1,0
1,11.9,5.235341420993325,0,1,1,1,0
1,12.85100286301439,6.972492842464026,1,1,0,0,0
0,11.756128764381378,6.92602146073023,0,1,1,0,0
0,11.858714153279625,6.943119025546604,0,1,1,0,0
1,12.7,5.304499796019324,1,0,1,1,0
1,13.567761298122065,6.432895480751174,1,1,0,0,0
1,11.883948893253368,6.9613162977511225,1,0,0,1,0
0,14.234151413580149,6.389434275720099,1,0,1,0,0
0,13.95517723724907,6.14712375708385,0,0,1,1,0
1,12.064106619362525,5.170654820070831,1,0,1,1,0
1,12.215109559338371,6.951510955933838,1,0,0,1,0
0,13.340432516168176,6.580865032336348,0,0,0,1,0
0,13.390284089226098,6.229147732321706,0,0,1,1,0
0,12.810257742682126,6.896580752439292,1,0,0,1,0
1,12.997943793951354,6.602056206048646,1,1,0,0,0
0,11.537238141266757,6.962761858733242,0,1,1,0,0
0,13.17264246456582,6.43632123228291,0,0,1,1,0
1,12.568171202162937,7.0,1,0,0,1,0
0,13.059235134437722,6.359235134437723,1,0,0,1,0
1,12.19706263707412,5.2676457876419605,1,0,1,1,0
1,12.064179275190495,5.331207536294365,1,0,1,1,0
1,11.875632181761556,5.191596424248717,1,0,1,1,0
1,12.7,5.58699592537055,1,0,1,1,0
1,11.949305903405346,6.931163237925668,1,0,0,1,0
0,13.321840184971911,6.434479445084264,0,0,1,1,0
0,11.76202948663826,6.76202948663826,0,1,1,1,0
1,12.6256422733401,7.0,1,0,0,1,0
1,12.08038373434625,5.260767468692502,1,1,1,0,0
1,14.023286784601304,6.3,1,0,0,0,0
1,11.636133034432088,6.914453213772835,0,1,1,0,0
1,12.109953922542498,5.247511519364375,1,0,1,1,0
1,11.774742579879277,5.242095700201209,1,0,1,1,0
1,11.713163126237475,5.344728122937542,1,0,1,1,0
0,13.315372326679196,6.728209224440268,1,0,0,1,0
1,13.999316103555604,6.399316103555604,1,1,0,0,0
0,12.863318164998786,6.878893945000405,1,0,0,1,0
0,13.47553492074867,6.684893015850267,1,0,0,1,0
0,12.599998184156355,5.724998638117266,1,1,0,1,0
0,14.1663917730827,5.828807051643398,0,0,1,1,0
1,12.503659997340794,7.0,1,0,0,1,0
0,13.84314227439262,6.209365403115212,0,0,1,1,0
1,11.500762100856878,7.098475798286245,0,1,1,0,0
0,12.2,5.827959601835542,1,1,0,1,0
1,12.445444593214924,7.027277703392538,1,0,0,1,0
0,12.26482301151894,5.605530965443187,1,1,0,1,0
1,14.1169457619566,6.3508372858697975,1,0,1,0,0
0,13.359390713620614,6.470304643189693,0,0,1,1,0
0,12.28484332519622,5.545470024411346,1,1,0,1,0
1,12.050079784070403,5.200159568140809,1,1,1,0,0
1,12.056956823519489,5.260760794120127,1,0,1,1,0
1,13.1700352884069,6.6,1,1,0,0,0
1,14.400371126666226,5.759331972000794,1,0,1,0,0
1,11.85138732481165,5.251387324811651,1,0,1,1,0
0,13.412601101113772,6.697479779777246,1,0,0,1,0
1,14.198920084368543,6.102159831262911,1,0,1,0,0
0,14.36749647202208,6.478330981348052,1,0,1,0,0
0,12.99601913461812,6.29601913461812,1,0,0,1,0
1,12.470491398335826,6.977049139833583,1,0,0,1,0
1,13.636150617342176,6.387949794219274,1,1,0,0,0
1,12.796455018463844,6.871393308714873,1,1,0,0,0
0,14.10665943870916,6.304439625806106,1,0,1,0,0
1,12.850913252143265,6.667275501428843,1,1,1,0,0
1,14.45990137080366,5.980056359540766,1,1,0,0,0
0,13.321784052242004,6.543568104484005,0,0,0,1,0
0,13.477598162607752,6.4112009186961245,0,0,1,1,0
1,12.23367452822676,6.966709316028345,1,0,0,1,0
1,13.979908738805204,6.379908738805205,1,1,0,0,0
0,14.315518764413074,6.443679176275383,1,0,1,0,0
0,13.372241562035864,6.463879218982068,0,0,1,1,0
0,13.33405472853171,6.568109457063418,0,0,0,1,0
1,12.833204772820784,7.016988067948043,1,1,0,0,0
0,12.97598490350274,6.841338365499087,1,0,0,1,0
1,11.602004869862332,5.529991883562779,1,0,1,1,0
1,13.040010938587107,6.586663020470964,1,1,0,0,0
0,13.35272592734711,6.341822217958669,0,0,1,1,0
0,13.288543699333884,6.494271849666942,0,0,1,1,0
1,14.051673895548888,6.451673895548887,1,1,0,0,0
0,13.427112599740363,6.436443700129818,0,0,1,1,0
0,13.354550891973457,6.609101783946909,0,0,0,1,0
1,13.15399117168628,6.6,1,1,0,0,0
0,13.248372504440512,6.474186252220256,0,0,1,1,0
1,11.890608989720924,7.01624359588837,0,1,1,0,0
0,12.258335971429467,5.70832014285266,1,1,0,1,0
0,13.705919109740252,6.63881617805195,1,0,0,1,0
0,13.413857249236884,6.443071375381558,0,0,1,1,0
0,14.182901449456098,6.543419710108781,1,0,0,1,0
1,12.083136781639205,6.947892097704901,1,0,0,1,0
1,11.9,5.2947237475236335,0,1,1,1,0
1,11.574526610507393,6.950946778985213,0,1,1,0,0
0,13.002851537115305,6.832382820961566,1,0,0,1,0
0,13.416097292972808,6.441951353513597,0,0,1,1,0
1,12.601916075359664,5.135666881687394,1,0,1,1,0
1,12.004924741027104,5.268308247009035,1,0,1,1,0
1,11.61432792276215,5.509453462063084,1,0,1,1,0
1,14.170659063330426,6.158681873339147,1,0,1,0,0
0,13.379231791703557,6.658463583407109,0,0,0,1,0
0,12.272919119682518,5.5812426409524445,1,1,0,1,0
0,13.881325141103735,6.5,0,0,1,1,0
1,12.253034069896248,5.211741482525937,1,0,1,1,0
1,11.86577205551076,7.006308822204304,0,1,1,0,0
1,12.570832757682522,7.0,1,0,0,1,0
0,13.33629113446234,6.572582268924677,0,0,0,1,0
1,12.316502983273644,5.227832338908784,1,0,1,1,0
0,13.386557262270085,6.456721368864959,0,0,1,1,0
1,12.113830632935247,5.295389789021584,1,0,1,1,0
0,13.405307099779126,6.447346450110437,0,0,1,1,0
0,13.235887728572488,6.535887728572488,1,0,0,1,0
0,13.97914050071344,6.584171899857313,1,0,0,1,0
0,11.512517621194023,6.550070484776093,0,1,1,0,0
1,12.54499271926124,5.156366283905002,1,0,1,1,0
0,13.609903752185325,6.5,0,0,1,1,0
0,12.366904262524177,5.57805497294487,1,1,0,1,0
1,12.554118592472564,5.148627135842478,1,0,1,1,0
1,11.860506591351868,5.2605065913518665,1,0,1,1,0
0,13.462635040993018,6.325270081986036,0,0,1,1,0
0,12.224659014904558,5.8,1,1,0,1,0
1,14.33879014203467,5.870177744337595,1,0,1,0,0
1,11.512829693440796,7.087170306559204,1,0,0,1,0
1,11.967830076935956,6.926783007693596,1,0,0,1,0
1,11.811300807680691,5.430223586558789,1,1,1,0,0
0,13.938744789352992,6.1562528948038935,0,0,1,1,0
1,11.565675903285753,6.968648193428495,0,1,1,0,0
1,11.51790142540706,5.670164290988234,1,0,1,1,0
1,14.02639664766573,6.3,1,0,0,0,0
0,13.217079204435532,6.821947197042978,1,0,0,1,0
0,13.66422236866933,6.259237969712003,0,0,1,1,0
0,11.931795963364596,6.955299327227433,0,1,1,0,0
0,12.792774165253729,6.138728094430703,1,1,0,1,0
1,12.0394274755933,5.178854951186598,1,1,1,0,0
0,14.19558200695876,5.803786851178204,0,0,1,1,0
1,12.993940158699116,6.606059841300884,1,1,0,0,0
0,11.693106168344457,6.461378766331109,0,1,1,1,0
0,11.595538611989609,6.882154447958438,0,1,1,0,0
0,12.27112706392476,5.586618808225718,1,1,0,1,0
1,12.94948602920068,6.650513970799319,1,1,0,0,0
1,11.5354535453788,7.029092909242404,0,1,1,0,0
1,13.772207014662776,6.342597661779075,1,1,0,0,0
0,13.4067447423288,6.213489484657599,0,0,1,1,0
0,14.12422030357438,6.316146869049586,1,0,1,0,0
0,12.2,5.834565603364557,1,1,0,1,0
1,12.7,5.19003707472293,1,0,1,1,0
1,14.227844027862934,6.044311944274131,1,0,1,0,0
1,12.930910382489197,6.669089617510804,1,1,0,0,0
1,14.249056625679088,6.001886748641827,1,0,1,0,0
0,12.01270311204492,6.884527334033691,0,1,1,1,0
0,11.684347855662356,6.914057975943726,0,1,1,0,0
1,11.97092399770694,7.048369599082776,0,1,1,0,0
0,14.269584051405802,5.972453304774555,0,0,1,1,0
0,13.380416756796077,6.258749729611773,0,0,1,1,0
1,12.7,5.569453979700274,1,0,1,1,0
1,12.486317920472782,5.153420519881804,1,0,1,1,0
1,13.109844387474393,6.563385204175202,1,1,0,0,0
1,11.808317822550372,5.383364354899253,0,1,1,1,0
1,12.887514426204644,6.749980765060476,1,1,0,0,0
1,12.826047697968926,7.034880755077687,1,1,0,0,0
1,14.131001399320532,6.3930041979616,1,0,1,0,0
1,14.0153299012506,6.3,1,0,0,0,0
1,12.7,5.130373782051789,1,0,1,1,0
0,11.527529505317805,6.610118021271211,0,1,1,0,0
0,13.368921062078426,6.637842124156851,0,0,0,1,0
1,13.75099485672208,6.34966838109264,1,1,0,0,0
0,13.366520445902635,6.633040891805268,0,0,0,1,0
0,13.394666554507848,6.689333109015693,0,0,0,1,0
1,11.90358883940296,6.9254486049253705,1,0,0,1,0
1,11.810971185761671,5.326834577085992,1,1,1,0,0
0,13.399373019494297,6.201880941517119,0,0,1,1,0
1,12.914573994980884,6.81356501254779,1,1,0,0,0
1,12.049735603518563,6.94371695043982,1,0,0,1,0
0,12.23633144732166,5.818342763391704,1,1,0,1,0
0,13.463192917188504,6.3263858343770085,0,0,1,1,0
0,13.17160333932308,6.852264440451281,1,0,0,1,0
1,11.78626041471454,5.427479170570924,0,1,1,1,0
0,11.812282468353091,6.81228246835309,0,1,1,1,0
1,12.969997236987354,6.630002763012647,1,1,0,0,0
0,13.158275008842308,6.861149994105128,1,0,0,1,0
1,11.9,5.253190720055091,0,1,1,1,0
1,13.255902244023858,6.6,1,1,0,0,0
1,12.931791739329965,6.770520651675092,1,1,0,0,0
0,13.498028572112926,6.4009857139435375,0,0,1,1,0
1,14.246758433444066,6.1018523237462485,1,1,0,0,0
1,12.39210768480879,6.986513460601099,1,0,0,1,0
0,14.242100290535438,6.482455587837271,0,0,1,1,0
0,13.634160740101668,6.653167851979667,1,0,0,1,0
0,13.401244141600817,6.449377929199593,0,0,1,1,0
1,11.792673723849903,5.334157845187621,0,1,1,1,0
1,14.102351719830558,6.2952965603388815,1,0,1,0,0
0,14.129320039362453,6.05037775590975,0,0,1,1,0
1,12.087603345317854,5.293801672658927,0,1,1,1,0
1,11.821014083027682,5.221014083027681,1,0,1,1,0
0,13.272412278196695,6.572412278196696,1,0,0,1,0
1,13.945867314381015,6.3,1,0,0,0,0
0,13.101557316069494,6.401557316069493,1,0,0,1,0
1,14.157539319168276,6.152834674760984,1,1,0,0,0
0,13.999472732361916,6.122515148687825,0,0,1,1,0
0,12.98425933442613,6.838580221857957,1,0,0,1,0
1,13.19328173348008,6.6,1,1,0,0,0
1,14.118731498464337,6.356194495393005,1,0,1,0,0
0,11.518523146478609,6.574092585914439,0,1,1,0,0
1,13.248838520426467,6.6,1,1,0,0,0
0,13.693013410345309,6.2927703275859415,0,0,1,1,0
1,13.747738436388715,6.350753854537095,1,1,0,0,0
1,13.210165219609497,6.529944926796835,1,1,0,0,0
0,13.991566232364075,6.126907648686625,0,0,1,1,0
0,13.419418233725011,6.238836467450022,0,0,1,1,0
0,13.313329346981051,6.526658693962105,0,0,0,1,0
1,11.770320237560624,5.459359524878751,0,1,1,1,0
0,12.943749953722085,7.0041666975186105,1,0,0,1,0
1,12.461008330043695,6.97610083300437,1,0,0,1,0
0,14.375689593054798,6.483793062036531,1,0,1,0,0
1,12.996396220987224,6.603603779012777,1,1,0,0,0
1,12.93758158079687,6.662418419203131,1,1,0,0,0
1,11.978623958437035,5.239311979218519,0,1,1,1,0
1,14.375557037022324,5.803997333359815,1,0,1,0,0
1,13.515195189891372,6.428268270036209,1,1,0,0,0
1,12.9,6.931606742761352,1,1,1,0,0
1,12.7,5.197714411852992,1,0,1,1,0
0,12.105754578414189,6.954315933810641,0,1,1,1,0
1,12.11270331286326,5.165255187459638,1,0,1,1,0
1,12.884258431557427,6.762966273770293,1,1,1,0,0
0,12.456880083840431,5.683026764480502,1,1,0,1,0
0,12.60685766382252,5.7301432478668906,1,1,0,1,0
0,11.559915952960772,6.940084047039228,0,1,1,0,0
0,13.680289950980391,6.643942009803922,1,0,0,1,0
0,13.441315240237504,6.282630480475007,0,0,1,1,0
1,12.118455767335918,5.293848077554693,1,0,1,1,0
1,14.023175026240969,6.3,1,0,0,0,0
1,14.10074711855436,6.302241355663085,1,0,1,0,0
1,12.249585843538556,5.212603539115361,1,0,1,1,0
1,12.09380761914272,5.287615238285441,1,1,1,0,0
0,13.344836655239448,6.365490034281657,0,0,1,1,0
0,14.390785756072862,5.905119024403966,0,0,1,1,0
1,12.7,5.544119507460648,1,0,1,1,0
0,13.358215764490064,6.616431528980126,0,0,0,1,0
1,12.607213940997026,5.13374038509199,1,0,1,1,0
1,12.981532049392728,6.646169876518179,1,1,0,0,0
0,13.059180446735166,6.927213035509889,1,0,0,1,0
0,12.252489848990406,7.064367386742804,0,1,1,1,0
1,12.01866588050189,5.259332940250945,0,1,1,1,0
1,12.471444299011765,5.125395077887582,1,0,1,1,0
0,13.23600966619154,6.80932688920564,1,0,0,1,0
0,13.342525014061334,6.372424957816,0,0,1,1,0
0,13.355927618745268,6.472036190627367,0,0,1,1,0
1,12.68863245152822,7.0,1,0,0,1,0
0,13.32609872563905,6.552197451278097,0,0,0,1,0
1,12.486500814203284,5.153374796449179,1,0,1,1,0
0,12.984204306396306,6.838598564534565,1,0,0,1,0
1,12.872207268795709,6.811170924817166,1,1,1,0,0
0,11.56665555985927,6.766622239437088,0,1,1,0,0
0,12.393061253825502,5.8,1,1,0,1,0
0,13.363041708785335,6.626083417570669,0,0,0,1,0
1,14.037798513674195,6.3,1,0,0,0,0
0,12.636693138976431,6.049538936557961,1,1,0,1,0
0,14.289513630802553,6.426342420535034,1,0,1,0,0
0,13.3024606029125,6.492618191262503,0,0,1,1,0
0,13.380289031666267,6.70657032277791,1,0,0,1,0
1,13.988376364380386,6.3,1,0,0,0,0
1,14.543438964649166,5.5018098636315,1,0,1,0,0
1,13.05784680113002,6.6,1,1,0,0,0
1,11.845709576182484,6.948569858727495,1,0,0,1,0
0,14.068646758365766,6.463182973151752,0,0,1,1,0
0,12.83302415142792,6.121861509999239,1,1,0,1,0
0,12.2,5.8398985323802375,1,1,0,1,0
0,14.093600222846744,6.561279955430651,1,0,0,1,0
1,11.87403450953702,6.921754313692128,1,0,0,1,0
1,14.143097078107973,6.213805843784056,1,0,1,0,0
1,11.90274026505514,6.967580088351713,1,0,0,1,0
0,13.865990588561209,6.5,0,0,1,1,0
0,12.2,6.097253882249803,1,1,0,1,0
0,12.832127807082678,6.120815774929792,1,1,0,1,0
1,14.086486255382708,6.3,1,0,0,0,0
0,13.412423532903569,6.5,0,0,1,1,0
0,13.420524433883411,6.439737783058294,0,0,1,1,0
0,13.594656182693738,6.3188661291196535,0,0,1,1,0
0,13.507857968159149,6.395634462133806,0,0,1,1,0
0,12.965110000887206,6.844963333037598,1,0,0,1,0
0,11.685177662842475,6.685177662842475,0,1,1,1,0
1,12.830895545506376,6.976417817974499,1,1,1,0,0
0,11.593964893504731,6.875859574018937,0,1,1,0,0
1,12.32725640499793,7.086371797501035,1,0,0,1,0
1,11.99093016422946,5.115872212598442,1,1,1,0,0
0,14.083930452192163,6.5,0,0,1,1,0
1,14.130337925660008,6.391013776980027,1,0,1,0,0
1,13.170803205627427,6.6,1,1,0,0,0
0,12.674233291136982,6.941922236287673,1,0,0,1,0
1,13.49047885273981,6.463808458904076,1,1,0,0,0
1,13.221046079377162,6.6,1,1,0,0,0
1,14.229345356853951,6.041309286292095,1,0,1,0,0
0,13.726006995875409,6.5,0,0,1,1,0
0,13.431151886343596,6.26230377268719,0,0,1,1,0
1,12.777021131862416,6.618014087908279,1,1,1,0,0
1,12.33509400668262,7.082452996658691,1,0,0,1,0
1,12.488441086291497,6.998555135786437,1,0,0,1,0
0,13.36425225000624,6.307243249981282,0,0,1,1,0
0,13.857536984655336,6.093539727438283,0,0,1,1,0
1,12.7,5.481818009240329,1,0,1,1,0
1,12.311065623042952,7.094467188478523,1,0,0,1,0
0,12.69836801359321,6.933877328802264,1,0,0,1,0
1,13.910696837209825,6.3,1,0,0,0,0
0,11.550107012022837,6.550107012022837,0,1,1,1,0
1,12.683975775912128,5.205227042448019,1,1,1,0,0
1,14.27935529095279,5.941289418094423,1,0,1,0,0
1,14.13147207425384,6.394416222761521,1,0,1,0,0
0,13.2640828128638,6.7906114580908,1,0,0,1,0
0,13.32862018686212,6.557240373724239,0,0,0,1,0
1,12.67494547244996,7.0,1,0,0,1,0
1,13.938985466119629,6.3,1,0,0,0,0
1,12.983709438938812,6.616290561061188,1,1,0,0,0
1,14.018441863450352,6.3,1,0,0,0,0
1,11.944416070574649,5.248138690191549,1,0,1,1,0
1,13.986048751706852,6.250829284738942,1,1,0,0,0
1,11.553486469814445,6.993027060371113,0,1,1,0,0
1,12.825049648081826,6.999801407672697,1,1,1,0,0
0,13.302077889857864,6.498961055071069,0,0,1,1,0
1,11.579169318439831,6.941661363120334,0,1,1,0,0
0,13.41745816758796,6.44127091620602,0,0,1,1,0
0,11.82090005481408,6.936816675802347,0,1,1,0,0
0,12.409081674430968,5.919475242531982,1,1,0,1,0
1,11.759522519974114,5.388572976031064,1,1,1,0,0
0,13.846170832220848,6.438463425802317,0,0,1,1,0
0,13.32351172928136,6.547023458562716,0,0,0,1,0
0,14.357722204826969,6.471814803217979,1,0,1,0,0
1,11.897966179647174,6.662440584423392,1,0,0,1,0
0,12.928077899155896,6.314038949577948,0,0,1,1,0
1,12.629975732889733,7.0,1,0,0,1,0
1,11.693515806266284,5.359726290600575,1,0,1,1,0
1,12.7,5.283203763287236,1,0,1,1,0
0,13.040043798612052,6.81998540046265,1,0,0,1,0
0,12.2,5.877258860839389,1,1,0,1,0
1,12.7,5.168749048940601,1,0,1,1,0
0,12.249992420820131,5.800045475079201,1,1,0,1,0
0,12.089554501183544,6.981592416863925,0,1,1,0,0
1,12.304923583249602,7.097538208375199,1,0,0,1,0
1,11.792709514049912,6.788748583140104,1,0,0,1,0
1,11.552576418797004,6.994847162405992,0,1,1,0,0
1,11.824728286022774,5.208242762007592,1,0,1,1,0
1,12.079189793874797,5.25837958774959,1,1,1,0,0
1,13.149507668998169,6.6,1,1,0,0,0
1,14.091429486427163,6.3,1,0,0,0,0
1,12.350035904663224,6.981254488082903,1,0,0,1,0
1,14.2458140831524,6.008371833695201,1,0,1,0,0
1,14.062093235150533,6.3,1,0,0,0,0
1,11.9,5.281520019913311,0,1,1,1,0
1,14.05601427970081,6.3,1,0,0,0,0
1,12.146064422409491,6.955758052801187,1,0,0,1,0
0,13.614714369519811,6.657057126096038,1,0,0,1,0
1,12.7,5.594956344355904,1,0,1,1,0
1,12.3996705808806,7.0501647095597,1,0,0,1,0
0,13.41502160785812,6.44248919607094,0,0,1,1,0
1,11.5838759950842,6.932248009831603,0,1,1,0,0
0,11.82637768889739,6.937729614816232,0,1,1,0,0
0,13.441150809183798,6.4294245954081015,0,0,1,1,0
0,13.466701631955878,6.333403263911756,0,0,1,1,0
1,13.90725925568215,6.3,1,0,0,0,0
1,12.781458239497036,6.89138901400395,1,1,0,0,0
1,11.624253148375942,6.9757468516240575,1,0,0,1,0
1,13.09824710225687,6.6,1,1,0,0,0
0,12.230526771148304,5.708419686555084,1,1,0,1,0
1,12.581203895626585,5.139598701457804,1,0,1,1,0
0,14.267189328109586,6.411459552073057,1,0,1,0,0
0,12.992761632535307,6.835746122488231,1,0,0,1,0
1,11.735328271271886,6.904416033908986,1,0,0,1,0
0,13.394877126202902,6.4525614368985496,0,0,1,1,0
1,12.793151055469222,6.860273416796168,1,1,1,0,0
0,12.976103483857928,6.338051741928964,0,0,1,1,0
1,12.807073791751098,6.85723494433187,1,1,0,0,0
1,11.97493898125173,6.9343673726564665,1,0,0,1,0
0,13.310030099296918,6.520060198593835,0,0,0,1,0
1,11.870757293629646,5.258485412740709,0,1,1,1,0
0,11.550141201156238,6.324505795953166,0,1,1,1,0
1,12.469304366586044,7.015347816706979,1,0,0,1,0
1,11.92877176139266,5.21438588069633,0,1,1,1,0
0,12.531116770977484,5.8,1,1,0,1,0
0,13.310278967083368,6.7299070109722114,1,0,0,1,0
1,11.807758782665989,5.315301521667518,0,1,1,1,0
1,12.7,5.287559907212196,1,0,1,1,0
1,11.931091192354888,6.928886399044361,1,0,0,1,0
1,14.128459518657866,6.2430809626842665,1,0,1,0,0
0,14.175575014000128,6.350383342666752,1,0,1,0,0
0,11.593308185728024,6.906691814271975,0,1,1,0,0
0,13.255592296851066,6.555592296851066,1,0,0,1,0
1,14.50567950787637,5.569776885822535,1,0,1,0,0
0,13.322295720769022,6.544591441538042,0,0,0,1,0
1,13.595121298998077,6.401626233667308,1,1,0,0,0
0,11.667951278362342,6.667951278362343,0,1,1,1,0
0,12.2,6.014547897562023,1,1,0,1,0
1,12.313033089256304,6.976629136157038,1,0,0,1,0
1,14.06332447323046,6.3,1,0,0,0,0
1,14.177780155711927,6.577780155711929,1,1,0,0,0
1,14.031402431377506,6.3,1,0,0,0,0
0,13.760471997555518,6.176738287809555,0,0,1,1,0
0,11.517777367474354,6.982222632525646,0,1,1,0,0
0,13.393108782007213,6.686217564014424,0,0,0,1,0
0,11.69944751859006,6.699447518590061,0,1,1,1,0
1,11.993142271815287,5.113715456369425,1,1,1,0,0
1,11.547421699691885,5.64309396036974,1,1,1,0,0
1,13.95281202948392,6.3,1,0,0,0,0
1,11.72495635911148,5.41880455111065,0,1,1,1,0
0,13.197550025372022,6.834966649751985,1,0,0,1,0
1,12.831496422331702,6.802755366502447,1,1,1,0,0
1,13.752766598893755,6.349077800368748,1,1,0,0,0
0,11.694247450628206,6.915707908438034,0,1,1,0,0
0,12.921573205620804,6.310786602810402,0,0,1,1,0
1,14.29539810546082,5.948283410170522,1,0,1,0,0
0,13.039224896845624,6.369612448422811,0,0,1,1,0
0,13.32092436953607,6.489537815231965,0,0,1,1,0
1,13.973603682280434,6.3,1,0,0,0,0
0,11.619072712023716,6.083245507916993,0,1,1,1,0
0,13.833353563477989,6.437039284830887,0,0,1,1,0
1,13.759587565578816,6.346804144807061,1,1,0,0,0
0,13.810416095426527,6.617916780914694,1,0,0,1,0
0,13.308806644744417,6.495596677627793,0,0,1,1,0
1,12.326812709864717,7.0865936450676426,1,0,0,1,0
1,12.811434065636568,7.0542637374537325,1,1,1,0,0
0,14.108907278525546,6.305938185683697,1,0,1,0,0
0,13.47539313900279,6.350786278005579,0,0,1,1,0
1,13.114501428298208,6.6,1,1,0,0,0
1,11.813953282681451,6.914244160335182,1,0,0,1,0
1,13.917746828661183,6.317746828661184,1,1,0,0,0
1,12.675076240366408,6.550050826910938,1,1,1,0,0
0,12.25626615910103,5.631201522696912,1,1,0,1,0
1,11.918299481253769,5.186855613194026,1,0,1,1,0
1,14.217221820278112,6.118730388412507,1,1,0,0,0
0,13.14614757808766,6.869234947941561,1,0,0,1,0
1,11.853091108379395,5.357090560336057,1,1,1,0,0
1,14.213394940191034,6.095889107656138,1,0,1,0,0
0,14.32780431066694,6.451869540444627,1,0,1,0,0
1,12.310065221496128,6.976258152687016,1,0,0,1,0
0,11.56505844532814,6.93494155467186,0,1,1,0,0
0,13.329823831375782,6.7467841124161465,1,0,0,1,0
0,11.906161431567076,6.906161431567074,0,1,1,1,0
1,12.141955201625096,6.94419552016251,1,0,0,1,0
1,14.087213119125062,6.487213119125062,1,1,0,0,0
0,14.314293969520314,5.947614461377603,0,0,1,1,0
1,12.475277746025924,6.9969097182532405,1,0,0,1,0
0,13.965979362263754,6.141122576520138,0,0,1,1,0
0,14.137216086702397,6.324810724468263,1,0,1,0,0
1,11.850561650400657,5.40888667258158,1,0,1,1,0
0,13.090652510451935,6.395326255225967,0,0,1,1,0
1,11.785130023688492,5.222304964467263,1,0,1,1,0
0,12.2,6.099753079154394,1,1,0,1,0
1,12.270555545919851,5.2431481513600495,1,0,1,1,0
0,12.960595950502734,6.260595950502733,1,0,0,1,0
1,12.302809304891426,7.098595347554287,1,0,0,1,0
0,13.307698493817083,6.476904518548745,0,0,1,1,0
0,14.260615689141186,6.407077126094125,1,0,1,0,0
1,11.501660130423112,5.698007843492266,1,1,1,0,0
1,12.741816146471407,6.5945440976476055,1,1,1,0,0
0,11.530651830768155,6.622607323072621,0,1,1,0,0
1,12.647720667615092,6.994772066761509,1,0,0,1,0
0,13.401915706179,6.6996168587642,1,0,0,1,0
1,12.665960628945912,7.0,1,0,0,1,0
1,13.945763095199794,6.3,1,0,0,0,0
1,12.325997011881856,7.087001494059072,1,0,0,1,0
0,12.02642134679062,6.894816010092964,0,1,1,1,0
1,12.62394609532841,6.515964063552273,1,1,1,0,0
0,13.07086181570269,6.809712728099103,1,0,0,1,0
0,11.509732470606032,6.990267529393968,0,1,1,0,0
0,13.351572232209808,6.474213883895096,0,0,1,1,0
1,11.695794039827328,5.6084119203453415,0,1,1,1,0
1,11.586993231349537,6.92601353730093,0,1,1,0,0
0,12.82244236316809,6.892519212277303,1,0,0,1,0
1,11.9,5.219774180080115,0,1,1,1,0
1,14.133519463022951,6.2329610739540975,1,0,1,0,0
1,11.549051580959892,7.050948419040108,1,0,0,1,0
0,14.398486783130815,6.498991188753878,1,0,1,0,0
1,12.631116797587357,7.0,1,0,0,1,0
1,12.910303798134,6.719594935821333,1,1,0,0,0
0,11.513910467927916,6.513910467927915,0,1,1,1,0
0,12.310615219066989,5.8,1,1,0,1,0
1,14.209399605543092,6.103080710022434,1,0,1,0,0
1,11.88306855120258,6.961022850400861,1,0,0,1,0
0,11.803834236987417,6.727875677740562,0,1,1,1,0
1,12.59289211636648,7.0,1,0,0,1,0
1,14.08548073514582,6.3,1,0,0,0,0
1,13.05232143176356,6.6,1,1,0,0,0
0,12.963632901039324,6.3318164505196615,0,0,1,1,0
0,12.97552002217414,6.337760011087069,0,0,1,1,0
1,11.871277415307672,7.008510966123069,0,1,1,0,0
1,13.91950965882582,6.3,1,0,0,0,0
1,14.269919197092252,5.994145445233942,1,0,1,0,0
1,14.264658746442676,5.970682507114652,1,0,1,0,0
1,11.920706663636912,5.258586672726177,1,1,1,0,0
1,12.638268629897848,7.0,1,0,0,1,0
0,14.28023943411257,6.486693270456953,0,0,1,1,0
0,13.743840303859722,6.631231939228056,1,0,0,1,0
1,12.644344415372556,5.106183953847493,1,0,1,1,0
1,11.967869950310709,5.156227586956261,1,1,1,0,0
0,13.4294736454825,6.258947290965002,0,0,1,1,0
0,12.898882072058832,6.867039309313722,1,0,0,1,0
0,13.303548616657055,6.507097233314113,0,0,0,1,0
1,12.406893703720016,7.046553148139992,1,0,0,1,0
0,13.31395028883503,6.458149133494909,0,0,1,1,0
0,13.478071774155673,6.410964112922165,0,0,1,1,0
1,12.520786443675828,5.119912617369352,1,0,1,1,0
1,11.996557790008636,5.106884419982728,1,1,1,0,0
1,14.049864434316646,6.3,1,0,0,0,0
0,11.550165797097035,6.949834202902965,0,1,1,0,0
0,13.350259682313585,6.474870158843209,0,0,1,1,0
0,13.870307924647788,6.5,0,0,1,1,0
1,11.842800135137454,5.271499831078184,0,1,1,1,0
0,13.194086229227192,6.447043114613596,0,0,1,1,0
0,13.758054912232398,6.628389017553521,1,0,0,1,0
0,11.555466152683042,6.7218646107321725,0,1,1,0,0
1,12.391396527043815,6.986424565880477,1,0,0,1,0
0,13.340257453448585,6.719914182183805,1,0,0,1,0
0,12.832665277267855,7.078223148488096,1,0,0,1,0
1,11.544679307604444,7.055320692395555,1,0,0,1,0
1,14.115190007049536,6.269619985900927,1,0,1,0,0
0,14.155295890691614,6.336863927127742,1,0,1,0,0
1,12.348105824058756,7.075947087970622,1,0,0,1,0
1,14.2926514972801,5.914697005439801,1,0,1,0,0
0,13.044274032448548,6.372137016224273,0,0,1,1,0
1,12.603257521599788,7.0,1,0,0,1,0
0,11.606086491848425,6.901014415308071,0,1,1,0,0
0,13.67615889748281,6.419573210831424,0,0,1,1,0
1,11.91684972807573,5.266300543848539,1,1,1,0,0
0,13.473284279942488,6.346568559884972,0,0,1,1,0
0,13.308541902215154,6.474374293354543,0,0,1,1,0
1,14.264102251551725,5.971795496896552,1,0,1,0,0
0,13.345176342073634,6.477411828963184,0,0,1,1,0
0,11.59284762561642,6.592847625616421,0,1,1,1,0
0,13.341324064432577,6.3760278067022735,0,0,1,1,0
1,12.613238804008333,5.109640132887963,1,0,1,1,0
0,12.357556338836789,5.890032193621021,1,1,0,1,0
1,14.173627143498033,6.5208814304940965,1,0,1,0,0
0,13.330644883765228,6.746236744156516,1,0,0,1,0
1,11.943341940425238,6.930417742553155,1,0,0,1,0
1,14.115910960650323,6.347732881950977,1,0,1,0,0
1,12.299564755322482,5.200108811169379,1,0,1,1,0
1,12.61893464927798,7.0,1,0,0,1,0
1,12.898303056546403,6.706787773814379,1,1,1,0,0
1,11.981500888829354,7.052600355531742,0,1,1,0,0
0,13.303927639463936,6.498036180268032,0,0,1,1,0
1,12.805077498035116,7.087306254912211,1,1,0,0,0
1,11.628678524399293,6.971321475600707,1,0,0,1,0
1,14.04267628197715,6.3,1,0,0,0,0
0,13.700683507030108,6.42229816744779,0,0,1,1,0
1,11.9,5.267995549987374,0,1,1,1,0
0,13.181498196072129,6.772833934642624,1,0,0,1,0
1,12.89563099654718,6.860922508632052,1,1,0,0,0
1,13.897972315648367,6.300675894783877,1,1,0,0,0
1,12.03406076557284,5.278020255190946,1,0,1,1,0
1,13.094082798016924,6.568639067327692,1,1,0,0,0
1,11.68103264713904,5.4827608234331535,1,1,1,0,0
1,14.241267111890323,6.017465776219354,1,0,1,0,0
0,12.386793434483238,5.9067391054189935,1,1,0,1,0
0,13.38954746189799,6.67909492379598,0,0,0,1,0
0,13.337106230320776,6.388681309037674,0,0,1,1,0
0,13.38608320234992,6.241750392950243,0,0,1,1,0
0,13.243497565013763,6.471748782506881,0,0,1,1,0
0,12.930681841799249,6.230681841799248,1,0,0,1,0
0,13.36700255194701,6.466498724026495,0,0,1,1,0
0,13.3224828193011,6.6224828193011,1,0,0,1,0
1,12.605697222135811,5.110478086429354,1,0,1,1,0
1,14.222801927562076,6.078956530388263,1,0,1,0,0
1,11.936276209540075,5.218138104770038,0,1,1,1,0
1,12.004069585510107,5.108139171020213,1,1,1,0,0
1,12.811754884495992,7.052980462016034,1,1,1,0,0
1,12.402331725808873,5.174417068547782,1,0,1,1,0
1,12.613032466762494,7.0,1,0,0,1,0
0,11.710492180524536,6.918415363420756,0,1,1,0,0
1,12.099580863630388,5.318334231407131,1,0,1,1,0
0,13.030578245372736,6.330578245372737,1,0,0,1,0
1,12.045626713024047,6.934562671302405,1,0,0,1,0
0,13.882051062059077,6.4424501180065645,0,0,1,1,0
0,11.669158143698777,6.4661683712602445,0,1,1,1,0
0,12.7903170327084,6.903227655763867,1,0,0,1,0
0,13.389908401644558,6.679816803289116,0,0,0,1,0
0,13.374699957547662,6.674699957547661,1,0,0,1,0
1,13.976647268881829,6.3,1,0,0,0,0
1,11.616107411182416,6.906442964472968,0,1,1,0,0
0,12.341457570662504,5.531093177996878,1,1,0,1,0
0,13.528216488212388,6.674356702357523,1,0,0,1,0
1,14.283934416843293,5.932131166313416,1,0,1,0,0
1,13.50579184514925,6.4576832619403,1,1,0,0,0
1,12.506372031795689,7.0,1,0,0,1,0
0,13.339437566382763,6.578875132765528,0,0,0,1,0
1,12.509550236423689,7.0,1,0,0,1,0
1,11.957103010559791,5.175069731520363,1,1,1,0,0
0,13.422352622826711,6.244705245653426,0,0,1,1,0
1,12.7,5.251611083676581,1,0,1,1,0
0,12.254696324263614,5.635911027209156,1,1,0,1,0
1,11.967427081329202,7.046970832531681,0,1,1,0,0
1,14.151176400557556,6.453529201672671,1,0,1,0,0
1,14.13268747242815,6.53268747242815,1,1,0,0,0
0,13.344341269619788,6.588682539239576,0,0,0,1,0
1,11.793334642287594,6.977333856915038,0,1,1,0,0
1,11.711093581280409,5.436133023399489,0,1,1,1,0
1,12.955539055864234,6.711152360339417,1,1,0,0,0
0,11.594397517175912,6.594397517175913,0,1,1,1,0
0,13.479652901094108,6.410173549452947,0,0,1,1,0
1,14.167788301128162,6.503364903384487,1,0,1,0,0
0,13.306844630735192,6.731051789754936,1,0,0,1,0
0,12.210296262208344,6.03822242674993,1,1,0,1,0
1,14.129981206102263,6.3899436183067975,1,0,1,0,0
1,11.65014566332836,6.94985433667164,1,0,0,1,0
0,13.33690873915288,6.48154563042356,0,0,1,1,0
0,11.58920450696854,6.856818027874161,0,1,1,0,0
1,14.159766715270903,6.479300145812711,1,0,1,0,0
1,11.915554367922123,5.296111408019469,1,0,1,1,0
0,14.119371239400254,6.312914159600169,1,0,1,0,0
1,12.39522089936596,7.05238955031702,1,0,0,1,0
0,13.327808337878963,6.555616675757928,0,0,0,1,0
0,14.193357811190204,6.014801216005442,0,0,1,1,0
0,12.236574917810144,5.690275246569564,1,1,0,1,0
0,12.467028034438698,5.8,1,1,0,1,0
0,13.497127195041198,6.401436402479401,0,0,1,1,0
1,13.341253844970293,6.486248718343235,1,1,0,0,0
1,11.83425662345378,5.282179220682775,0,1,1,1,0
0,11.594162271604633,6.876649086418534,0,1,1,0,0
1,12.363451483372858,5.137394279625238,1,0,1,1,0
1,14.000996455482124,6.2422877397245005,1,1,0,0,0
0,13.450952092959865,6.424523953520069,0,0,1,1,0
0,13.383113130785029,6.666226261570054,0,0,0,1,0
1,14.223470696326164,6.053058607347674,1,0,1,0,0
0,12.980045833991966,6.280045833991965,1,0,0,1,0
1,11.798831828112892,5.341401806264529,1,1,1,0,0
1,13.206350217579924,6.6,1,1,0,0,0
1,12.643597512244224,7.0,1,0,0,1,0
0,12.883506568311269,6.872164477229577,1,0,0,1,0
1,11.809677990071084,5.433063517375604,1,1,1,0,0
0,13.784156130329889,6.156437602574383,0,0,1,1,0
1,13.113355466104938,6.562214844631687,1,1,0,0,0
1,11.515088733354537,7.069822533290932,0,1,1,0,0
0,14.051095884339098,5.927632099137916,0,0,1,1,0
0,13.040810857611913,6.340810857611912,1,0,0,1,0
1,13.787934140618193,6.337355286460602,1,1,0,0,0
0,12.741201042310088,6.109257738462907,1,1,0,1,0
1,11.68056672672406,6.932226690689624,0,1,1,0,0
0,13.47433156456038,6.41283421771981,0,0,1,1,0
1,11.54928050970287,7.001438980594262,0,1,1,0,0
0,14.399056844085209,6.499371229390138,1,0,1,0,0
1,12.588875890935531,7.0,1,0,0,1,0
1,12.014583616795653,7.00486120559855,1,0,0,1,0
1,11.850101554006107,6.918762694250764,1,0,0,1,0
0,13.371563907702225,6.285308276893329,0,0,1,1,0
0,13.311044656067184,6.466866031798454,0,0,1,1,0
0,13.335678585136966,6.3929642445891055,0,0,1,1,0
0,13.249915600664163,6.549915600664163,1,0,0,1,0
1,14.203186734152432,6.093626531695136,1,0,1,0,0
0,12.267452995676017,5.695282025943905,1,1,0,1,0
0,12.20224452509756,5.793266424707318,1,1,0,1,0
0,11.821619197689122,6.435676160462176,0,1,1,1,0
1,12.7,5.5895320884343205,1,0,1,1,0
1,13.074067037017308,6.6,1,1,0,0,0
0,13.129791830401803,6.880138779732131,1,0,0,1,0
0,13.12911138845508,6.41455569422754,0,0,1,1,0
1,14.282393621625076,5.971691481074863,1,0,1,0,0
1,12.32262703412168,7.08868648293916,1,0,0,1,0
0,14.30756856222364,6.518486287555272,1,0,0,1,0
0,14.362865569781448,6.50742688604371,1,0,0,1,0
1,12.7,5.341726552052216,1,0,1,1,0
1,12.810012267572208,6.834981598641687,1,1,1,0,0
1,11.9,5.363125507276828,0,1,1,1,0
1,11.912535145688624,7.02501405827545,0,1,1,0,0
0,13.323614224188589,6.547228448377172,0,0,0,1,0
0,12.78729269661188,6.90423576779604,1,0,0,1,0
0,12.243543575425509,5.782282122872457,1,1,0,1,0
1,13.889098195510098,6.303633934829968,1,1,0,0,0
1,11.603719766621367,6.996280233378632,1,0,0,1,0
1,11.557738539177478,5.630713752987026,1,1,1,0,0
0,12.402939915666089,5.577204936749565,1,1,0,1,0
0,12.935832819681098,7.009444786879268,1,0,0,1,0
1,12.9,6.830739447401418,1,1,1,0,0
0,13.362573661835158,6.625147323670318,0,0,0,1,0
0,12.0213148074317,6.890986105573774,0,1,1,1,0
0,13.34813706404214,6.47593146797893,0,0,1,1,0
0,13.850635089593238,6.4389594543992485,0,0,1,1,0
0,14.269282923023887,6.526143415395223,1,0,0,1,0
0,13.49060809706137,6.38121619412274,0,0,1,1,0
0,13.060178767964338,6.360178767964338,1,0,0,1,0
1,11.9,5.7461209610669295,0,1,1,1,0
0,14.137719435069087,5.853383341369354,0,0,1,1,0
1,14.203619614673118,6.092760770653765,1,0,1,0,0
1,12.4922633478204,7.0038683260898,1,0,0,1,0
0,13.54030350520846,6.5,0,0,1,1,0
0,12.792260276182535,6.902579907939155,1,0,0,1,0
1,14.108922501605424,6.32676750481627,1,0,1,0,0
0,11.539704625582964,6.658818502331853,0,1,1,0,0
1,12.58116945359971,7.0,1,0,0,1,0
1,12.602092762527093,7.0,1,0,0,1,0
1,12.441928205994246,5.164517948501438,1,0,1,1,0
0,13.38565207302544,6.671304146050878,0,0,0,1,0
0,11.586846657768596,6.913153342231404,0,1,1,0,0
1,12.54210821637685,7.0,1,0,0,1,0
1,11.504503879173589,5.692493534710689,1,0,1,1,0
0,13.491352001216852,6.382704002433707,0,0,1,1,0
1,12.06354472707084,5.25911381823229,1,0,1,1,0
0,13.81798040757625,6.616403918484751,1,0,0,1,0
0,12.829455475824387,6.890181508058538,1,0,0,1,0
0,13.217325715678044,6.760891428107319,1,0,0,1,0
1,12.445146182140997,5.184951272619667,1,0,1,1,0
0,14.389239519871632,6.492826346581088,1,0,1,0,0
0,14.377045342332677,6.5,0,0,1,1,0
0,11.854777907465532,6.942462984577589,0,1,1,0,0
1,14.297259688259278,5.905480623481448,1,0,1,0,0
1,12.89662118445655,6.713515262173808,1,1,1,0,0
0,13.39490286509516,6.68980573019032,0,0,0,1,0
0,12.940421021793853,6.320210510896926,0,0,1,1,0
0,14.37060697055644,5.916329460801978,0,0,1,1,0
1,14.222603014441988,6.054793971116025,1,0,1,0,0
0,14.092114996586307,6.561577000682738,1,0,0,1,0
1,12.047248277385105,5.273624138692552,0,1,1,1,0
0,13.000841808397896,6.8330527305340345,1,0,0,1,0
0,12.210025454413747,5.769923636758757,1,1,0,1,0
1,14.597447060947824,5.404595290293914,1,0,1,0,0
0,13.473134116522797,6.346268233045591,0,0,1,1,0
1,12.858730722566238,6.672487148377492,1,1,1,0,0
0,11.510209942397632,6.510209942397631,0,1,1,1,0
1,12.916158828330785,6.693536468667687,1,1,0,0,0
0,12.521587515522825,5.666190636642119,1,1,0,1,0
0,13.148869414899934,6.867420390066711,1,0,0,1,0
1,12.01676281965986,6.931676281965986,1,0,0,1,0
1,14.047754546617568,6.3,1,0,0,0,0
1,12.946275534842934,6.653724465157065,1,1,0,0,0
1,11.889863261478796,6.963287753826266,1,0,0,1,0
1,14.250975088207298,6.028244841226863,1,0,1,0,0
1,12.682381263475564,5.101957637391603,1,0,1,1,0
0,12.877803765819934,6.874065411393356,1,0,0,1,0
0,13.03054257939619,6.946304947069208,1,0,0,1,0
0,12.938005293800645,6.2380052938006445,1,0,0,1,0
1,13.269548101366595,6.510150632877801,1,1,0,0,0
0,11.555042944838274,6.944957055161726,0,1,1,0,0
1,12.161756295607644,6.957719536950956,1,0,0,1,0
1,12.293308475540146,7.097769491846715,1,0,0,1,0
1,14.167245606956898,6.147288224596058,1,1,0,0,0
0,13.367979038973507,6.635958077947014,0,0,0,1,0
1,14.206143797019928,6.087712405960145,1,0,1,0,0
0,13.556788483861526,6.368450842299152,0,0,1,1,0
0,13.007289976756548,6.3536449883782735,0,0,1,1,0
0,12.20367662149338,5.788970135519853,1,1,0,1,0
1,11.838362842360707,5.293964589167151,1,1,1,0,0
1,12.92590267937579,6.698796427498945,1,1,0,0,0
0,13.13407745832041,6.43407745832041,1,0,0,1,0
0,13.379097662725158,6.262707011824526,0,0,1,1,0
1,11.894378748729512,6.96479291624317,1,0,0,1,0
1,11.596822373757613,6.906355252484776,0,1,1,0,0
0,12.758874726462537,6.913708424512488,1,0,0,1,0
0,14.244740301064317,6.5,0,0,1,1,0
0,13.138181662931345,6.438181662931343,1,0,0,1,0
0,11.635019737635051,6.027430918277313,0,1,1,1,0
0,11.526275325677537,6.605101302710138,0,1,1,0,0
1,13.31144818542932,6.535420725828272,1,1,0,0,0
0,12.488354792204763,5.719747257572227,1,1,0,1,0
0,13.05442772071823,6.93038151952118,1,0,0,1,0
0,13.808029284770798,6.5,0,0,1,1,0
0,14.193582469572258,6.477064718841362,0,0,1,1,0
0,13.245641128327373,6.802905914448418,1,0,0,1,0
1,12.608949767083995,5.110116692546222,1,0,1,1,0
0,14.109688210776214,6.306458807184144,1,0,1,0,0
1,12.837982893664686,7.005042765838289,1,1,0,0,0
1,14.127988677156202,6.249620381118838,1,0,1,0,0
1,13.1279789871683,6.60880840513268,1,1,0,0,0
0,14.361743688170368,6.507651262365926,1,0,0,1,0
1,11.888196125099904,7.015278450039961,0,1,1,0,0
0,12.26528919146376,5.6041324256087135,1,1,0,1,0
1,12.598333778988028,5.111296246779108,1,0,1,1,0
1,12.455626157859063,7.022186921070468,1,0,0,1,0
1,12.935763147737733,6.664236852262268,1,1,0,0,0
1,11.9,5.7151969861115886,0,1,1,1,0
1,14.219554471202704,6.084801951835132,1,0,1,0,0
1,12.569474411189818,5.114502843201131,1,0,1,1,0
1,12.857524067440496,6.789967910079339,1,1,0,0,0
1,11.9,5.26416974563422,0,1,1,1,0
1,14.256951202634124,6.017487835258578,1,0,1,0,0
1,12.678817308699374,5.105295672825156,1,0,1,1,0
0,13.346263005067524,6.361210984797433,0,0,1,1,0
1,12.308772314274176,5.230409228575274,1,0,1,1,0
1,14.09485360695925,6.3,1,0,0,0,0
0,12.962149627307555,6.845950124230814,1,0,0,1,0
0,13.319835534563207,6.490082232718397,0,0,1,1,0
0,13.33873102267676,6.48063448866162,0,0,1,1,0
0,12.924228782448866,6.224228782448867,1,0,0,1,0
1,13.492685601629864,6.435771466123378,1,1,0,0,0
0,14.293370522140586,6.5213258955718825,1,0,0,1,0
0,13.285946724701478,6.776035516865681,1,0,0,1,0
1,12.987520306763692,6.612479693236309,1,1,0,0,0
1,11.741385966420085,5.287921050369878,1,0,1,1,0
1,13.369849679712088,6.5120601281151655,1,1,0,0,0
1,11.707538676914629,6.902512892304877,1,0,0,1,0
0,13.081285761812364,6.381285761812365,1,0,0,1,0
1,14.165073967318085,6.16985206536383,1,0,1,0,0
0,13.36642122600915,6.466789386995425,0,0,1,1,0
1,13.95547750043248,6.3,1,0,0,0,0
1,11.774250862145871,5.238623706781193,1,0,1,1,0
0,13.795456199104182,6.146751829339273,0,0,1,1,0
0,14.001160961282038,6.121577243732202,0,0,1,1,0
1,11.522073499303254,7.077926500696746,1,0,0,1,0
1,12.756058869316949,6.925254840910737,1,1,0,0,0
1,11.711322882994226,5.333015675508661,1,0,1,1,0
0,12.29810898772553,5.50567303682341,1,1,0,1,0
1,12.510204217786669,5.178492956582564,1,1,1,0,0
0,11.965260683733607,6.406947863253279,0,1,1,1,0
1,12.167442176740632,6.95843027209258,1,0,0,1,0
0,13.562082358022812,6.365509801098439,0,0,1,1,0
1,12.359198605134267,5.15526132386681,1,1,1,0,0
1,12.080096781530566,6.9475120976913205,1,0,0,1,0
1,11.922787088101536,5.235122595822315,1,1,1,0,0
1,11.599414985748874,5.575731267813907,0,1,1,1,0
0,13.348963501420457,6.353109495738634,0,0,1,1,0
0,13.92016353133774,6.166575815923478,0,0,1,1,0
1,13.294173282574349,6.501942239141884,1,1,0,0,0
1,14.127134525393798,6.245730949212405,1,0,1,0,0
1,12.193363586318094,6.307963696418287,1,0,0,1,0
1,12.696300356405922,5.101345324943301,1,0,1,1,0
1,12.7,5.528826800683016,1,0,1,1,0
1,12.252089418046811,6.969011177255852,1,0,0,1,0
0,13.37608862406402,6.652177248128037,0,0,0,1,0
1,13.14373247377056,6.6,1,1,0,0,0
1,14.18107061857445,6.54321185572335,1,0,1,0,0
1,14.01239016088086,6.41239016088086,1,1,0,0,0
0,13.1219455874487,6.792684804183766,1,0,0,1,0
0,13.14413093964854,6.444130939648541,1,0,0,1,0
0,13.26031481611972,6.48015740805986,0,0,1,1,0
1,11.597654610496004,7.002345389503998,1,0,0,1,0
0,13.176745757438333,6.77441808085389,1,0,0,1,0
1,11.873446255050156,5.224482085016719,1,0,1,1,0
1,12.7,5.208999967262328,1,0,1,1,0
1,13.929015100795974,6.3,1,0,0,0,0
1,12.14326662355825,7.047755541186082,1,0,0,1,0
1,12.521737861843675,7.0,1,0,0,1,0
1,14.02780912925225,6.3,1,0,0,0,0
0,12.233306053804087,5.900163677175479,1,1,0,1,0
0,14.112259752437565,6.3081731682917095,1,0,1,0,0
1,12.626101902918162,7.0,1,0,0,1,0
0,13.300169821924344,6.499915089037828,0,0,1,1,0
0,12.01687318173864,6.969478863623107,0,1,1,0,0
1,14.236967489239442,6.053458519369005,1,0,1,0,0
0,12.287868769614724,5.536393691155826,1,1,0,1,0
0,13.217994472325774,6.517994472325774,1,0,0,1,0
1,11.59529373203172,5.541177113280468,1,0,1,1,0
1,13.106935506341047,6.617225797463581,1,1,0,0,0
0,12.157914022014262,6.993435516510696,0,1,1,1,0
1,11.656393655565353,5.415409516651971,1,0,1,1,0
1,12.843048266857537,6.662032177905025,1,1,1,0,0
1,12.7,5.274369991466604,1,0,1,1,0
1,14.151511741697895,6.4545352250936885,1,0,1,0,0
0,13.20944488383175,6.763518372056083,1,0,0,1,0
1,14.283286688113018,5.933426623773967,1,0,1,0,0
0,13.38244508114295,6.25266475657115,0,0,1,1,0
1,12.4233154654838,6.990414433185475,1,0,0,1,0
1,14.11570771107004,6.268584577859923,1,0,1,0,0
1,11.838060790011456,5.413432439995834,1,0,1,1,0
1,11.713353296717608,6.90445109890587,1,0,0,1,0
1,14.094288949009288,6.3,1,0,0,0,0
1,11.876374974600072,6.917637497460008,1,0,0,1,0
0,13.387978579097243,6.675957158194491,0,0,0,1,0
0,13.307878620920349,6.476364137238957,0,0,1,1,0
0,11.66654575128378,6.666545751283782,0,1,1,1,0
0,12.255948006464624,5.632155980606128,1,1,0,1,0
1,13.977634181903548,6.3,1,0,0,0,0
1,13.93813419634038,6.3,1,0,0,0,0
1,11.694038211505063,6.905961788494935,1,0,0,1,0
0,11.692855160804088,6.915475860134015,0,1,1,0,0
0,13.251293681661847,6.551293681661846,1,0,0,1,0
0,13.37400547281271,6.462997263593645,0,0,1,1,0
1,14.409157715450608,5.743516112188908,1,0,1,0,0
0,13.477503014925396,6.355006029850791,0,0,1,1,0
0,13.572745827239205,6.359585651533777,0,0,1,1,0
1,14.103702845541072,6.311108536623216,1,0,1,0,0
1,12.95849294102952,6.703767647426204,1,1,0,0,0
1,11.914009126991733,5.203189047609922,1,1,1,0,0
1,12.446063268015733,7.026968365992134,1,0,0,1,0
0,13.257976346074582,6.794682435950278,1,0,0,1,0
1,12.110540286976326,5.314348986554063,1,0,1,1,0
0,13.465720579001562,6.331441158003125,0,0,1,1,0
1,12.818663641274288,6.841781811634282,1,1,0,0,0
0,13.312414209045762,6.493792895477119,0,0,1,1,0
1,14.09776070504653,6.3,1,0,0,0,0
0,13.014809667211518,6.956793555192322,1,0,0,1,0
0,13.021605721567123,6.826131426144292,1,0,0,1,0
0,12.817779733213811,6.894073422262062,1,0,0,1,0
1,12.565487119049385,7.0,1,0,0,1,0
0,13.06317107290882,6.363171072908821,1,0,0,1,0
0,13.489903322777836,6.405048338611082,0,0,1,1,0
1,12.857463631691658,6.956340920770854,1,1,0,0,0
1,14.13393636692798,6.40180910078394,1,0,1,0,0
1,13.093951326092638,5.268300204014252,1,1,1,0,0
1,13.629413314295352,6.390195561901549,1,1,0,0,0
1,14.286700993022064,5.926598013955877,1,0,1,0,0
1,14.095567090292027,6.3,1,0,0,0,0
0,13.400640318380828,6.449679840809586,0,0,1,1,0
0,12.924618425165791,6.312309212582895,0,0,1,1,0
1,14.097980798034293,6.3,1,0,0,0,0
1,13.257412725087558,6.6,1,1,0,0,0
0,11.511410460596544,6.545641842386174,0,1,1,0,0
1,14.538650562956494,5.510428986678309,1,0,1,0,0
0,11.569563138511048,6.256529015211334,0,1,1,1,0
1,13.12503066643474,6.6,1,1,0,0,0
1,12.563078273037284,5.11521352521808,1,0,1,1,0
1,14.07957729580195,6.3,1,0,0,0,0
1,14.117825305498856,6.353475916496569,1,0,1,0,0
1,11.757729410654418,5.484541178691163,0,1,1,1,0
1,12.642249314066053,6.528166209377369,1,1,1,0,0
1,13.98065460709313,6.3,1,0,0,0,0
1,11.9,5.230401318351657,0,1,1,1,0
1,12.696603369374392,5.100377403402844,1,0,1,1,0
0,12.895811410365985,6.868062863211339,1,0,0,1,0
0,13.241652292268553,6.541652292268552,1,0,0,1,0
0,12.703548745236091,6.932150418254635,1,0,0,1,0
1,11.9,5.229202208401302,0,1,1,1,0
0,12.66315745139497,5.772368088546227,1,1,0,1,0
1,14.235743534958033,6.028512930083936,1,0,1,0,0
1,12.619991796897777,5.126669401034073,1,0,1,1,0
0,13.944971668993212,6.152793517225993,0,0,1,1,0
1,12.732193220478027,6.957075706029295,1,1,0,0,0
0,11.555195388533084,6.720781554132339,0,1,1,0,0
1,12.772197481157312,6.89170377826403,1,1,1,0,0
0,14.17984390917591,6.022308939346717,0,0,1,1,0
1,13.400943205139862,6.499622717944055,1,1,0,0,0
1,12.936565168866638,6.663434831133364,1,1,0,0,0
0,11.595988042058876,6.904011957941125,0,1,1,0,0
0,13.43216692466084,6.693566615067833,1,0,0,1,0
0,13.367716239140284,6.635432478280567,0,0,0,1,0
1,13.975106237898409,6.3,1,0,0,0,0
0,13.321294113000215,6.489352943499893,0,0,1,1,0
0,11.825351616839065,6.937558602806511,0,1,1,0,0
1,11.605494673381235,6.9945053266187625,1,0,0,1,0
0,13.404995420606404,6.209990841212809,0,0,1,1,0
1,12.4418220554035,5.193882888944182,1,0,1,1,0
0,13.083657016283746,6.383657016283746,1,0,0,1,0
0,14.205825220609,6.478425024512111,0,0,1,1,0
0,13.303108381072253,6.506216762144499,0,0,0,1,0
1,11.82280286151395,5.418980777631291,1,0,1,1,0
1,14.01669917813185,6.233314755353229,1,1,0,0,0
0,14.18485353303724,6.543029293392552,1,0,0,1,0
0,11.546291467414584,6.953708532585415,0,1,1,0,0
1,14.238316657846884,6.106676195516067,1,1,0,0,0
0,13.87205298421032,6.441339220467813,0,0,1,1,0
0,13.238694108320898,6.753768630559701,1,0,0,1,0
1,14.21383584960959,6.072328300780822,1,0,1,0,0
1,11.725598672094316,6.869281593486821,1,0,0,1,0
1,11.86653581745579,6.700157019053052,1,0,0,1,0
1,11.87762668994572,6.959208896648574,1,0,0,1,0
1,12.312798035231046,6.976599754403881,1,0,0,1,0
0,13.318174119896456,6.53634823979291,0,0,0,1,0
1,11.9,5.253781236462938,0,1,1,1,0
1,12.382361762719572,7.058819118640214,1,0,0,1,0
1,14.005793209341018,6.405793209341018,1,1,0,0,0
1,12.63904233396947,7.0,1,0,0,1,0
1,13.137495085073429,6.6,1,1,0,0,0
0,11.69900735092284,6.69900735092284,0,1,1,1,0
0,13.957844825039112,6.588431034992178,1,0,0,1,0
1,11.871637921211896,5.32463363787918,1,1,1,0,0
1,11.611507323866816,5.482739014199776,1,0,1,1,0
0,13.701597111574618,6.227202475793185,0,0,1,1,0
0,13.480872603847502,6.6838254792305,1,0,0,1,0
1,12.073855762626756,6.451373084847892,1,0,0,1,0
1,11.669491593577462,5.395762609633807,1,0,1,1,0
1,14.193023970608522,6.579071911825567,1,0,1,0,0
1,11.941809600584714,6.9806032001949045,1,0,0,1,0
1,11.9,5.244583239100623,0,1,1,1,0
0,13.245459316040035,6.472729658020018,0,0,1,1,0
0,12.964575309705388,6.990283126863075,1,0,0,1,0
1,12.002949336175655,5.267649778725218,1,0,1,1,0
1,12.24918371135187,6.968647963918984,1,0,0,1,0
1,12.649000877449254,5.116999707516915,1,0,1,1,0
0,13.385022067782264,6.670044135564523,0,0,0,1,0
1,14.154239365025006,6.462718095075021,1,0,1,0,0
1,12.373892173707969,5.136234202921337,1,0,1,1,0
1,12.9,6.809866164631968,1,1,1,0,0
1,12.566552919847906,7.0,1,0,0,1,0
1,12.699580716743617,5.100104820814096,1,0,1,1,0
0,13.202542267439966,6.451271133719983,0,0,1,1,0
1,12.7,5.201484659944314,1,0,1,1,0
1,14.294830824652667,5.9493045156251965,1,0,1,0,0
0,12.907210111195132,6.864263296268289,1,0,0,1,0
1,12.350521782454846,6.965052178245485,1,0,0,1,0
1,14.580609028890937,5.911080554919466,1,1,0,0,0
0,14.351096790077142,5.927168449957144,0,0,1,1,0
0,13.387758000060364,6.675516000120729,0,0,0,1,0
1,13.226625646208356,6.524458117930548,1,1,0,0,0
1,12.560769283781084,5.186272197504782,1,1,1,0,0
1,12.330217503331198,5.150802692820184,1,1,1,0,0
0,11.69046886436613,6.690468864366131,0,1,1,1,0
1,13.216723286047484,6.527758904650838,1,1,0,0,0
1,14.154903742952593,6.190192514094815,1,0,1,0,0
1,12.72796250567908,6.9627166590945615,1,1,0,0,0
1,12.370593214587467,5.182351696353132,1,0,1,1,0
1,12.055679921271944,7.0185599737573146,1,0,0,1,0
0,13.305999902553015,6.497000048723493,0,0,1,1,0
1,12.7,5.54917153140469,1,0,1,1,0
0,13.443898886897426,6.28779777379485,0,0,1,1,0
1,12.812860316444834,6.849519578073555,1,1,0,0,0
1,13.70866079699866,6.3765356812005365,1,1,0,0,0
0,13.33669549011927,6.481652254940365,0,0,1,1,0
0,14.11406221522301,6.5,0,0,1,1,0
1,14.120439016389954,6.361317049169863,1,0,1,0,0
1,14.134564770699392,6.230870458601217,1,0,1,0,0
0,14.125730341405037,6.317153560936689,1,0,1,0,0
1,13.281977258608425,6.6,1,1,0,0,0
1,14.25843488182142,6.014817212721447,1,0,1,0,0
1,12.57089731912068,6.987089731912068,1,0,0,1,0
0,12.248600128237603,5.756999358811982,1,1,0,1,0
1,11.983713831117756,5.241856915558878,0,1,1,1,0
1,12.288665836406384,5.237111387864538,1,0,1,1,0
0,13.149079763608125,6.783640078797292,1,0,0,1,0
0,12.886680662763892,6.87110644574537,1,0,0,1,0
0,13.83773450724038,6.5,0,0,1,1,0
0,11.53623870807272,6.96376129192728,0,1,1,0,0
1,12.02208897194757,5.14417794389514,1,1,1,0,0
0,13.90766020787615,6.59846795842477,1,0,0,1,0
1,12.93969963227161,6.680400490304519,1,1,0,0,0
1,12.181251536712256,6.960156442089032,1,0,0,1,0
0,11.56960334162375,6.9303966583762495,0,1,1,0,0
1,12.092465297280688,6.949058162160086,1,0,0,1,0
1,11.83756351059884,5.237563510598839,1,0,1,1,0
0,13.075441051590415,6.916372632273055,1,0,0,1,0
1,13.544059524600248,6.442376190159901,1,1,0,0,0
1,14.191988527338134,6.134420650791357,1,0,1,0,0
0,11.658012837029249,6.658012837029247,0,1,1,1,0
1,14.109922721238751,6.280154557522498,1,0,1,0,0
0,13.332373710716576,6.56474742143315,0,0,0,1,0
1,12.029768034367782,5.159536068735565,1,1,1,0,0
1,13.050588196765172,6.639764721293932,1,1,0,0,0
0,12.9088733576835,6.2088733576835,1,0,0,1,0
0,14.11263840588819,6.30842560392546,1,0,1,0,0
1,12.802907929300522,7.088368282797917,1,1,1,0,0
1,12.045931270900184,6.934593127090019,1,0,0,1,0
1,12.634693614344036,7.0,1,0,0,1,0
0,11.582799730485432,6.582799730485433,0,1,1,1,0
0,12.54463037335872,5.8,1,1,0,1,0
1,14.313880703924765,5.915014732935427,1,0,1,0,0
0,13.384015126746252,6.457992436626874,0,0,1,1,0
1,12.829145704813952,6.983417180744199,1,1,1,0,0
0,13.307479537274409,6.7616803084837285,1,0,0,1,0
1,12.802654390366069,6.846018414450899,1,1,1,0,0
1,14.189807152278668,6.138347125898398,1,0,1,0,0
0,13.750487822619911,6.629902435476017,1,0,0,1,0
0,13.485850218568274,6.407074890715864,0,0,1,1,0
1,12.9,7.050491120512096,1,1,1,0,0
0,13.059360332011387,6.927093111992408,1,0,0,1,0
1,11.9,5.284203003215206,0,1,1,1,0
0,13.338636462483532,6.384090612549405,0,0,1,1,0
1,13.066476347521716,6.577841217492761,1,1,0,0,0
1,12.600072246554754,7.0,1,0,0,1,0
1,13.960324147417069,6.3,1,0,0,0,0
1,11.97195171598985,7.04878068639594,0,1,1,0,0
1,12.51413031036074,5.120652187737695,1,0,1,1,0
1,12.305719155525503,7.097140422237247,1,0,0,1,0
1,12.242809999163882,6.954280999916389,1,0,0,1,0
0,13.318501663552146,6.537003327104292,0,0,0,1,0
0,13.204298588827305,6.765233803724232,1,0,0,1,0
0,11.59212072517634,6.59212072517634,0,1,1,1,0
0,13.418274049570748,6.4408629752146265,0,0,1,1,0
1,11.95816297716284,7.043265190865137,0,1,1,0,0
1,11.851406720515048,6.950468906838349,1,0,0,1,0
0,12.55413789434973,5.796494210074683,1,1,0,1,0
0,14.371506921906276,5.915829487829847,0,0,1,1,0
1,13.985948240824657,6.3,1,0,0,0,0
1,11.9,5.492110694606984,0,1,1,1,0
1,13.27253270429722,6.6,1,1,0,0,0
1,12.601451510161606,7.0,1,0,0,1,0
0,14.131414765907207,5.858787343508107,0,0,1,1,0
0,13.568951790991148,6.361693449449363,0,0,1,1,0
1,12.03785495771954,5.268927478859769,0,1,1,1,0
1,12.932949205439456,6.689401059414057,1,1,0,0,0
0,13.41753340994824,6.235066819896478,0,0,1,1,0
0,13.877180817204394,6.190455101553114,0,0,1,1,0
1,12.480526552651616,7.009736723674192,1,0,0,1,0
1,13.81781338675944,6.327395537746853,1,1,0,0,0
1,12.00968499630449,5.254842498152245,0,1,1,1,0
1,12.89713205689544,6.857169857761401,1,1,0,0,0
0,13.330095930906356,6.746602712729096,1,0,0,1,0
1,12.894470278936463,6.863824302658843,1,1,0,0,0
1,12.70909885849428,6.98786818867429,1,1,0,0,0
1,12.6218980996959,7.0,1,0,0,1,0
0,13.42470975779312,6.437645121103441,0,0,1,1,0
0,14.262430288209226,6.408286858806151,1,0,1,0,0
0,14.255328061021022,6.4035520406806805,1,0,1,0,0
1,14.283081506308145,5.970453288645339,1,0,1,0,0
1,13.047563989829555,6.584145336723481,1,1,0,0,0
1,12.016759362818298,6.519888764618041,1,0,0,1,0
1,12.381506969576286,6.985188371197036,1,0,0,1,0
0,13.366551939187596,6.633103878375189,0,0,0,1,0
0,13.423661330195396,6.438169334902303,0,0,1,1,0
1,13.16129423843126,6.6,1,1,0,0,0
0,13.739028460030571,6.195118462830939,0,0,1,1,0
1,11.9,5.540391233407753,0,1,1,1,0
0,12.218784571128198,5.743646286615402,1,1,0,1,0
1,12.924457503354256,6.700723328860994,1,1,0,0,0
1,11.679932431644607,5.660118244621936,1,1,1,0,0
1,12.989545577823495,6.610454422176504,1,1,0,0,0
0,13.038545989437267,6.369272994718633,0,0,1,1,0
1,14.45189036839652,5.666597336886262,1,0,1,0,0
1,14.159561661084211,6.478684983252636,1,0,1,0,0
1,14.045985121571462,6.3,1,0,0,0,0
0,13.30236343941039,6.602363439410389,1,0,0,1,0
0,13.305504724817768,6.511009449635533,0,0,0,1,0
0,13.35615329194352,6.612306583887037,0,0,0,1,0
1,11.82531614159722,5.20843871386574,1,0,1,1,0
0,13.380088171215537,6.259735486353391,0,0,1,1,0
0,13.8969994634931,6.179444742503835,0,0,1,1,0
0,14.234467772771351,6.389645181847569,1,0,1,0,0
0,13.596192749026567,6.660761450194687,1,0,0,1,0
1,12.7,5.694910368503256,1,0,1,1,0
1,13.959126797019367,6.3,1,0,0,0,0
1,12.41912049333338,5.1312088340740685,1,0,1,1,0
1,11.850700342163364,5.250700342163363,1,0,1,1,0
0,13.306211790085998,6.512423580171994,0,0,0,1,0
0,13.408303954790682,6.216607909581365,0,0,1,1,0
1,14.180826020773818,6.580826020773817,1,1,0,0,0
1,11.968287141490814,5.163425717018373,1,1,1,0,0
0,14.208006973292315,6.5,0,0,1,1,0
0,13.37636355792943,6.652727115858861,0,0,0,1,0
1,11.777804121712606,5.233293817431093,1,0,1,1,0
0,13.481410097376417,6.362820194752828,0,0,1,1,0
1,13.944589340986704,6.3,1,0,0,0,0
1,12.792683994098558,6.628455996065706,1,1,1,0,0
0,13.355056677048523,6.472471661475738,0,0,1,1,0
1,11.746001306753673,6.915333768917892,1,0,0,1,0
1,14.099524393813525,6.3,1,0,0,0,0
1,12.582937142631511,5.113006984152054,1,0,1,1,0
0,12.2,5.9039330211252885,1,1,0,1,0
1,13.075384339254992,6.629846264298004,1,1,0,0,0
0,13.197197615229667,6.767600794923444,1,0,0,1,0
0,13.645441448764457,6.5,0,0,1,1,0
0,12.286553389980847,5.5806796601149085,1,1,0,1,0
1,12.095315915993986,5.319885121456732,1,0,1,1,0
0,13.58597265562226,6.409552517291362,0,0,1,1,0
0,14.158542704958151,5.835534824321583,0,0,1,1,0
1,12.9,6.926910948559143,1,1,1,0,0
1,12.107278350216856,6.940727835021686,1,0,0,1,0
0,13.050034832949924,6.933310111366717,1,0,0,1,0
0,12.522413394960733,6.992528868346422,1,0,0,1,0
1,12.36300374411488,6.966300374411488,1,0,0,1,0
1,11.809413193018566,5.209413193018565,1,0,1,1,0
0,14.149011167013008,6.039438240548329,0,0,1,1,0
0,14.22268986641119,6.480298874045688,0,0,1,1,0
0,13.050805847102769,6.375402923551383,0,0,1,1,0
0,13.42453644967804,6.249072899356079,0,0,1,1,0
0,13.26629049214768,6.744569835950774,1,0,0,1,0
1,11.96690061041153,5.283274847397117,1,0,1,1,0
1,12.138767788521674,6.373478653773989,1,0,0,1,0
0,13.020007951929244,6.360003975964622,0,0,1,1,0
0,13.678519314055269,6.5,0,0,1,1,0
0,14.39344418119146,6.4956294541276405,1,0,1,0,0
0,12.275213085586158,5.57436074324153,1,1,0,1,0
1,12.202090151934891,6.962761268991862,1,0,0,1,0
1,13.477223249230503,6.4409255835898325,1,1,0,0,0
0,13.419698942002656,6.4401505289986725,0,0,1,1,0
0,13.195767516672298,6.495767516672298,1,0,0,1,0
0,12.2,5.923444473726685,1,1,0,1,0
0,12.82476018891474,6.891746603695087,1,0,0,1,0
1,12.772033607238972,6.891949589141541,1,1,1,0,0
0,13.348372637722091,6.5967452754441815,0,0,0,1,0
0,13.392351022674587,6.684702045349174,0,0,0,1,0
1,13.902047503230076,6.302047503230076,1,1,0,0,0
0,13.310506762133418,6.521013524266836,0,0,0,1,0
0,13.2182596478232,6.760580117392267,1,0,0,1,0
1,14.123740293072103,6.371220879216313,1,0,1,0,0
0,14.334555656859644,6.456370437906429,1,0,1,0,0
1,12.137222209974764,6.954652776246846,1,0,0,1,0
1,11.965457297761048,5.283635675559738,1,0,1,1,0
0,13.40655895760936,6.213117915218719,0,0,1,1,0
1,14.286586845915478,5.96414367735214,1,0,1,0,0
1,12.10203246682958,5.299322511056806,1,0,1,1,0
1,12.498467196004588,7.000766401997706,1,0,0,1,0
0,13.054778955813774,6.930147362790818,1,0,0,1,0
0,11.987121056018967,6.964520176003162,0,1,1,0,0
1,11.518875133741338,7.062249732517324,0,1,1,0,0
0,13.44203866052302,6.284077321046039,0,0,1,1,0
1,12.33057419254816,5.223141935817281,1,0,1,1,0
1,12.834824651281805,6.820233798290928,1,1,0,0,0
1,11.881950404995534,5.241659514005359,1,1,1,0,0
1,11.786274086622932,5.222876522295116,1,0,1,1,0
1,12.106228755056172,7.035409585018724,1,0,0,1,0
1,12.682274533913748,5.105908488695417,1,0,1,1,0
0,11.524611478852709,6.413859824015526,0,1,1,1,0
1,13.594368332743755,6.401877222418747,1,1,0,0,0
0,13.320984202943055,6.54196840588611,0,0,0,1,0
1,12.976593393681606,6.669362642527358,1,1,0,0,0
0,13.198716626540914,6.767094457819695,1,0,0,1,0
0,14.14538153322301,6.330254355482007,1,0,1,0,0
1,12.981117646635225,5.250941176405418,1,1,1,0,0
1,13.91813881728566,6.3,1,0,0,0,0
1,12.416261599863438,7.041869200068281,1,0,0,1,0
1,12.858518287524117,6.865926849903544,1,1,1,0,0
1,12.797089290646776,6.8543660640298345,1,1,1,0,0
0,14.214854200511311,6.376569467007541,1,0,1,0,0
1,13.191393452695957,6.6,1,1,0,0,0
0,12.360873325278629,5.545654993958971,1,1,0,1,0
1,11.531956215479324,7.036087569041353,0,1,1,0,0
1,11.858408326891466,5.258408326891464,1,0,1,1,0
1,12.964460459398714,6.688848851503214,1,1,0,0,0
0,11.512776572498131,6.512776572498132,0,1,1,1,0
1,12.7,5.280944224675104,1,0,1,1,0
0,14.291282506798312,6.5,0,0,1,1,0
1,12.56765948871814,7.0,1,0,0,1,0
1,14.33663113759244,5.87406395233361,1,0,1,0,0
1,14.100527778227486,6.30158333468246,1,0,1,0,0
1,12.093602643689964,5.287205287379928,1,1,1,0,0
0,13.824244246742865,6.219864307365076,0,0,1,1,0
0,13.358002290766288,6.470998854616857,0,0,1,1,0
0,13.085484834324376,6.385484834324377,1,0,0,1,0
0,11.61795610628801,6.617956106288011,0,1,1,1,0
0,11.79509838136184,6.721323786021379,0,1,1,1,0
1,12.01350756579278,6.523790921048664,1,0,0,1,0
1,12.9,6.752873572135239,1,1,1,0,0
1,12.7,5.474255245822273,1,0,1,1,0
0,13.189388896353924,6.444694448176962,0,0,1,1,0
0,13.394287406298124,6.694287406298125,1,0,0,1,0
0,14.321317186986702,6.447544791324468,1,0,1,0,0
0,13.386777174183807,6.239668477448577,0,0,1,1,0
0,14.317961980701355,6.5164076038597285,1,0,0,1,0
1,12.51695951332424,5.161013495558586,1,0,1,1,0
0,12.976449133641037,6.98236724423931,1,0,0,1,0
0,13.027117842974922,6.824294052341693,1,0,0,1,0
1,12.791615111914478,6.877846517447362,1,1,0,0,0
1,13.47105500218967,6.471577999124132,1,1,0,0,0
0,14.234578190910645,6.481619798990072,0,0,1,1,0
1,13.93003710961596,6.330037109615961,1,1,0,0,0
0,11.59231790813661,6.481536418372678,0,1,1,1,0
1,12.877785610315826,6.685190406877218,1,1,1,0,0
1,11.9,5.216285399528784,0,1,1,1,0
1,14.309938154468352,5.922111321956966,1,0,1,0,0
1,14.178437735012883,6.535313205038655,1,0,1,0,0
0,13.064057944826704,6.811980685057765,1,0,0,1,0
0,13.432205154485892,6.264410308971784,0,0,1,1,0
0,12.530098075915117,6.989967308028295,1,0,0,1,0
0,12.794193833162929,6.901935388945691,1,0,0,1,0
0,13.948339789498863,6.015708751858115,0,0,1,1,0
0,12.869283780738364,6.876905406420545,1,0,0,1,0
0,13.460439988309489,6.320879976618977,0,0,1,1,0
1,11.594855378992376,6.910289242015246,0,1,1,0,0
1,14.328252362940509,5.889145746707087,1,0,1,0,0
0,11.689188370840686,6.689188370840686,0,1,1,1,0
0,13.484739175932033,6.407630412033984,0,0,1,1,0
1,14.178463204492704,6.14307359101459,1,0,1,0,0
0,12.208853558180726,5.955732209096364,1,1,0,1,0
1,11.817273653186575,5.36545269362685,0,1,1,1,0
0,12.83067552048507,6.889774826504977,1,0,0,1,0
0,12.991490953516749,6.345745476758373,0,0,1,1,0
1,12.23626146274452,5.151526504139498,1,0,1,1,0
0,13.835657797406505,6.6128684405187,1,0,0,1,0
0,13.460197000795176,6.419901499602413,0,0,1,1,0
1,13.905039942763954,6.3,1,0,0,0,0
1,12.614945937506112,7.0,1,0,0,1,0
0,12.263864795506263,5.716811226962423,1,1,0,1,0
0,11.565508292868602,6.762033171474409,0,1,1,0,0
1,12.218010610574574,5.260663129808475,1,0,1,1,0
0,13.384587242977696,6.669174485955387,0,0,0,1,0
0,12.2,5.813408495079115,1,1,0,1,0
1,11.788698126930454,5.216952809604321,1,0,1,1,0
0,13.208202418240134,6.763932527253289,1,0,0,1,0
1,14.156811654576655,6.47043496372997,1,0,1,0,0
1,12.9,6.729538567070105,1,1,1,0,0
1,11.64493565240695,5.432596521389574,1,0,1,1,0
1,13.186549560559827,6.6,1,1,0,0,0
1,13.041218050326124,6.6,1,1,0,0,0
1,13.533522302820913,6.42215923239303,1,1,0,0,0
0,13.527106193261302,6.5,0,0,1,1,0
1,13.962511740694053,6.3,1,0,0,0,0
0,12.831896670694912,7.078735552870059,1,0,0,1,0
1,13.201153982435182,6.6,1,1,0,0,0
1,13.450061707246943,6.479975317101222,1,1,0,0,0
0,13.476153413029753,6.411923293485124,0,0,1,1,0
0,13.48105737645406,6.362114752908117,0,0,1,1,0
1,11.73393415464911,5.419279014421068,1,1,1,0,0
0,12.337741582685195,5.8,1,1,0,1,0
1,11.904087614393609,5.291824771212784,1,1,1,0,0
0,13.419393375282,6.440303312359001,0,0,1,1,0
1,12.305224404999183,7.097387797500407,1,0,0,1,0
1,14.164817243282338,6.564817243282337,1,1,0,0,0
1,11.58358287149558,6.932834257008838,0,1,1,0,0
0,13.975159526827966,6.452795502980885,0,0,1,1,0
1,13.93572428140592,6.3,1,0,0,0,0
0,13.378956251682098,6.6579125033641935,0,0,0,1,0
1,12.342225131841971,5.15265002028338,1,1,1,0,0
0,13.4895546367438,6.68208907265124,1,0,0,1,0
0,11.524399536830774,6.597598147323095,0,1,1,0,0
1,12.970457595576978,6.673856011057554,1,1,0,0,0
0,13.99298679354007,5.977439891251368,0,0,1,1,0
1,14.199486359287498,6.120924553282503,1,0,1,0,0
1,12.597112640793,5.137413585166181,1,0,1,1,0
0,14.00838969684666,5.964237402702864,0,0,1,1,0
0,14.327557820842664,6.451705213895108,1,0,1,0,0
1,12.301548534503317,5.146392082231279,1,1,1,0,0
1,13.58786120833673,6.424855516665309,1,1,0,0,0
0,12.65008098389495,6.94997300536835,1,0,0,1,0
1,11.57145361971067,6.957092760578661,0,1,1,0,0
0,12.679131711708964,6.940289429430345,1,0,0,1,0
1,12.94993914925489,6.66674780099348,1,1,0,0,0
1,12.803421624956345,7.086313500174624,1,1,1,0,0
1,11.9,5.93725008343548,0,1,1,1,0
0,12.982138678070626,6.978574214619583,1,0,0,1,0
1,11.617628414316872,6.982371585683127,1,0,0,1,0
1,12.019104967379292,5.270223758155177,1,0,1,1,0
1,11.69675628959816,5.4648158946915775,1,0,1,1,0
1,12.424343541635237,5.2002387121326406,1,0,1,1,0
0,13.31469078900722,6.455927632978338,0,0,1,1,0
0,12.400996008726656,5.8,1,1,0,1,0
0,13.365465362324034,6.3036039130279,0,0,1,1,0
0,13.396686850653738,6.209939448038786,0,0,1,1,0
1,11.75255592227715,5.279073462871419,1,0,1,1,0
1,12.450110467327791,5.127765503630245,1,0,1,1,0
0,13.553795102694403,6.353889911976226,0,0,1,1,0
1,14.029712858466754,6.225878366590426,1,1,0,0,0
1,11.928702184543496,6.92287021845435,1,0,0,1,0
1,13.917401353462129,6.3,1,0,0,0,0
1,12.311624740389863,5.143152806623348,1,0,1,1,0
0,13.406181496323711,6.212362992647421,0,0,1,1,0
1,13.7568163893961,6.3477278702013,1,1,0,0,0
0,13.759845269557864,6.177275483236116,0,0,1,1,0
1,12.821130714936018,7.015477140255932,1,1,1,0,0
0,13.361500592995316,6.623001185990634,0,0,0,1,0
1,11.760995288588097,5.47800942282381,0,1,1,1,0
1,12.9,6.858156991134851,1,1,1,0,0
1,11.760777794056455,5.478444411887091,0,1,1,1,0
0,13.898335902366524,6.058569226542979,0,0,1,1,0
1,12.168258518404064,6.958532314800508,1,0,0,1,0
0,12.2,5.835845328742789,1,1,0,1,0
1,12.841641950121982,6.933432199512073,1,1,1,0,0
0,13.485557101560882,6.371114203121763,0,0,1,1,0
0,13.391830189777782,6.4540849051111095,0,0,1,1,0
1,12.050305097008726,5.283435032336242,1,0,1,1,0
0,13.322683398414275,6.5453667968285485,0,0,0,1,0
1,12.66619806211352,7.0,1,0,0,1,0
0,13.882829066139124,6.187317185478264,0,0,1,1,0
0,12.859166830678657,7.060555446214229,1,0,0,1,0
1,12.7,5.628744227323924,1,0,1,1,0
0,13.385872733328204,6.457063633335899,0,0,1,1,0
1,11.71785654203021,6.9471426168120844,0,1,1,0,0
1,14.239482485872928,6.021035028254143,1,0,1,0,0
1,14.401148844769148,5.757932079415533,1,0,1,0,0
1,12.950172551960195,6.649827448039804,1,1,0,0,0
0,13.411587828512902,6.223175657025802,0,0,1,1,0
1,12.117450739726095,6.952181342465762,1,0,0,1,0
0,14.264268407431306,6.409512271620871,1,0,1,0,0
0,13.137811534312524,6.874792310458318,1,0,0,1,0
0,13.32649165414652,6.48675417292674,0,0,1,1,0
0,13.354926363349277,6.715024545550242,1,0,0,1,0
1,11.572954749003708,7.027045250996292,1,0,0,1,0
1,11.72137654825988,6.948550619303952,0,1,1,0,0
1,12.067682147771002,5.283841073885501,0,1,1,1,0
0,13.359614990761854,6.470192504619074,0,0,1,1,0
0,12.210179078385382,5.769462764843851,1,1,0,1,0
1,14.156409140166868,6.187181719666262,1,0,1,0,0
1,11.636132618427013,6.914453047370805,0,1,1,0,0
1,13.625379843289998,6.3915400522366665,1,1,0,0,0
0,13.473673202853917,6.5,0,0,1,1,0
1,12.837015610332545,6.951937558669832,1,1,1,0,0
0,13.045995825573698,6.818001391475434,1,0,0,1,0
1,12.5084938323894,7.0,1,0,0,1,0
1,13.115832117743174,6.6,1,1,0,0,0
1,11.7839443278916,6.79926680653008,1,0,0,1,0
0,13.455930318813849,6.311860637627696,0,0,1,1,0
0,12.944204878185673,6.322102439092836,0,0,1,1,0
0,12.249324554140324,5.804052675158065,1,1,0,1,0
1,14.036619126035106,6.3,1,0,0,0,0
0,13.736378672674812,6.197389709135876,0,0,1,1,0
1,12.660765899444028,7.0,1,0,0,1,0
0,13.39097586823326,6.681951736466517,0,0,0,1,0
0,13.658640162290368,6.311866576505352,0,0,1,1,0
0,13.275066600736624,6.487533300368312,0,0,1,1,0
0,12.804885922851376,7.096742718099083,1,0,0,1,0
0,13.017693349971308,6.8274355500095645,1,0,0,1,0
0,13.745550001372614,6.189528570252046,0,0,1,1,0
1,12.9,7.004919728192766,1,1,1,0,0
0,13.012816081836531,6.95812261210898,1,0,0,1,0
1,11.64566342042328,5.457227632627869,1,0,1,1,0
0,13.159094659715295,6.860603560189803,1,0,0,1,0
1,11.976143296891324,6.5686280437304125,1,0,0,1,0
0,11.578420386756052,6.921579613243948,0,1,1,0,0
1,12.167491032018033,5.277502989327323,1,0,1,1,0
0,13.339099502013331,6.740600331991112,1,0,0,1,0
0,13.478209386742346,6.356418773484694,0,0,1,1,0
1,12.333319862090123,7.083340068954938,1,0,0,1,0
1,12.549342740044798,7.0,1,0,0,1,0
1,11.918170823319606,6.972723607773203,1,0,0,1,0
1,11.75081351490165,5.386483106372939,0,1,1,1,0
0,13.390987145973185,6.681974291946365,0,0,0,1,0
1,11.9,5.23827963474832,0,1,1,1,0
1,12.177231748730172,6.959653968591272,1,0,0,1,0
0,14.359838238482904,6.473225492321936,1,0,1,0,0
1,11.976563581206438,5.146872837587124,1,1,1,0,0
1,11.889391092239396,5.289391092239394,1,0,1,1,0
1,13.930199915955804,6.330199915955803,1,1,0,0,0
1,12.423304040747482,6.990413005093435,1,0,0,1,0
1,12.7,5.267006740706691,1,0,1,1,0
1,11.763366191132448,6.823960570641061,1,0,0,1,0
0,14.209741384958294,6.373160923305528,1,0,1,0,0
1,11.883843096862249,5.283843096862248,1,0,1,1,0
1,14.23160111596009,6.036797768079818,1,0,1,0,0
1,12.53299227533576,6.983299227533577,1,0,0,1,0
1,12.63788029824725,7.0,1,0,0,1,0
1,11.782005446197276,5.22999092300454,1,0,1,1,0
1,12.826287464555309,6.831616713926257,1,1,0,0,0
1,13.569671941940571,6.410109352686476,1,1,0,0,0
1,14.48198489838336,5.612427182909948,1,0,1,0,0
0,11.6191917232422,6.903198620540367,0,1,1,0,0
0,12.220027116504138,5.899864417479307,1,1,0,1,0
0,13.510071552560554,6.401119061395617,0,0,1,1,0
1,13.922617657786166,6.3,1,0,0,0,0
1,11.823911282134455,5.223911282134457,1,0,1,1,0
0,13.420753299945687,6.241506599891378,0,0,1,1,0
1,14.103221289231469,6.293557421537064,1,0,1,0,0
1,12.045749699319495,6.943218712414938,1,0,0,1,0
1,14.099318024442704,6.4993180244427045,1,1,0,0,0
1,12.904597320000931,6.695402679999069,1,1,0,0,0
1,12.955136267881182,6.644863732118819,1,1,0,0,0
1,11.950235642346769,5.225117821173384,0,1,1,1,0
0,13.461612543736734,6.419193728131633,0,0,1,1,0
1,14.235673315785556,6.028653368428887,1,0,1,0,0
1,12.022955559770685,5.145911119541366,1,1,1,0,0
0,13.402355552100856,6.204711104201714,0,0,1,1,0
0,13.04773332376518,6.934844450823213,1,0,0,1,0
1,14.444940673238508,5.679106788170685,1,0,1,0,0
1,12.035152981617223,7.074061192646889,0,1,1,0,0
1,12.55841767243716,5.151484482750123,1,0,1,1,0
0,13.999636481863314,6.580072703627337,1,0,0,1,0
1,11.581772441583428,6.936455116833143,0,1,1,0,0
1,13.974329196425948,6.3,1,0,0,0,0
1,11.601678124386194,6.998321875613806,1,0,0,1,0
0,14.360531564817984,6.495614618313109,0,0,1,1,0
1,12.042684356694055,5.264328910826486,1,0,1,1,0
1,12.354029350609178,7.072985324695411,1,0,0,1,0
1,12.62483923449282,7.0,1,0,0,1,0
0,11.506214458822493,6.506214458822493,0,1,1,1,0
1,11.9,5.291718114506433,0,1,1,1,0
1,12.7,5.205901192209096,1,0,1,1,0
0,13.372456090905567,6.718362606062954,1,0,0,1,0
0,13.855523299618245,6.0952657431843615,0,0,1,1,0
0,11.526317245977236,6.605268983908951,0,1,1,0,0
1,13.897778347312604,6.300740550895799,1,1,0,0,0
0,13.4798732278758,6.410063386062101,0,0,1,1,0
0,11.619995479291358,6.080015822480246,0,1,1,1,0
0,14.395203325299764,5.90266481927791,0,0,1,1,0
0,12.89517198770401,6.868276004098664,1,0,0,1,0
1,12.163164398125303,5.159648400208299,1,0,1,1,0
1,14.170448184954989,6.17319326708102,1,0,1,0,0
1,11.500119656830153,7.099760686339698,0,1,1,0,0
0,12.945730736469937,6.851423087843355,1,0,0,1,0
1,14.436430765841196,5.694424621485847,1,0,1,0,0
0,11.707692418515908,6.917948736419318,0,1,1,0,0
0,13.376865625901305,6.7077114580328985,1,0,0,1,0
0,13.204062688596183,6.452031344298092,0,0,1,1,0
1,12.04289512174455,6.942861890218069,1,0,0,1,0
0,13.012021778745698,6.356010889372849,0,0,1,1,0
1,12.366801750534048,5.183299562366488,1,0,1,1,0
0,14.334133431474577,6.456088954316384,1,0,1,0,0
0,13.132934980928738,6.789021673023754,1,0,0,1,0
0,11.664710068070717,6.467057986385857,0,1,1,1,0
1,12.678657553570506,7.0,1,0,0,1,0
1,13.178529345124916,6.6,1,1,0,0,0
0,13.307829577444547,6.515659154889097,0,0,0,1,0
0,13.771507592112888,6.167279206760382,0,0,1,1,0
0,12.72255695417653,5.992983113205952,1,1,0,1,0
1,11.7522034324893,6.906525429061163,1,0,0,1,0
1,13.208406878898494,6.530531040367168,1,1,0,0,0
1,12.9,6.876688996486772,1,1,1,0,0
0,14.142172446698376,6.471352494077597,0,0,1,1,0
0,13.344905907393889,6.589811814787777,0,0,0,1,0
0,13.18113802060632,6.481138020606322,1,0,0,1,0
1,12.765901420944193,6.901147868583712,1,1,1,0,0
1,12.7744561266428,6.616304084428534,1,1,1,0,0
1,14.272474100949076,5.955051798101848,1,0,1,0,0
1,14.072916355061407,6.472916355061409,1,1,0,0,0
0,12.2,5.904538999801829,1,1,0,1,0
1,11.697197897921589,5.371336836797353,1,0,1,1,0
1,14.21210332852249,6.075793342955019,1,0,1,0,0
0,13.41355930734664,6.227118614693281,0,0,1,1,0
1,12.831538392371453,7.021154019071369,1,1,0,0,0
0,13.336505317039704,6.573010634079407,0,0,0,1,0
0,12.23232753792701,5.906034772437946,1,1,0,1,0
0,13.337919747822683,6.575839495645369,0,0,0,1,0
0,12.378378779028878,5.558784084271658,1,1,0,1,0
0,14.107334551486792,6.5,0,0,1,1,0
1,12.68603812548443,7.0,1,0,0,1,0
0,14.268141638252926,6.5,0,0,1,1,0
1,13.97865166968873,6.3,1,0,0,0,0
0,13.240894871859629,6.470447435929814,0,0,1,1,0
0,12.305925650449865,5.8,1,1,0,1,0
0,14.286423252250325,6.424282168166881,1,0,1,0,0
0,14.361301069395733,6.507739786120854,1,0,0,1,0
0,13.438002358632977,6.27600471726595,0,0,1,1,0
0,13.328141104256614,6.485929447871693,0,0,1,1,0
0,12.865293752502971,7.056470831664686,1,0,0,1,0
0,13.691265385557458,6.23605824095075,0,0,1,1,0
1,11.957450257705052,7.042980103082021,0,1,1,0,0
1,11.939124744239056,6.613050306913132,1,0,0,1,0
0,12.197254699888104,6.999542449981351,0,1,1,0,0
0,12.99394640223035,6.29394640223035,1,0,0,1,0
0,11.59098466004856,6.863938640194241,0,1,1,0,0
1,11.849141464577189,5.301717070845624,0,1,1,1,0
0,13.454051784225037,6.422974107887483,0,0,1,1,0
1,14.204407448829643,6.112066592106641,1,0,1,0,0
1,11.87502656558942,5.24994686882116,0,1,1,1,0
1,11.554490259538612,5.609182900768981,1,0,1,1,0
0,12.637174560807551,6.049814034747173,1,1,0,1,0
1,12.916665571939436,6.711112570747419,1,1,0,0,0
1,14.148830398146192,6.212105283336854,1,0,1,0,0
0,13.188808609446356,6.444404304723177,0,0,1,1,0
0,13.487089170910654,6.4064554145446735,0,0,1,1,0
0,13.315549566307034,6.531099132614068,0,0,0,1,0
0,13.435963408952636,6.5,0,0,1,1,0
0,13.55604684186246,6.5,0,0,1,1,0
1,14.127884028046182,6.383652084138548,1,0,1,0,0
1,14.130997062527555,6.168001678555682,1,1,0,0,0
0,12.264737916563613,5.711572500618336,1,1,0,1,0
1,12.180915682577607,7.060305227525869,1,0,0,1,0
0,13.369176053076329,6.292471840771017,0,0,1,1,0
0,13.389756419620706,6.455121790189647,0,0,1,1,0
1,13.942584776474344,6.3,1,0,0,0,0
0,13.40461560894421,6.209231217888421,0,0,1,1,0
1,11.74216224585527,6.956864898342109,0,1,1,0,0
0,13.39521354197847,6.214359374064593,0,0,1,1,0
1,12.776785748489456,6.617857165659639,1,1,1,0,0
0,13.344126220150638,6.367621339548086,0,0,1,1,0
1,12.818705037592114,6.841726616543848,1,1,0,0,0
0,13.022838710141237,6.825720429952921,1,0,0,1,0
1,11.972931901800605,6.572481717839274,1,0,0,1,0
1,12.626011881338716,7.0,1,0,0,1,0
1,14.047092212422346,6.3,1,0,0,0,0
0,12.966689648384444,6.988873567743704,1,0,0,1,0
0,11.504586433750935,6.504586433750936,0,1,1,1,0
1,11.890317573741411,6.963439191247137,1,0,0,1,0
0,12.867804598244376,6.877398467251875,1,0,0,1,0
1,14.01956852863661,6.3,1,0,0,0,0
0,12.256067155372694,5.631798533881918,1,1,0,1,0
0,11.57742330571688,6.809693222867524,0,1,1,0,0
0,12.701753583456735,6.932748805514421,1,0,0,1,0
0,13.093614890882565,6.904256739411624,1,0,0,1,0
0,12.31288629209602,5.509664719072015,1,1,0,1,0
1,12.090618374595724,5.295309187297862,0,1,1,1,0
0,13.35106786687588,6.47446606656206,0,0,1,1,0
1,12.01321269274588,5.25660634637294,0,1,1,1,0
1,12.090529753340617,6.948816219167577,1,0,0,1,0
0,12.026631680916932,6.971105280152822,0,1,1,0,0
1,12.563560123775718,7.0,1,0,0,1,0
0,11.8695877123378,6.4260824575324405,0,1,1,1,0
1,13.262346716118104,6.555061313552759,1,1,0,0,0
0,13.314191073972935,6.457426778081197,0,0,1,1,0
0,13.038697889172663,6.369348944586332,0,0,1,1,0
1,12.956036699019805,6.65861773464026,1,1,0,0,0
1,12.912071582011215,6.717237890651712,1,1,0,0,0
1,12.383975453722304,5.205341515425898,1,0,1,1,0
1,12.036565016781353,6.496121979862377,1,0,0,1,0
1,11.98952618142768,6.936190772678461,1,0,0,1,0
0,13.233095648074809,6.81126956795013,1,0,0,1,0
1,12.082010475739583,5.324723463367423,1,0,1,1,0
1,14.094424322444713,6.494424322444711,1,1,0,0,0
0,13.735300528336763,6.269277484257353,0,0,1,1,0
1,12.082080711710942,6.947760088963868,1,0,0,1,0
1,14.126970878075792,6.380912634227381,1,0,1,0,0
1,13.996330906733656,6.244953767580768,1,1,0,0,0
0,12.834724289722375,6.162699594127073,1,1,0,1,0
1,14.19205542704227,6.115889145915461,1,0,1,0,0
1,12.0518513763219,6.477778348413718,1,0,0,1,0
0,12.987791583542847,6.287791583542847,1,0,0,1,0
1,12.54699470849048,7.0,1,0,0,1,0
1,11.503262393440105,7.093475213119794,0,1,1,0,0
1,12.471943332678652,5.176018889107115,1,0,1,1,0
0,13.087552783168285,6.908298144554477,1,0,0,1,0
1,11.937994723293878,5.208509234235712,1,1,1,0,0
1,12.11022442354214,6.951278052942768,1,0,0,1,0
1,11.85482971033087,6.951609903443623,1,0,0,1,0
1,11.587111779513616,5.554813700810644,1,0,1,1,0
1,13.950302247531942,6.3,1,0,0,0,0
0,11.58833644044363,6.482332711911274,0,1,1,1,0
1,12.822749884253913,7.043125289365218,1,1,0,0,0
0,11.503665405915294,6.514661623661175,0,1,1,0,0
1,12.105441665959534,6.413470000848559,1,0,0,1,0
1,12.05919630687122,5.2183926137424415,1,1,1,0,0
0,13.515236254503249,6.401692917167027,0,0,1,1,0
0,13.729286973840043,6.634142605231991,1,0,0,1,0
0,13.3591554827552,6.618310965510396,0,0,0,1,0
1,11.59262697829695,5.584216277128812,0,1,1,1,0
0,14.122654559418468,6.315103039612311,1,0,1,0,0
1,11.840538277670705,5.213512759223567,1,0,1,1,0
1,12.557548123441824,5.147483958852725,1,0,1,1,0
0,14.187052207001486,6.01830432944362,0,0,1,1,0
1,12.928828230971153,6.688468707611539,1,1,0,0,0
1,11.78286775668814,5.36055869197423,1,1,1,0,0
0,13.316153955994729,6.451538132015815,0,0,1,1,0
0,11.502181710859572,6.508726843438292,0,1,1,0,0
0,13.36230740360749,6.624614807214979,0,0,0,1,0
1,11.991912833157416,5.116174333685167,1,1,1,0,0
1,11.955628075046333,5.188743849907335,1,1,1,0,0
0,13.281523445709569,6.739492184763479,1,0,0,1,0
1,14.081950143726274,6.3,1,0,0,0,0
1,12.61509435222914,6.510062901486094,1,1,1,0,0
0,13.092298894644166,6.802567035118612,1,0,0,1,0
1,11.92488145171028,5.186124283143302,1,0,1,1,0
1,12.802129132757418,6.634752755171612,1,1,1,0,0
1,12.928798283775722,6.778004290560694,1,1,0,0,0
0,12.206256408120318,5.968717959398407,1,1,0,1,0
1,12.92397141053972,6.67602858946028,1,1,0,0,0
0,13.445763040203014,6.4271184798984935,0,0,1,1,0
1,14.062588563808662,6.3,1,0,0,0,0
0,12.274551745004,5.627241274980011,1,1,0,1,0
1,13.318906361499764,6.493697879500078,1,1,0,0,0
1,11.956793486009516,5.186413027980972,1,1,1,0,0
1,13.948827439724235,6.272098605871864,1,1,0,0,0
0,11.560132007724643,6.487973598455072,0,1,1,1,0
0,13.041426050865812,6.939049299422791,1,0,0,1,0
0,13.4483713300321,6.2967426600642025,0,0,1,1,0
0,14.265374990721917,6.4102499938146105,1,0,1,0,0
1,12.462103719453838,7.018948140273081,1,0,0,1,0
0,13.327077739589928,6.418766781230221,0,0,1,1,0
0,12.2,5.96554286922744,1,1,0,1,0
0,12.486465103464749,5.963694344836999,1,1,0,1,0
0,13.015196805109738,6.315196805109738,1,0,0,1,0
0,13.203805867024068,6.765398044325311,1,0,0,1,0
0,13.167445521882035,6.467445521882035,1,0,0,1,0
0,12.327694668504073,5.8,1,1,0,1,0
1,14.050619071143409,6.3,1,0,0,0,0
1,13.33523160080866,6.525907359676536,1,1,0,0,0
0,13.077367020466742,6.377367020466742,1,0,0,1,0
0,12.80171886499925,7.0988540900005,1,0,0,1,0
1,13.078369069308598,6.6,1,1,0,0,0
1,12.822148319137872,7.044629202155319,1,1,0,0,0
0,11.587189938803952,6.848759755215808,0,1,1,0,0
1,13.94221849433243,6.3,1,0,0,0,0
0,13.978392602886297,6.5,0,0,1,1,0
0,13.45887614615736,6.317752292314719,0,0,1,1,0
0,13.30220797840554,6.504415956811081,0,0,0,1,0
0,12.473542946133978,5.8,1,1,0,1,0
1,14.169578858898197,6.508736576694591,1,0,1,0,0
0,13.400713386957309,6.449643306521346,0,0,1,1,0
0,13.313815291451938,6.458554125644186,0,0,1,1,0
0,13.237719902762496,6.537719902762496,1,0,0,1,0
0,13.48541470641085,6.407292646794575,0,0,1,1,0
1,11.50577828209086,5.692777147386425,0,1,1,1,0
1,12.009537078575462,5.254768539287731,0,1,1,1,0
1,14.14626767905128,6.438803037153845,1,0,1,0,0
1,12.961087094196662,6.6389129058033385,1,1,0,0,0
1,14.558223218193122,5.475198207252381,1,0,1,0,0
0,13.39574898009561,6.691497960191219,0,0,0,1,0
1,12.081999435716572,5.2939998119055245,1,0,1,1,0
1,12.106971370428544,6.411634355485749,1,0,0,1,0
0,11.788581249082656,6.442283750183469,0,1,1,1,0
1,12.09266479233808,6.9490830990422605,1,0,0,1,0
1,12.587052767107815,7.0,1,0,0,1,0
1,12.64132051222288,5.11466987194428,1,0,1,1,0
0,13.09858450106902,6.39929225053451,0,0,1,1,0
1,12.887846418893188,6.880383952767032,1,1,0,0,0
0,13.428480881272066,6.435759559363968,0,0,1,1,0
0,13.313462594684308,6.493268702657846,0,0,1,1,0
1,12.450422985805288,5.162394253548678,1,0,1,1,0
0,13.32866979434721,6.4139906169583725,0,0,1,1,0
1,11.538529909133748,7.061470090866253,1,0,0,1,0
0,14.182942040878691,6.5434115918242615,1,0,0,1,0
1,12.540911404982882,5.117676510557457,1,0,1,1,0
0,13.358791007783449,6.617582015566898,0,0,0,1,0
0,13.395784340790849,6.6915686815816935,0,0,0,1,0
0,13.429149223090802,6.4354253884546,0,0,1,1,0
1,11.54738492052056,7.052615079479441,1,0,0,1,0
1,12.05306147358246,5.284353824527487,1,0,1,1,0
0,13.550100990711073,6.357056293676224,0,0,1,1,0
0,12.26896212758104,5.83940693004631,1,1,0,1,0
0,13.222831138031832,6.818112574645446,1,0,0,1,0
0,12.194784293930107,6.999130715655018,0,1,1,0,0
1,12.815859758719132,6.643906505812755,1,1,1,0,0
0,13.31666755547224,6.49166622226388,0,0,1,1,0
1,12.96704475650045,6.63295524349955,1,1,0,0,0
0,12.265260100372094,5.708439397767434,1,1,0,1,0
0,12.078369087476885,6.979728181246148,0,1,1,0,0
1,13.93773073968446,6.3,1,0,0,0,0
0,13.368215413993315,6.636430827986633,0,0,0,1,0
0,14.15213297987516,6.037703900069357,0,0,1,1,0
0,13.369407096384258,6.291778710847231,0,0,1,1,0
0,12.571675717477524,6.976108094174158,1,0,0,1,0
1,12.982908099011004,6.617091900988996,1,1,0,0,0
1,12.697771794946808,7.0,1,0,0,1,0
0,14.349812960101488,6.466541973400992,1,0,1,0,0
0,11.595080133335513,6.880320533342049,0,1,1,0,0
1,12.0341833871538,5.105258982639046,1,1,1,0,0
1,14.159986208615738,6.192024824491671,1,0,1,0,0
1,14.02069985899434,6.3,1,0,0,0,0
0,12.206929016991428,5.779212949025714,1,1,0,1,0
0,13.391290857110471,6.454354571444765,0,0,1,1,0
0,12.40553015821616,5.8,1,1,0,1,0
1,14.010377510753855,6.3,1,0,0,0,0
1,12.56488038489031,7.0,1,0,0,1,0
0,13.268681070142753,6.787545953238166,1,0,0,1,0
0,13.000103171906316,6.350051585953158,0,0,1,1,0
1,14.23780292367239,6.024394152655219,1,0,1,0,0
0,13.99684974799608,6.580630050400784,1,0,0,1,0
0,12.82254425116246,6.155739572092833,1,1,0,1,0
0,12.72366029836614,6.925446567211287,1,0,0,1,0
0,13.667557361726807,6.646488527654639,1,0,0,1,0
0,14.106095714656568,6.304063809771045,1,0,1,0,0
0,13.725094740609572,6.425010526734397,0,0,1,1,0
1,14.169838660035298,6.14580647997983,1,1,0,0,0
1,12.09378069368258,6.949222586710323,1,0,0,1,0
1,12.255446443446322,6.969430805430791,1,0,0,1,0
1,13.974966739715432,6.3,1,0,0,0,0
1,12.943682954692209,6.656317045307794,1,1,0,0,0
0,13.405302510932849,6.698939497813431,1,0,0,1,0
0,13.987524683731476,6.129152953482514,0,0,1,1,0
1,11.871787158480696,5.223929052826898,1,0,1,1,0
0,13.037375517864636,6.941749654756909,1,0,0,1,0
1,11.511311449501532,7.077377100996935,0,1,1,0,0
1,12.915461991926438,6.811345020183904,1,1,0,0,0
1,11.9,5.49884727819728,0,1,1,1,0
0,12.928412974420716,6.2284129744207135,1,0,0,1,0
1,11.97179560544842,6.573845273461896,1,0,0,1,0
0,12.369561764724711,5.552171323543533,1,1,0,1,0
0,12.28112966784716,5.8,1,1,0,1,0
0,14.351466864814892,6.494607429423877,0,0,1,1,0
1,12.864181477539171,6.781091363281103,1,1,0,0,0
0,14.152361141578506,6.3349074277190045,1,0,1,0,0
0,13.144972043718411,6.870018637521058,1,0,0,1,0
0,13.37306656870339,6.463466715648305,0,0,1,1,0
1,11.971657823828338,5.149598808300409,1,1,1,0,0
1,14.039245632516629,6.3,1,0,0,0,0
1,13.390359076717695,6.469880307760767,1,1,0,0,0
0,13.387593332049304,6.704135555983566,1,0,0,1,0
1,12.058423948299668,5.260394012925083,1,0,1,1,0
0,12.952812856068793,6.849062381310403,1,0,0,1,0
0,11.56143004911728,6.284994828089516,0,1,1,1,0
1,14.37843119784162,6.026610744090502,1,1,0,0,0
1,11.763257944400484,6.906325794440049,1,0,0,1,0
1,13.9613394540774,6.3,1,0,0,0,0
0,13.102065717930452,6.401032858965226,0,0,1,1,0
0,13.300458453134528,6.498624640596417,0,0,1,1,0
1,14.038425947626813,6.3,1,0,0,0,0
0,13.428531265039878,6.257062530079754,0,0,1,1,0
0,13.082280869633475,6.911812753577682,1,0,0,1,0
1,12.953928472451311,6.646071527548688,1,1,0,0,0
1,12.971804713466891,6.637593715377476,1,1,0,0,0
0,12.490462319555128,5.6428467396663455,1,1,0,1,0
0,12.2,5.829573093623269,1,1,0,1,0
1,12.318360418781822,5.238778029533883,1,0,1,1,0
0,13.39214822737882,6.684296454757636,0,0,0,1,0
0,12.435592252859928,5.658190961669915,1,1,0,1,0
1,14.205295579572676,6.08940884085465,1,0,1,0,0
1,12.251423955751404,6.955142395575141,1,0,0,1,0
1,11.511308071225267,7.077383857549464,0,1,1,0,0
1,11.749226869591483,6.906153358698936,1,0,0,1,0
1,11.6087757702767,5.496808810808473,1,0,1,1,0
1,12.112785132555771,5.165246096382692,1,0,1,1,0
0,14.334130251061332,6.5,0,0,1,1,0
0,13.063128610887428,6.381564305443713,0,0,1,1,0
1,12.011641391580042,5.255820695790021,0,1,1,1,0
1,11.684466464241355,6.933786585696542,0,1,1,0,0
0,13.333190899497254,6.4834045502513735,0,0,1,1,0
1,12.672339306439904,7.0,1,0,0,1,0
0,11.54292253500526,6.671690140021032,0,1,1,0,0
0,11.50783007665694,6.5313203066277525,0,1,1,0,0
1,14.078123901627578,6.3,1,0,0,0,0
1,11.90204643279075,7.0208185731163,0,1,1,0,0
0,13.309587334423814,6.609587334423813,1,0,0,1,0
0,13.31894862457538,6.490525687712311,0,0,1,1,0
1,11.9,5.216353569493313,0,1,1,1,0
0,13.073427005952764,6.373427005952764,1,0,0,1,0
0,13.316142457852749,6.532284915705498,0,0,0,1,0
0,13.439436556061809,6.430281721969096,0,0,1,1,0
0,12.217468150025503,5.74759554992349,1,1,0,1,0
1,13.858568619094903,6.313810460301698,1,1,0,0,0
1,12.52611631149837,7.0,1,0,0,1,0
0,13.325436610797832,6.4872816946010845,0,0,1,1,0
0,13.825862316100702,6.120689443342256,0,0,1,1,0
1,14.185904426278414,6.557713278835246,1,0,1,0,0
1,13.987271729788326,6.3,1,0,0,0,0
0,13.30116219161641,6.502324383232818,0,0,0,1,0
0,12.995624515077983,6.295624515077984,1,0,0,1,0
0,13.683076238401773,6.298290978665683,0,0,1,1,0
1,13.30051340401787,6.499828865327376,1,1,0,0,0
0,13.40434992226167,6.447825038869166,0,0,1,1,0
1,13.889155022593377,6.303614992468875,1,1,0,0,0
0,13.234492325434488,6.534492325434488,1,0,0,1,0
0,13.374846860958504,6.649693721917005,0,0,0,1,0
0,13.327233170264345,6.724255609911886,1,0,0,1,0
0,13.377034123945268,6.268897628164196,0,0,1,1,0
0,14.14361013626914,6.329073424179428,1,0,1,0,0
1,12.782417318115254,6.890110242512994,1,1,0,0,0
0,13.260167077291127,6.74661097423629,1,0,0,1,0
1,14.134757640127544,6.4042729203826365,1,0,1,0,0
0,13.389992168628853,6.679984337257704,0,0,0,1,0
0,13.151882900609843,6.865411399593437,1,0,0,1,0
0,12.248893845643288,5.75553077178356,1,1,0,1,0
0,12.93760707292267,6.854130975692444,1,0,0,1,0
1,14.53925258969365,5.934712805889343,1,1,0,0,0
1,12.528934632420505,7.0,1,0,0,1,0
1,14.062731164005813,6.3,1,0,0,0,0
1,12.17373796832965,6.331514438004419,1,0,0,1,0
0,13.364321300302244,6.628642600604485,0,0,0,1,0
0,13.467307827017986,6.334615654035972,0,0,1,1,0
1,12.357063722086547,7.0714681389567255,1,0,0,1,0
1,11.580115359492064,6.939769281015872,0,1,1,0,0
1,11.779052394080209,6.805137127103749,1,0,0,1,0
1,11.600537522385938,5.5743280970175775,0,1,1,1,0
0,14.312838691161875,6.441892460774583,1,0,1,0,0
1,12.582366173437524,7.0,1,0,0,1,0
1,13.190138842916836,6.6,1,1,0,0,0
1,11.754931047722229,6.834082742733324,1,0,0,1,0
1,11.686269882307393,5.468629133706402,1,0,1,1,0
1,14.109712978453391,6.280574043093218,1,0,1,0,0
1,13.94325787294184,6.3,1,0,0,0,0
0,14.027871780936106,6.574425643812779,1,0,0,1,0
1,14.143967287187811,6.431901861563435,1,0,1,0,0
1,12.56703834098002,6.9867038340980026,1,0,0,1,0
0,11.542404692935117,6.669618771740468,0,1,1,0,0
0,14.399394626138363,6.499596417425575,1,0,1,0,0
0,12.2,6.081923058659582,1,1,0,1,0
1,11.54565172726716,7.008696545465676,0,1,1,0,0
0,13.13078411782192,6.879477254785387,1,0,0,1,0
0,13.4295370838166,6.4352314580917005,0,0,1,1,0
1,14.0354169696502,6.435416969650199,1,1,0,0,0
1,14.103334686305454,6.310004058916363,1,0,1,0,0
1,14.106838881233454,6.320516643700365,1,0,1,0,0
1,13.20200639428514,6.532664535238286,1,1,0,0,0
0,13.04736902995975,6.935087313360167,1,0,0,1,0
0,13.353012727636369,6.606025455272732,0,0,0,1,0
0,14.152678764187362,6.335119176124908,1,0,1,0,0
1,14.58106831311597,5.910818106790875,1,1,0,0,0
0,13.020135475160696,6.953243016559536,1,0,0,1,0
1,11.9,5.9924526598850365,0,1,1,1,0
0,12.976355593939823,6.276355593939826,1,0,0,1,0
0,13.235157915953,6.4675789579765,0,0,1,1,0
1,11.548020273189552,5.619966211350748,1,0,1,1,0
0,13.292972904998503,6.735675698333832,1,0,0,1,0
1,13.214246170953867,6.528584609682044,1,1,0,0,0
0,13.374666607935904,6.649333215871807,0,0,0,1,0
1,14.102511735965384,6.294976528069236,1,0,1,0,0
1,12.044662840448538,5.281554280149512,1,0,1,1,0
0,13.317497908872074,6.534995817744148,0,0,0,1,0
1,11.622289766585116,5.760992908476043,1,1,1,0,0
0,14.360295736352398,6.473530490901599,1,0,1,0,0
0,12.921032336454203,6.859655887848599,1,0,0,1,0
0,13.043842319031068,6.937438453979288,1,0,0,1,0
0,13.601308668493347,6.343717406392585,0,0,1,1,0
0,11.887600890994058,6.947933481832344,0,1,1,0,0
1,14.1596387351345,6.192650276757901,1,0,1,0,0
1,12.9,7.000262944988684,1,1,1,0,0
0,11.645610548781107,6.645610548781109,0,1,1,1,0
1,14.35485973881512,6.040080149248503,1,1,0,0,0
0,12.948734098061502,6.850421967312833,1,0,0,1,0
0,11.791345555464696,6.931890925910783,0,1,1,0,0
1,12.7,5.207670821977479,1,0,1,1,0
1,12.074435143232256,7.089774057292902,0,1,1,0,0
1,11.793555153520032,5.333056058099962,0,1,1,1,0
0,13.34461795848305,6.589235916966099,0,0,0,1,0
1,14.116969345286414,6.516969345286413,1,1,0,0,0
0,13.760535121976655,6.428948346886295,0,0,1,1,0
0,13.1297095220715,6.414854761035749,0,0,1,1,0
0,11.731206781057312,6.453758643788538,0,1,1,1,0
1,12.840152660502596,6.789771009246105,1,1,1,0,0
1,11.9040505372083,5.291898925583398,1,1,1,0,0
0,12.415103025124573,5.586327268843429,1,1,0,1,0
1,14.514595875376695,5.553727424321945,1,0,1,0,0
0,13.60472040641737,6.659055918716526,1,0,0,1,0
1,12.8162340473111,7.059414881722253,1,1,0,0,0
0,13.387103315614835,6.674206631229674,0,0,0,1,0
0,13.35375331268996,6.607506625379917,0,0,0,1,0
0,13.332896857314468,6.483551571342766,0,0,1,1,0
1,14.193320095542402,6.113359808915197,1,0,1,0,0
1,12.606824239913752,7.0,1,0,0,1,0
0,12.276147394310293,5.843512796748739,1,1,0,1,0
0,13.092815675666492,6.802394774777836,1,0,0,1,0
0,14.29218670161734,6.428124467744894,1,0,1,0,0
0,12.25068189085357,5.795908654878572,1,1,0,1,0
0,13.31407814072407,6.528156281448136,0,0,0,1,0
1,12.209387056300605,5.22265323592485,1,0,1,1,0
1,12.234458256332507,6.966807282041564,1,0,0,1,0
0,11.783476745263718,6.4433046509472565,0,1,1,1,0
1,14.389055430271338,5.779700225511593,1,0,1,0,0
0,13.688652048312964,6.642269590337407,1,0,0,1,0
0,13.35865090999789,6.324047270006336,0,0,1,1,0
1,13.96689578942216,6.366895789422161,1,1,0,0,0
0,12.272052998796058,5.667682007223658,1,1,0,1,0
0,13.41794502416574,6.44102748791713,0,0,1,1,0
0,12.988396987985771,6.837201004004743,1,0,0,1,0
1,12.391900468408648,7.054049765795677,1,0,0,1,0
1,12.930561093489056,6.6925852086812565,1,1,0,0,0
0,13.313134461355078,6.526268922710155,0,0,0,1,0
1,12.874209091370032,6.767721211506622,1,1,0,0,0
0,13.377023400819589,6.461488299590207,0,0,1,1,0
0,13.431739763807968,6.263479527615935,0,0,1,1,0
1,12.68442171808169,7.0,1,0,0,1,0
1,11.773507119865362,5.2397393202019575,1,0,1,1,0
1,14.101256923332198,6.297486153335603,1,0,1,0,0
0,11.606871562458254,6.901145260409709,0,1,1,0,0
0,13.581406144002193,6.663718771199562,1,0,0,1,0
1,12.13262890935626,5.241842772660935,1,0,1,1,0
1,12.63656613338649,5.12306686058673,1,0,1,1,0
0,13.81522435203435,6.224875359980917,0,0,1,1,0
0,12.922807084034364,6.222807084034365,1,0,0,1,0
0,13.390047759182591,6.680095518365185,0,0,0,1,0
1,12.324304286790287,5.141743968134413,1,0,1,1,0
1,12.029481444988772,5.267629638752807,1,0,1,1,0
0,12.2671074600307,5.598677619907898,1,1,0,1,0
0,13.319058001872978,6.538116003745953,0,0,0,1,0
0,14.300732139842223,6.433821426561482,1,0,1,0,0
1,12.65494812376444,5.105005764026173,1,0,1,1,0
1,12.545078406524736,7.0,1,0,0,1,0
0,13.834784763622718,6.113041631180527,0,0,1,1,0
1,14.025781871916854,6.3,1,0,0,0,0
0,13.326608283197125,6.553216566394249,0,0,0,1,0
1,14.566095333626809,5.461028399471748,1,0,1,0,0
0,14.372136957771438,6.505572608445712,1,0,0,1,0
1,11.68251610115629,6.91748389884371,1,0,0,1,0
1,12.99714068622306,6.603812418369254,1,1,0,0,0
1,12.098104188221283,7.032701396073762,1,0,0,1,0
0,13.760274300123868,6.6279451399752265,1,0,0,1,0
1,13.059253612461331,6.580248795846222,1,1,0,0,0
0,13.375500052961694,6.462249973519153,0,0,1,1,0
0,13.283756893120971,6.77749540458602,1,0,0,1,0
0,13.38888230667017,6.233353079989492,0,0,1,1,0
1,14.211881599574497,6.07623680085101,1,0,1,0,0
1,11.799373843762924,6.7807513874844885,1,0,0,1,0
1,13.151143422271804,6.549618859242732,1,1,0,0,0
1,11.881774789360344,5.397536440232602,1,0,1,1,0
0,13.428499519967108,6.435750240016446,0,0,1,1,0
1,14.09984454240478,6.3,1,0,0,0,0
1,12.054739709041822,5.209479418083645,1,1,1,0,0
0,12.032169301403844,6.9720282169006405,0,1,1,0,0
1,12.953336304970689,6.646663695029313,1,1,0,0,0
0,14.199743242962391,6.3664954953082615,1,0,1,0,0
1,12.144123947226388,5.238969013193403,1,0,1,1,0
1,13.483123709831096,6.438958763389635,1,1,0,0,0
1,12.081482966755532,5.290741483377766,0,1,1,1,0
1,13.954232890080572,6.269009777096816,1,1,0,0,0
0,13.85426699836556,6.609146600326889,1,0,0,1,0
0,13.307380848439474,6.607380848439473,1,0,0,1,0
1,11.920314391000494,5.239449815749135,1,1,1,0,0
1,13.928275065276212,6.3,1,0,0,0,0
0,14.220047436134788,5.999973646591784,0,0,1,1,0
0,13.176386834083544,6.438193417041771,0,0,1,1,0
1,13.774885552512153,6.341704815829283,1,1,0,0,0
1,14.246595494299294,6.006809011401412,1,0,1,0,0
1,14.000406645511978,6.3,1,0,0,0,0
0,14.14094543997142,6.327296959980948,1,0,1,0,0
1,11.567435716292318,7.032564283707683,1,0,0,1,0
0,12.25041033476703,5.648768995698906,1,1,0,1,0
1,14.168157603247971,6.568157603247974,1,1,0,0,0
0,11.597800594674093,6.891202378696375,0,1,1,0,0
1,11.819245344773783,6.939748448257929,1,0,0,1,0
0,13.392997256150014,6.685994512300028,0,0,0,1,0
1,13.625653047716584,6.391448984094471,1,1,0,0,0
1,12.689658855085304,5.206101362320815,1,1,1,0,0
1,12.947884356763312,6.73028910809172,1,1,0,0,0
0,13.346588001897466,6.593176003794932,0,0,0,1,0
1,12.481579978553334,5.154605005361666,1,0,1,1,0
1,12.588308852727131,7.0,1,0,0,1,0
1,11.66303588744013,6.925214354976052,0,1,1,0,0
1,11.566723375499135,6.96655324900173,0,1,1,0,0
0,14.072311946908176,6.082048918384347,0,0,1,1,0
0,11.635893870210536,6.905982311701757,0,1,1,0,0
0,12.827445352552482,7.0817030982983455,1,0,0,1,0
1,11.97077646225276,5.235388231126381,0,1,1,1,0
0,13.69925280560893,6.640149438878214,1,0,0,1,0
1,11.939511446592146,5.22097710681571,1,1,1,0,0
0,11.639374705821474,6.639374705821473,0,1,1,1,0
1,11.960408890139536,5.182176789984496,1,0,1,1,0
0,13.153581149914729,6.426790574957364,0,0,1,1,0
0,13.880745522283204,6.442305058031467,0,0,1,1,0
1,12.902689638857684,6.697310361142314,1,1,0,0,0
0,12.284676311274008,5.5459710661779775,1,1,0,1,0
1,11.875772273017311,5.248455453965373,0,1,1,1,0
0,13.381952045654929,6.254143863035219,0,0,1,1,0
1,11.857177241077403,5.349939828114542,1,1,1,0,0
1,12.101952547883508,5.166449716901832,1,0,1,1,0
1,13.916374093176858,6.316374093176858,1,1,0,0,0
1,14.56694168490263,5.459504967175265,1,0,1,0,0
0,14.158287592604244,6.338858395069496,1,0,1,0,0
0,13.386535633777212,6.673071267554424,0,0,0,1,0
1,12.020148751831876,6.515821497801749,1,0,0,1,0
0,11.529558558536534,6.618234234146134,0,1,1,0,0
1,11.9,5.896601882398842,0,1,1,1,0
1,11.965298058991491,5.232649029495747,0,1,1,1,0
1,12.64598561303335,6.994598561303335,1,0,0,1,0
0,13.197797326512717,6.448898663256358,0,0,1,1,0
0,14.291148602161275,6.5,0,0,1,1,0
0,14.13789987195144,6.552420025609712,1,0,0,1,0
0,13.399876547539712,6.699753095079423,0,0,0,1,0
0,13.552620136743474,6.354897025648451,0,0,1,1,0
1,14.179714574853469,6.539143724560409,1,0,1,0,0
0,12.591273975401164,5.718455481550874,1,1,0,1,0
1,12.446309860582325,7.026845069708838,1,0,0,1,0
0,11.550454490263366,6.550454490263367,0,1,1,1,0
1,12.395016741834551,6.969501674183455,1,0,0,1,0
0,13.262374333900269,6.745875222033245,1,0,0,1,0
1,11.679914077689856,5.484103106772172,1,1,1,0,0
0,12.919104248094392,6.219104248094391,1,0,0,1,0
0,11.515707210628126,6.562828842512505,0,1,1,0,0
0,13.16962545693724,6.776791514354254,1,0,0,1,0
1,11.820113253927811,6.988045301571124,0,1,1,0,0
0,13.41204419066893,6.224088381337857,0,0,1,1,0
0,12.286133435869733,5.583199384781616,1,1,0,1,0
1,12.91130686601287,6.695477253594852,1,1,0,0,0
1,11.786244890554505,6.910780611319313,1,0,0,1,0
1,14.115798270359184,6.268403459281633,1,0,1,0,0
1,12.030136539264106,7.0720546157056425,0,1,1,0,0
0,11.500128092794016,6.999871907205984,0,1,1,0,0
1,11.508123958643584,5.689845051695519,0,1,1,1,0
0,13.32837854157678,6.485810729211611,0,0,1,1,0
0,14.038623095179863,6.5,0,0,1,1,0
0,13.56672166025999,6.407413517806666,0,0,1,1,0
0,13.654490907696632,6.649101818460674,1,0,0,1,0
0,13.22331921422954,6.523319214229538,1,0,0,1,0
0,13.766872454056044,6.171252182237676,0,0,1,1,0
0,12.27810747994705,5.844632845684028,1,1,0,1,0
0,13.720252099027038,6.211212486548254,0,0,1,1,0
0,13.20270272754338,6.76576575748554,1,0,0,1,0
1,11.870158234332768,5.270158234332767,1,0,1,1,0
0,13.590049128289357,6.661990174342129,1,0,0,1,0
1,14.09796742560204,6.3,1,0,0,0,0
0,13.45519436525936,6.31038873051872,0,0,1,1,0
1,13.552998829067873,6.415667056977376,1,1,0,0,0
1,11.597207538023223,6.90558492395355,0,1,1,0,0
1,12.237160498122366,5.2542798339592105,1,0,1,1,0
1,12.76320422428389,6.915727700954813,1,1,0,0,0
1,13.968019439355231,6.3680194393552325,1,1,0,0,0
1,13.784033950139907,6.338655349953364,1,1,0,0,0
1,12.617854606124808,7.0,1,0,0,1,0
0,14.196656548906402,6.5,0,0,1,1,0
1,12.634550339567877,7.0,1,0,0,1,0
1,12.02266636419322,5.14533272838644,1,1,1,0,0
0,13.308110244101398,6.475669267695807,0,0,1,1,0
1,12.9,6.891251188896344,1,1,1,0,0
1,11.615488562760872,5.561413724686951,1,1,1,0,0
0,13.400722943888182,6.449638528055909,0,0,1,1,0
1,14.458718943347831,5.654305901973902,1,0,1,0,0
0,13.383841172264011,6.248476483207959,0,0,1,1,0
1,11.990338096751955,6.996779365583985,1,0,0,1,0
0,11.831476031711553,6.748607023783663,0,1,1,1,0
0,13.91360037863712,6.597279924272576,1,0,0,1,0
1,11.656168013644974,5.687663972710053,0,1,1,1,0
0,13.308653077727318,6.474040766818047,0,0,1,1,0
0,13.38724783193425,6.68724783193425,1,0,0,1,0
0,13.041723389174996,6.370861694587497,0,0,1,1,0
1,14.103476627544524,6.310429882633572,1,0,1,0,0
0,12.564879568913224,6.978373477028924,1,0,0,1,0
0,11.528301388677678,6.613205554710709,0,1,1,0,0
1,11.620460793463993,5.55544704784321,1,1,1,0,0
1,12.351140542306291,6.981392567788287,1,0,0,1,0
0,13.367133486889456,6.634266973778911,0,0,0,1,0
0,11.96629074113172,6.406741851773656,0,1,1,1,0
0,13.468846136387926,6.337692272775851,0,0,1,1,0
0,11.822498822269758,6.435500235546049,0,1,1,1,0
1,12.65371167618978,5.105143147090025,1,0,1,1,0
1,11.722320320441504,6.948928128176601,0,1,1,0,0
0,12.264116164461427,5.6076515066157215,1,1,0,1,0
1,11.73417804565551,5.407277442930614,0,1,1,1,0
1,13.001842579768311,6.599385806743895,1,1,0,0,0
1,14.263523604514347,6.005657511874173,1,0,1,0,0
1,11.9,5.2674610944657765,0,1,1,1,0
0,14.355793518685406,6.470529012456937,1,0,1,0,0
0,13.593855872989522,6.319552108866125,0,0,1,1,0
1,12.969371279465337,6.640838294046217,1,1,0,0,0
1,13.184523728341636,6.538492090552788,1,1,0,0,0
1,13.76447755530692,6.345174148231027,1,1,0,0,0
1,12.112112680036306,5.246971829990923,1,0,1,1,0
1,14.569484960976942,5.917437165156033,1,1,0,0,0
1,12.121160133204013,6.394607840155187,1,0,0,1,0
1,12.20108588666668,5.26630470444444,1,0,1,1,0
1,14.199152705214914,6.599152705214913,1,1,0,0,0
1,11.942111965403186,7.036844786161274,0,1,1,0,0
1,12.257377587574796,5.149180268047245,1,0,1,1,0
1,11.830379016509372,6.943459672169791,1,0,0,1,0
1,12.503509309539336,5.171451160167513,1,0,1,1,0
1,12.086875789721033,6.938687578972104,1,0,0,1,0
1,11.87224653597462,5.401001259645592,1,0,1,1,0
1,11.687260383332724,5.625479233334553,0,1,1,1,0
1,12.7,5.676179832373988,1,0,1,1,0
0,14.386748684786388,6.491165789857591,1,0,1,0,0
1,12.82089791995022,7.047755200124453,1,1,0,0,0
0,14.375667195136042,6.483778130090694,1,0,1,0,0
0,13.351281229692535,6.602562459385075,0,0,0,1,0
0,13.433690113073691,6.433154943463155,0,0,1,1,0
0,11.525380609241369,6.974619390758631,0,1,1,0,0
1,11.58470050458477,6.930598990830458,0,1,1,0,0
0,11.522713572947282,6.977286427052718,0,1,1,0,0
1,12.429277402707156,6.991159675338395,1,0,0,1,0
0,13.40864578505652,6.217291570113037,0,0,1,1,0
0,13.361684601742274,6.712771799419243,1,0,0,1,0
1,11.8950156498013,5.2316718832671,1,0,1,1,0
0,13.40005459640307,6.449972701798465,0,0,1,1,0
1,12.173936436432331,6.3312762762812,1,0,0,1,0
1,12.022667671523934,5.145335343047867,1,1,1,0,0
1,12.5443891787008,6.98443891787008,1,0,0,1,0
1,11.926681779325587,6.975560593108529,1,0,0,1,0
0,13.351519281081146,6.345442156756563,0,0,1,1,0
1,12.942981546808742,6.742546132978145,1,1,0,0,0
0,13.850151400897705,6.5,0,0,1,1,0
1,11.637746394587234,6.962253605412765,1,0,0,1,0
1,11.624499501894334,6.909799800757734,0,1,1,0,0
1,11.80791941165695,5.207919411656949,1,0,1,1,0
0,13.104031160646851,6.404031160646851,1,0,0,1,0
1,14.394557289227912,5.769796879389755,1,0,1,0,0
0,13.3954727424871,6.45226362875645,0,0,1,1,0
0,12.25381656883288,5.777100587002717,1,1,0,1,0
1,11.53942962589884,7.02114074820232,0,1,1,0,0
1,12.450047420786056,6.993755927598257,1,0,0,1,0
0,13.353745522707465,6.607491045414927,0,0,0,1,0
1,12.3927314722235,5.176817131944125,1,0,1,1,0
0,11.505843963067605,6.523375852270417,0,1,1,0,0
1,11.777224250992116,6.907722425099212,1,0,0,1,0
1,12.516238097773105,5.120417989136322,1,0,1,1,0
0,13.9016699661463,6.176850018807611,0,0,1,1,0
0,14.155389707148128,6.336926471432085,1,0,1,0,0
0,13.87600273257101,6.441778081396779,0,0,1,1,0
0,14.149408327720495,6.332938885146999,1,0,1,0,0
1,11.719340196224746,6.902417524528094,1,0,0,1,0
0,11.7271094446603,6.921184907443384,0,1,1,0,0
0,14.346000462448448,6.464000308298965,1,0,1,0,0
0,13.50400067583046,6.679199864833908,1,0,0,1,0
1,11.540083412467702,7.019833175064598,0,1,1,0,0
1,12.9,7.01920673410023,1,1,1,0,0
1,12.69972776299497,6.56648517532998,1,1,1,0,0
0,13.389647147036984,6.679294294073968,0,0,0,1,0
0,11.92726536282654,6.820449022119905,0,1,1,1,0
1,14.456484780823306,5.658327394518049,1,0,1,0,0
1,12.970296157915426,6.629703842084574,1,1,0,0,0
1,12.35622980388636,7.07188509805682,1,0,0,1,0
1,14.391013761602316,5.776175229115832,1,0,1,0,0
0,13.45857367216588,6.317147344331758,0,0,1,1,0
1,11.919082511025504,5.383969995990725,1,0,1,1,0
0,13.39533672372662,6.690673447453242,0,0,0,1,0
1,14.12822359422348,6.384670782670443,1,0,1,0,0
0,12.619766716962951,6.96007776101235,1,0,0,1,0
0,13.422474763147846,6.438762618426077,0,0,1,1,0
0,13.6644499507591,6.647110009848181,1,0,0,1,0
1,12.541193120411595,5.157747956213964,1,0,1,1,0
1,14.367365743933089,5.818741660920439,1,0,1,0,0
0,11.529928464128494,6.395250375550269,0,1,1,1,0
1,14.172315706975157,6.572315706975156,1,1,0,0,0
1,12.439591654370917,5.128934260625454,1,0,1,1,0
1,12.940729738797984,6.748175653005043,1,1,0,0,0
1,12.084920544560912,6.938492054456091,1,0,0,1,0
0,11.97453010979713,6.974530109797128,0,1,1,1,0
1,11.99191955284658,5.35748379896488,1,0,1,1,0
1,12.318411055006692,6.9773013818758365,1,0,0,1,0
0,13.32526749713638,6.550534994272761,0,0,0,1,0
1,12.7,5.346453079597627,1,0,1,1,0
1,12.367404121435316,5.136955097618298,1,0,1,1,0
0,12.25282167536736,5.735891623163206,1,1,0,1,0
1,12.091304850021071,5.167632794442103,1,0,1,1,0
0,13.33260345680874,6.63260345680874,1,0,0,1,0
0,13.055526743735587,6.929648837509609,1,0,0,1,0
0,14.264686639371456,5.975174089238082,0,0,1,1,0
0,13.368198740514632,6.636397481029262,0,0,0,1,0
1,12.972870880567497,6.670851647773001,1,1,0,0,0
1,11.709961963876673,5.448045643347992,1,1,1,0,0
0,13.333563172290011,6.483218413854994,0,0,1,1,0
1,13.819366054691532,6.326877981769489,1,1,0,0,0
1,14.07802369750346,6.3,1,0,0,0,0
0,12.364755766146596,5.548566824609948,1,1,0,1,0
0,11.504763635026814,6.504763635026814,0,1,1,1,0
0,13.704533785232451,6.224685326943612,0,0,1,1,0
1,12.005461815547092,6.938182726943387,1,0,0,1,0
1,12.907621896838858,6.692378103161143,1,1,0,0,0
0,12.61606940576879,6.9613101980770695,1,0,0,1,0
1,14.090680389250398,6.3,1,0,0,0,0
1,11.688151903062842,5.623696193874316,0,1,1,1,0
0,13.500585449462896,6.399498186174661,0,0,1,1,0
0,12.010363052148632,7.010363052148631,0,1,1,1,0
1,12.215429598333683,5.221142600416578,1,0,1,1,0
0,14.03876681021162,6.5,0,0,1,1,0
0,13.47952258989416,6.359045179788321,0,0,1,1,0
1,11.956412827476294,6.9256412827476295,1,0,0,1,0
1,11.9,5.881826159410197,0,1,1,1,0
1,14.294657290346992,5.910685419306018,1,0,1,0,0
0,13.343296408678109,6.586592817356214,0,0,0,1,0
1,12.662268739423205,7.0,1,0,0,1,0
1,14.506693202859388,5.567952234853101,1,0,1,0,0
1,11.9,5.295725955616903,0,1,1,1,0
0,11.550395184828387,6.94960481517161,0,1,1,0,0
1,12.846621850770088,6.780067223844869,1,1,1,0,0
0,13.670339349446907,6.305367028085051,0,0,1,1,0
1,13.942703633430172,6.3,1,0,0,0,0
0,13.322844184218471,6.545688368436943,0,0,0,1,0
1,11.962983901066307,6.932872987633289,1,0,0,1,0
1,13.965749855122851,6.3,1,0,0,0,0
0,13.521462262098051,6.675707547580389,1,0,0,1,0
1,14.15504866199354,6.189902676012921,1,0,1,0,0
1,12.457165719389907,5.126981586734455,1,0,1,1,0
0,13.365332484762137,6.723111676825244,1,0,0,1,0
1,13.96939050608428,6.369390506084279,1,1,0,0,0
0,13.471660679677576,6.343321359355154,0,0,1,1,0
1,12.412453495323618,5.131949611630709,1,0,1,1,0
0,14.006249086794016,6.578750182641197,1,0,0,1,0
1,12.460404046115617,5.179865317961461,1,0,1,1,0
0,12.94817186499058,6.324085932495289,0,0,1,1,0
0,13.0040518188026,6.3040518188026,1,0,0,1,0
0,13.124085651352727,6.883942899098182,1,0,0,1,0
1,12.714111194005149,6.981185074659801,1,1,0,0,0
1,12.965023470951198,6.687441322622006,1,1,0,0,0
0,13.25596263380755,6.796024910794967,1,0,0,1,0
1,11.9,5.657898797876238,0,1,1,1,0
1,12.81867867143172,7.025285314273123,1,1,1,0,0
1,12.567010990228937,5.114776556641229,1,0,1,1,0
1,11.583100748580325,7.0168992514196775,1,0,0,1,0
1,13.914174032896447,6.291900552630602,1,1,0,0,0
1,12.945752058335954,6.672330588885395,1,1,0,0,0
1,11.791647322449434,6.79002321306068,1,0,0,1,0
1,13.207251925017289,6.530916024994237,1,1,0,0,0
1,14.13249329602399,6.241512067156819,1,0,1,0,0
0,14.223981327347923,6.5,0,0,1,1,0
1,12.656823441833492,6.537882294555661,1,1,1,0,0
0,11.587183352263615,6.587183352263614,0,1,1,1,0
1,12.960962004252323,6.652050660996902,1,1,0,0,0
1,12.32074461407483,5.237911049427335,1,0,1,1,0
0,13.64117613703779,6.5,0,0,1,1,0
1,11.892951249817342,5.287335312819652,1,1,1,0,0
0,13.414418604123387,6.442790697938307,0,0,1,1,0
1,14.118466662822255,6.518466662822255,1,1,0,0,0
1,14.244112412078763,6.011775175842471,1,0,1,0,0
0,14.330162494027642,6.453441662685094,1,0,1,0,0
1,12.441870772730176,5.186043075756608,1,0,1,1,0
0,13.471208212506497,6.342416425012994,0,0,1,1,0
1,11.745971902404866,6.9057464878006085,1,0,0,1,0
0,14.045994287722351,5.932004896237982,0,0,1,1,0
0,13.339965044555983,6.639965044555986,1,0,0,1,0
0,14.071616914064878,6.463512990451653,0,0,1,1,0
1,12.763492644926146,6.904761032610781,1,1,1,0,0
1,13.317360163996458,6.494213278667847,1,1,0,0,0
1,12.506690257451698,5.164436580849434,1,0,1,1,0
1,12.338301331902162,7.080849334048919,1,0,0,1,0
1,13.388172544526569,6.470609151824477,1,1,0,0,0
0,12.218962324863954,5.905188375680226,1,1,0,1,0
1,14.580573012066443,5.434968578280399,1,0,1,0,0
0,14.352163450583806,6.46810896705587,1,0,1,0,0
0,13.343194974559696,6.586389949119394,0,0,0,1,0
0,12.262942715490116,5.722343707059307,1,1,0,1,0
1,12.495435984212506,5.122729335087499,1,0,1,1,0
1,12.3517797380805,6.981472467260063,1,0,0,1,0
1,13.064705435515094,5.263800836233092,1,1,1,0,0
1,12.53361403300358,7.0,1,0,0,1,0
1,13.947363582904243,6.3,1,0,0,0,0
0,13.033145345251183,6.333145345251184,1,0,0,1,0
1,11.667263481960218,5.399104777059675,1,0,1,1,0
0,13.312438688917055,6.493780655541473,0,0,1,1,0
0,13.960752772779436,6.587849445444113,1,0,0,1,0
0,13.42077433284248,6.43961283357876,0,0,1,1,0
0,11.518998165654084,6.433506420210707,0,1,1,1,0
0,14.174199960430562,6.349466640287042,1,0,1,0,0
0,13.295387985306744,6.497693992653372,0,0,1,1,0
0,12.970097474612633,6.335048737306315,0,0,1,1,0
0,14.320865953083157,6.515826809383369,1,0,0,1,0
1,11.881161269298872,5.28116126929887,1,0,1,1,0
0,13.308373557136123,6.608373557136123,1,0,0,1,0
0,13.877973021509751,6.190014988050138,0,0,1,1,0
0,11.5424024494142,6.957597550585801,0,1,1,0,0
0,13.468911112078962,6.41554444396052,0,0,1,1,0
0,13.248582990952688,6.800944672698208,1,0,0,1,0
0,13.353192398909762,6.606384797819523,0,0,0,1,0
1,14.248557795045532,6.002884409908934,1,0,1,0,0
1,11.948151100325637,7.039260440130254,0,1,1,0,0
0,13.685217808554158,6.420579756506018,0,0,1,1,0
0,13.373171214911116,6.6463424298222336,0,0,0,1,0
1,12.77371197845819,6.901717362055745,1,1,0,0,0
0,13.543542498407936,6.375809723106702,0,0,1,1,0
1,12.513560288742305,7.0,1,0,0,1,0
1,12.249344483371626,5.15007283518093,1,0,1,1,0
0,12.73853538353305,6.920488205488984,1,0,0,1,0
1,12.7,5.5064749240885895,1,0,1,1,0
1,14.248598677390444,6.002802645219112,1,0,1,0,0
1,12.82687944174545,6.9924822330181975,1,1,1,0,0
0,14.330095088466638,6.453396725644426,1,0,1,0,0
1,12.039728600893644,6.492325678927625,1,0,0,1,0
0,14.314193147036423,6.5,0,0,1,1,0
1,12.288379485132664,7.096126495044221,1,0,0,1,0
0,12.2,5.906300253697277,1,1,0,1,0
1,11.946506589477057,5.223253294738528,0,1,1,1,0
0,12.876264885517353,6.874578371494216,1,0,0,1,0
1,12.1316564399748,5.163149284447244,1,0,1,1,0
1,13.957943079624972,6.3,1,0,0,0,0
1,11.817167981008614,6.939055993669538,1,0,0,1,0
0,13.630306443409657,6.653938711318069,1,0,0,1,0
0,13.240342344554271,6.806438436963819,1,0,0,1,0
1,14.246700336579227,6.006599326841545,1,0,1,0,0
0,13.261823515549915,6.561823515549917,1,0,0,1,0
1,14.176464888248953,6.1470702235021,1,0,1,0,0
1,13.935083641447925,6.335083641447924,1,1,0,0,0
1,11.663984997540677,6.936015002459323,1,0,0,1,0
1,14.060193769493209,6.3,1,0,0,0,0
0,11.99556433569788,6.99556433569788,0,1,1,1,0
0,12.388101392485249,5.602784957899453,1,1,0,1,0
1,12.570568656285593,7.0,1,0,0,1,0
0,12.888716659844263,7.040855560103823,1,0,0,1,0
1,11.777318084278516,5.36721829886578,1,1,1,0,0
1,12.073783068425607,5.247566136851214,1,1,1,0,0
1,13.987742101906017,6.3,1,0,0,0,0
0,12.2,6.091645745537353,1,1,0,1,0
0,13.746327336349657,6.5,0,0,1,1,0
0,14.340831234678012,6.511833753064398,1,0,0,1,0
0,13.167688572433311,6.854874285044458,1,0,0,1,0
1,13.05320039918524,6.638719840325905,1,1,0,0,0
0,13.4767290756137,6.353458151227403,0,0,1,1,0
1,12.340210878382653,5.139976569068594,1,0,1,1,0
1,11.60961399717976,5.780772005640479,0,1,1,1,0
1,14.451219580035652,5.985017382836771,1,1,0,0,0
1,12.178945683963654,7.059648561321218,1,0,0,1,0
0,12.207191170418588,5.778426488744238,1,1,0,1,0
0,13.326692944108435,6.626692944108435,1,0,0,1,0
0,12.2,5.892318582558436,1,1,0,1,0
1,14.513896576205529,5.554986162830052,1,0,1,0,0
1,12.656904176787746,6.995690417678775,1,0,0,1,0
0,11.504537741768283,6.499092451646343,0,1,1,1,0
0,13.54877892288249,6.372900598398616,0,0,1,1,0
0,12.202448663381524,6.085308019710858,1,1,0,1,0
0,14.377634833978211,6.485089889318808,1,0,1,0,0
1,14.16736782295554,6.502103468866618,1,0,1,0,0
1,14.054109408953572,6.3,1,0,0,0,0
0,12.514412610220043,6.995195796593318,1,0,0,1,0
0,12.226723729622558,5.939657622264647,1,1,0,1,0
0,14.179662043109502,5.817432534477568,0,0,1,1,0
0,12.44397532688509,5.607981495163817,1,1,0,1,0
0,13.351215835652225,6.602431671304444,0,0,0,1,0
0,12.94542985827164,6.245429858271642,1,0,0,1,0
0,13.36665625469078,6.722229163539481,1,0,0,1,0
0,14.234298623351089,5.992056320360507,0,0,1,1,0
0,13.045681100238092,6.936212599841272,1,0,0,1,0
0,14.371007391278011,6.505798521744397,1,0,0,1,0
1,12.280623043648715,5.20484423908782,1,0,1,1,0
1,11.906682782178168,5.235560927392722,1,0,1,1,0
1,11.5948962025916,6.910207594816799,0,1,1,0,0
1,14.397905142365047,5.763770743742915,1,0,1,0,0
1,12.380316847954528,5.135520350227274,1,0,1,1,0
0,12.703270742232592,6.932243085922469,1,0,0,1,0
0,13.382006582404529,6.705997805865158,1,0,0,1,0
1,12.81854726889383,7.053631827765427,1,1,0,0,0
1,11.846864656754557,6.9987458627018215,0,1,1,0,0
0,13.031793573993864,6.945470950670758,1,0,0,1,0
1,12.033951279205768,5.342199534834266,1,0,1,1,0
1,13.908298174289303,6.3,1,0,0,0,0
0,12.977478336491105,6.840840554502965,1,0,0,1,0
1,14.176322325316756,6.528966975950269,1,0,1,0,0
0,12.2,5.810405870561907,1,1,0,1,0
0,11.55047082686493,6.701883307459715,0,1,1,0,0
0,13.46156161311199,6.419219193444006,0,0,1,1,0
0,13.457859992824377,6.421070003587812,0,0,1,1,0
0,13.32547423089884,6.48726288455058,0,0,1,1,0
1,12.051867801719489,5.203735603438973,1,1,1,0,0
0,13.346423768730418,6.6464237687304175,1,0,0,1,0
0,14.31312418185275,6.490347131316972,0,0,1,1,0
0,11.792028683424464,6.441594263315108,0,1,1,1,0
0,13.389493351875158,6.678986703750317,0,0,0,1,0
0,13.338291673766513,6.72056944207783,1,0,0,1,0
1,14.488568581886868,5.600576552603638,1,0,1,0,0
1,11.952773153885664,5.194453692228674,1,1,1,0,0
1,11.813613773483226,6.937871257827743,1,0,0,1,0
1,12.447387464931666,7.026306267534167,1,0,0,1,0
0,13.8615881122116,6.090067332390056,0,0,1,1,0
1,11.771852873499096,6.90718528734991,1,0,0,1,0
1,12.9,7.0861848300176815,1,1,1,0,0
1,14.226029970063667,6.0731460538854,1,0,1,0,0
1,12.880110305884442,6.686740203922961,1,1,1,0,0
0,14.056987733335166,5.922581942855572,0,0,1,1,0
1,14.16520850506917,6.4956255152075135,1,0,1,0,0
0,14.188228537117816,6.358819024745211,1,0,1,0,0
1,12.796256616889853,6.630837744593236,1,1,1,0,0
0,13.984131437017568,5.985030196842085,0,0,1,1,0
0,13.344622713218008,6.589245426436011,0,0,0,1,0
1,14.063785023719582,6.3,1,0,0,0,0
0,12.99056241478053,6.2905624147805295,1,0,0,1,0
0,13.531214449907166,6.373244757222429,0,0,1,1,0
1,12.00230231479651,7.000767438265504,1,0,0,1,0
0,13.40322846278762,6.206456925575238,0,0,1,1,0
0,12.986976974061845,6.837674341979386,1,0,0,1,0
0,13.846622675291249,6.102894849750358,0,0,1,1,0
1,11.895495745021842,6.965165248340615,1,0,0,1,0
0,11.560668873721092,6.939331126278907,0,1,1,0,0
0,13.599642948273626,6.314591758622606,0,0,1,1,0
1,13.143502587213131,6.6,1,1,0,0,0
1,12.566488775635667,6.986648877563567,1,0,0,1,0
1,11.601867166436644,6.998132833563354,1,0,0,1,0
1,14.123743073222846,6.523743073222846,1,1,0,0,0
0,13.830182923479176,6.436686991497687,0,0,1,1,0
1,12.7,5.4994710281670125,1,0,1,1,0
0,14.235799303032318,6.481755478114702,0,0,1,1,0
1,13.122782889796005,6.6,1,1,0,0,0
0,13.359178919577094,6.618357839154188,0,0,0,1,0
0,12.2,5.908368124779322,1,1,0,1,0
1,12.061499025850848,5.259625243537288,1,0,1,1,0
1,12.66579846877049,7.0,1,0,0,1,0
1,12.272383264572124,5.255496994701046,1,0,1,1,0
0,13.017539518985489,6.358769759492743,0,0,1,1,0
1,12.9442106327793,6.6557893672207005,1,1,0,0,0
1,14.023145970637946,6.3,1,0,0,0,0
1,13.080427074375436,5.266219549903913,1,1,1,0,0
0,13.346018385007897,6.59203677001579,0,0,0,1,0
1,14.52450077553766,5.535898604032213,1,0,1,0,0
0,12.62227102949002,5.8,1,1,0,1,0
0,13.306559956765147,6.513119913530295,0,0,0,1,0
0,12.045918171942692,6.974319695323782,0,1,1,0,0
1,12.863452249708471,6.754821625437291,1,1,1,0,0
0,11.710730057272835,6.710730057272838,0,1,1,1,0
1,12.36579537128969,5.137133847634479,1,0,1,1,0
1,14.27305409456383,5.953891810872341,1,0,1,0,0
1,11.680308646599675,6.932123458639871,0,1,1,0,0
1,13.809055990802133,6.330314669732623,1,1,0,0,0
1,12.62225605655158,5.108638215938713,1,0,1,1,0
1,11.993018973715094,6.5483772315418864,1,0,0,1,0
1,12.8160957621696,6.8258563567456,1,1,1,0,0
0,13.36048523739851,6.469757381300745,0,0,1,1,0
0,12.8372125272118,7.075191648525466,1,0,0,1,0
1,12.985778778693703,6.6142212213062965,1,1,0,0,0
1,12.388836062945195,6.986104507868149,1,0,0,1,0
0,11.53745730470913,6.649829218836526,0,1,1,0,0
1,14.367820786487616,5.817922584322294,1,0,1,0,0
0,12.876321021260589,7.049119319159608,1,0,0,1,0
1,13.945349392556569,6.3,1,0,0,0,0
1,12.903182427078832,6.729090097228224,1,1,0,0,0
1,12.50795590636734,7.0,1,0,0,1,0
1,13.95379790700238,6.353797907002377,1,1,0,0,0
0,13.368233811503195,6.465883094248402,0,0,1,1,0
1,12.9262012564384,6.6737987435616,1,1,0,0,0
0,11.51195193766586,6.988048062334138,0,1,1,0,0
1,14.167112769500228,6.165774460999547,1,0,1,0,0
1,14.25339105309603,6.023896104427146,1,0,1,0,0
1,13.46557728351481,6.4448075721617295,1,1,0,0,0
1,12.011018090898483,6.938877261362311,1,0,0,1,0
0,13.38085430690149,6.68085430690149,1,0,0,1,0
0,13.57217296882897,6.665565406234206,1,0,0,1,0
1,14.175252462629734,6.525757387889202,1,0,1,0,0
1,13.765628920770814,6.344790359743062,1,1,0,0,0
1,13.169348022173118,6.6,1,1,0,0,0
1,12.895345006355155,6.861637484112114,1,1,0,0,0
1,13.026795205444246,6.6,1,1,0,0,0
1,12.390606363620984,6.986325795452623,1,0,0,1,0
1,13.297908633530174,6.540836546587931,1,1,0,0,0
0,13.318727221693784,6.44381833491865,0,0,1,1,0
0,12.289315679226643,5.532052962320072,1,1,0,1,0
0,11.695774064908504,6.4608451870183,0,1,1,1,0
0,13.388318299736584,6.235045100790251,0,0,1,1,0
0,13.32527088543869,6.72490970485377,1,0,0,1,0
1,11.705205493306256,6.893753408032491,1,0,0,1,0
0,13.637685126847844,6.281984176987563,0,0,1,1,0
1,14.202243983128922,6.095512033742156,1,0,1,0,0
1,12.18958176920463,5.270139410265123,1,0,1,1,0
1,14.035789810012846,6.3,1,0,0,0,0
0,13.37506557884668,6.67506557884668,1,0,0,1,0
1,11.716982522019816,5.338362463300307,1,0,1,1,0
0,12.800646494922,7.099569003385333,1,0,0,1,0
0,11.537025083731894,6.962974916268107,0,1,1,0,0
0,13.35155098844506,6.603101976890117,0,0,0,1,0
1,13.308633318757709,6.497122227080763,1,1,0,0,0
1,13.219560018286936,6.6,1,1,0,0,0
0,12.935610170026228,6.854796609991257,1,0,0,1,0
0,13.33489998922526,6.569799978450518,0,0,0,1,0
1,13.391799196491291,6.469400267836235,1,1,0,0,0
1,12.9,6.858687646620314,1,1,1,0,0
0,14.244605447358657,6.396403631572437,1,0,1,0,0
0,12.223700805307631,7.042775603980722,0,1,1,1,0
1,11.50983984310511,7.09016015689489,1,0,0,1,0
0,13.386160912179266,6.672321824358533,0,0,0,1,0
0,13.216736570658986,6.516736570658985,1,0,0,1,0
1,11.629184106453389,5.484693155911018,1,0,1,1,0
1,13.599817979106705,6.420072808357318,1,1,0,0,0
1,12.911763970145168,6.695294411941933,1,1,0,0,0
0,13.429161046156358,6.2583220923127145,0,0,1,1,0
1,12.901058429431547,6.699576628227382,1,1,0,0,0
0,13.432058634272176,6.264117268544355,0,0,1,1,0
0,12.237825850647434,5.686522448057699,1,1,0,1,0
1,11.9,5.363314762539973,0,1,1,1,0
1,12.432643676825505,6.991580459603188,1,0,0,1,0
1,13.907121405932203,6.295930625181597,1,1,0,0,0
0,13.074730210962397,6.808423263012535,1,0,0,1,0
0,11.539571290975369,6.960428709024633,0,1,1,0,0
1,14.53451299232583,5.937421147242383,1,1,0,0,0
1,11.9,5.25184356814638,0,1,1,1,0
1,14.20768891628724,6.084622167425517,1,0,1,0,0
1,11.727052113178544,6.950820845271417,0,1,1,0,0
1,12.47526446627352,5.124970614858498,1,0,1,1,0
0,13.538069250325382,6.40422991670282,0,0,1,1,0
1,12.043389328190928,5.186778656381856,1,1,1,0,0
0,12.533531438195872,5.8,1,1,0,1,0
0,13.369813336795046,6.4650933316024775,0,0,1,1,0
1,12.872594972239074,6.9185125694023135,1,1,0,0,0
1,12.15625877424197,5.297724082093829,1,0,1,1,0
0,13.479057858647858,6.410471070676072,0,0,1,1,0
1,12.339102504988483,6.963910250498849,1,0,0,1,0
1,14.123624188874777,6.3708725666243335,1,0,1,0,0
1,11.9,5.5898258809350185,0,1,1,1,0
1,12.7,5.453597551833978,1,0,1,1,0
1,13.589199115467856,6.403600294844048,1,1,0,0,0
0,13.475086971467702,6.3501739429354025,0,0,1,1,0
1,11.963686936880686,6.987895645626895,1,0,0,1,0
1,14.091186521081545,6.3,1,0,0,0,0
0,13.306410799766644,6.5128215995332885,0,0,0,1,0
0,14.28283263433937,6.523433473132126,1,0,0,1,0
0,11.576076878054009,6.804307512216028,0,1,1,0,0
1,13.674803471774752,6.3900786112900985,1,1,0,0,0
0,13.41138923151602,6.222778463032041,0,0,1,1,0
1,13.756830578615368,6.357267768553853,1,1,0,0,0
1,12.407300764340205,7.046349617829898,1,0,0,1,0
0,14.148207718635836,6.5,0,0,1,1,0
0,13.444980561414932,6.289961122829863,0,0,1,1,0
1,13.95906682250287,6.3,1,0,0,0,0
0,11.548008385285426,6.692033541141709,0,1,1,0,0
1,12.832556996476546,6.969772014093818,1,1,1,0,0
0,12.19351481171876,6.99891913528646,0,1,1,0,0
1,13.918975629550603,6.3,1,0,0,0,0
0,11.54290101928806,6.349846432491785,0,1,1,1,0
1,13.202710717297895,5.28503241804583,1,1,1,0,0
1,14.274251282656037,5.951497434687932,1,0,1,0,0
1,14.193174259822714,6.57952277946814,1,0,1,0,0
0,12.7140580304795,6.9286473231735,1,0,0,1,0
1,12.921853105151012,6.795367237122471,1,1,0,0,0
0,13.17279877053065,6.472798770530649,1,0,0,1,0
0,13.30797342750951,6.476079717471476,0,0,1,1,0
1,12.818171967580334,7.054570081049168,1,1,0,0,0
0,14.202085744371976,6.539582851125605,1,0,0,1,0
1,11.60080830578686,5.579030033055769,1,1,1,0,0
1,12.85113926498758,6.798480980016558,1,1,0,0,0
1,12.9,7.088927702321686,1,1,1,0,0
0,13.422729671836278,6.245459343672554,0,0,1,1,0
0,13.285988957050725,6.776007361966185,1,0,0,1,0
0,12.46278498336252,5.622088737521889,1,1,0,1,0
0,13.44403798828173,6.427981005859135,0,0,1,1,0
1,12.7,5.637761551113454,1,0,1,1,0
0,14.319996320634576,6.446664213756383,1,0,1,0,0
1,12.840880181553796,6.812159757928271,1,1,0,0,0
0,14.122984574426027,5.866013221920547,0,0,1,1,0
1,12.062093687753537,5.287364562584512,1,0,1,1,0
0,13.38801677407372,6.67603354814744,0,0,0,1,0
0,13.276507541144484,6.576507541144484,1,0,0,1,0
0,12.043098138268885,6.973849689711481,0,1,1,0,0
1,11.683186797068988,5.394688671551688,1,0,1,1,0
0,13.492499768797463,6.384999537594932,0,0,1,1,0
1,14.062366075499291,6.3,1,0,0,0,0
1,12.931038869635548,6.69194817381927,1,1,0,0,0
0,13.4453661904034,6.290732380806801,0,0,1,1,0
1,13.894904495617965,6.301698501460678,1,1,0,0,0
1,11.76021167251195,5.479576654976099,0,1,1,1,0
0,12.527336582750424,6.990887805749859,1,0,0,1,0
0,11.792821682648322,6.932136947108054,0,1,1,0,0
1,14.248324654500044,6.003350690999914,1,0,1,0,0
0,12.949312415810796,6.249312415810794,1,0,0,1,0
1,12.922003283737956,6.794991790655109,1,1,0,0,0
0,13.359288198455085,6.470355900772459,0,0,1,1,0
0,12.279468589370548,5.602657053147273,1,1,0,1,0
1,14.285506208128716,5.92898758374257,1,0,1,0,0
1,12.08587893868646,7.094351575474584,0,1,1,0,0
1,12.075251012640168,5.256187246839958,1,0,1,1,0
1,12.881530194558865,6.773879221764549,1,1,1,0,0
0,13.345164257556434,6.590328515112865,0,0,0,1,0
1,14.112641889391124,6.512641889391123,1,1,0,0,0
0,13.105978997728286,6.405978997728286,1,0,0,1,0
1,11.677103532306422,6.922896467693579,1,0,0,1,0
1,14.542839162443569,5.932663335746532,1,1,0,0,0
0,11.543672644187644,6.956327355812355,0,1,1,0,0
0,13.449406517817025,6.2988130356340495,0,0,1,1,0
1,12.582505128903744,7.0,1,0,0,1,0
1,14.40408305675174,5.752650497846869,1,0,1,0,0
0,11.758508123438778,6.448298375312245,0,1,1,1,0
0,13.315249661777653,6.530499323555302,0,0,0,1,0
1,14.180219507095932,6.540658521287797,1,0,1,0,0
0,13.38853061078852,6.677061221577044,0,0,0,1,0
1,14.042225401489311,6.3,1,0,0,0,0
1,11.826797668343511,6.990719067337405,0,1,1,0,0
0,11.593294739305076,6.906705260694924,0,1,1,0,0
0,12.2,5.999263584980611,1,1,0,1,0
1,12.922933563510142,6.677066436489858,1,1,0,0,0
1,12.703089954392563,6.995880060809911,1,1,0,0,0
0,11.516499658614508,6.983500341385494,0,1,1,0,0
1,12.057562472743452,5.28585415758115,1,0,1,1,0
0,14.277947488593895,6.418631659062597,1,0,1,0,0
1,11.8371012042255,6.917137650528188,1,0,0,1,0
0,13.27375257904234,6.742082473652553,1,0,0,1,0
0,11.659853313761204,6.468029337247759,0,1,1,1,0
0,12.932803534668528,6.85573215511049,1,0,0,1,0
1,14.55238737074989,5.485702732650196,1,0,1,0,0
0,13.3968374165874,6.4515812917063,0,0,1,1,0
1,13.96852528168365,6.3,1,0,0,0,0
1,13.123037413645418,6.6,1,1,0,0,0
1,11.9777352466874,7.05109409867496,0,1,1,0,0
1,13.906684728421322,6.306684728421321,1,1,0,0,0
1,13.972992820000716,6.3,1,0,0,0,0
0,13.482477661698058,6.408761169150972,0,0,1,1,0
0,11.61841914475913,6.903069857459856,0,1,1,0,0
0,13.324622565198467,6.549245130396935,0,0,0,1,0
0,11.603059033574118,6.90050983892902,0,1,1,0,0
0,13.351398674138787,6.345803977583638,0,0,1,1,0
0,13.37919961895747,6.65839923791494,0,0,0,1,0
1,11.820690714594251,5.358618570811496,0,1,1,1,0
1,12.672300306805646,5.109233231064784,1,0,1,1,0
0,14.103388928298791,6.5,0,0,1,1,0
1,11.917162906517248,5.208581453258624,0,1,1,1,0
0,13.371045067691773,6.64209013538354,0,0,0,1,0
1,11.979373030805576,5.239686515402789,0,1,1,1,0
0,12.467866080693538,5.953066331824878,1,1,0,1,0
0,12.2,5.908761150700589,1,1,0,1,0
0,13.378462307829492,6.656924615658985,0,0,0,1,0
1,12.990437339872429,6.663825064051029,1,1,0,0,0
0,14.274956006849957,6.416637337899969,1,0,1,0,0
1,14.132359051516882,6.24175370726961,1,0,1,0,0
1,12.308019801122118,5.230660066292627,1,0,1,1,0
0,11.576796573737148,6.807186294948593,0,1,1,0,0
0,11.592126626814432,6.868506507257731,0,1,1,0,0
1,13.148144879698432,6.550618373433856,1,1,0,0,0
1,12.07870946212251,5.169032281986388,1,0,1,1,0
0,11.598862194366715,6.895448777466868,0,1,1,0,0
0,12.999473612613588,6.2994736126135855,1,0,0,1,0
0,13.386059910351609,6.672119820703213,0,0,0,1,0
1,11.918848011433887,5.239616003811296,1,0,1,1,0
1,11.88568620796505,6.961895402655017,1,0,0,1,0
0,13.167200898875524,6.433600449437761,0,0,1,1,0
0,13.53742306183944,6.40415811798216,0,0,1,1,0
1,12.656202640463722,5.114599119845425,1,0,1,1,0
0,13.3732577379258,6.280226786222603,0,0,1,1,0
0,13.353874178033676,6.715375273988775,1,0,0,1,0
1,12.438099417970475,5.129100064669947,1,0,1,1,0
0,11.911043779117366,6.951840629852894,0,1,1,0,0
1,12.9,7.03694450982654,1,1,1,0,0
1,12.909829812528384,6.690170187471617,1,1,0,0,0
0,13.389492651513953,6.231522045458149,0,0,1,1,0
0,14.361767016420306,6.5,0,0,1,1,0
0,13.342970229191456,6.585940458382912,0,0,0,1,0
1,14.055666281679525,6.3,1,0,0,0,0
1,12.049650412356463,5.199300824712932,1,1,1,0,0
0,13.31405194781403,6.528103895628056,0,0,0,1,0
0,11.916041228240024,6.916041228240024,0,1,1,1,0
0,13.45186223076161,6.424068884619196,0,0,1,1,0
1,14.116486637867652,6.349459913602959,1,0,1,0,0
0,12.280367608749607,5.558897173751181,1,1,0,1,0
1,11.576729119182254,6.946541761635494,0,1,1,0,0
0,12.786129652750027,6.067151261541698,1,1,0,1,0
1,11.502913849112325,7.094172301775351,0,1,1,0,0
1,13.403390097004008,6.465536634331997,1,1,0,0,0
0,12.272188793000256,5.8412507388572905,1,1,0,1,0
0,12.28634617226623,5.5819229664026215,1,1,0,1,0
1,14.578643348956945,5.438441971877503,1,0,1,0,0
0,13.390412219140016,6.454793890429992,0,0,1,1,0
0,13.318840213600431,6.490579893199785,0,0,1,1,0
1,11.859522186410402,5.345836173781795,1,1,1,0,0
1,12.641477848085891,7.0,1,0,0,1,0
1,13.08021392838666,6.6,1,1,0,0,0
1,12.018099971352832,6.5182800343766,1,0,0,1,0
0,11.543527118043045,6.956472881956955,0,1,1,0,0
0,12.510312629465426,5.8,1,1,0,1,0
0,11.683265394702058,5.858571118542793,0,1,1,1,0
1,12.150950928800505,6.956368866100063,1,0,0,1,0
0,13.4069772539914,6.4465113730043,0,0,1,1,0
1,14.08199697009062,6.3,1,0,0,0,0
1,11.737751720852703,6.904718965106588,1,0,0,1,0
1,14.056286597625652,6.3,1,0,0,0,0
0,13.478150272594236,6.356300545188474,0,0,1,1,0
1,12.982669202833026,6.617330797166973,1,1,0,0,0
1,14.042159156691232,6.3,1,0,0,0,0
1,12.680228034028074,5.104942991492981,1,0,1,1,0
0,12.2,5.858720907079599,1,1,0,1,0
1,11.80844801414996,5.435215975237566,1,1,1,0,0
0,13.312689328098312,6.525378656196622,0,0,0,1,0
1,11.9,5.202089621220558,0,1,1,1,0
1,14.035752200937784,6.4357522009377846,1,1,0,0,0
1,11.630853445186442,5.5429758657762696,1,1,1,0,0
1,14.132550128711149,6.241409768319936,1,0,1,0,0
0,13.256952648923049,6.795364900717967,1,0,0,1,0
0,13.202793294811704,6.451396647405852,0,0,1,1,0
1,12.992650623713606,6.618373440715983,1,1,0,0,0
1,11.995109117175057,5.10978176564989,1,1,1,0,0
1,14.584204965268158,5.909025734132481,1,1,0,0,0
1,14.182589568180957,6.547768704542872,1,0,1,0,0
0,12.550224919667162,6.983258360110946,1,0,0,1,0
0,11.715609826095816,6.715609826095816,0,1,1,1,0
1,12.837041563099026,7.007396092252435,1,1,0,0,0
1,12.139205243682248,5.16231052847975,1,0,1,1,0
1,12.7,5.278314316655603,1,0,1,1,0
0,14.190695381427153,6.476743931269684,0,0,1,1,0
1,12.934917869729878,6.665082130270123,1,1,0,0,0
1,13.877514618381616,6.307495127206128,1,1,0,0,0
1,14.07774562078284,6.3,1,0,0,0,0
1,12.358325402782366,6.982290675347796,1,0,0,1,0
1,14.20341968083848,6.093160638323038,1,0,1,0,0
0,12.375515073676294,5.55663630525722,1,1,0,1,0
0,12.356015840179206,5.542011880134404,1,1,0,1,0
1,14.183920847506627,6.583920847506629,1,1,0,0,0
0,13.65880027733207,6.263885476572512,0,0,1,1,0
1,12.182446226247457,5.229388443438135,1,0,1,1,0
0,12.348117184960213,5.536087888720158,1,1,0,1,0
1,14.19923999093374,6.597719972801221,1,0,1,0,0
1,14.140995798042772,6.218008403914452,1,0,1,0,0
1,14.21470326555537,6.070593468889262,1,0,1,0,0
1,14.543893617291536,5.932060790119122,1,1,0,0,0
1,11.889990625886565,6.672011248936123,1,0,0,1,0
1,11.700248023708475,6.900024802370848,1,0,0,1,0
1,14.104665177430334,6.291602680625398,1,0,1,0,0
0,11.54653533382384,6.953464666176161,0,1,1,0,0
0,13.412084858128347,6.443957570935827,0,0,1,1,0
0,13.443469411241628,6.286938822483254,0,0,1,1,0
0,13.381351304572483,6.662702609144968,0,0,0,1,0
1,14.326133553668017,5.89295960339757,1,0,1,0,0
1,11.843705869929869,5.411379683661867,1,0,1,1,0
1,14.124785311931443,6.250429376137113,1,0,1,0,0
1,14.57872312460734,5.438298375706785,1,0,1,0,0
1,11.9600438736771,5.179912252645797,1,1,1,0,0
0,13.044788199774722,6.936807866816853,1,0,0,1,0
1,12.089946017739903,5.252513495565024,1,0,1,1,0
0,13.992794780876196,6.5,0,0,1,1,0
1,14.086783792348854,6.3,1,0,0,0,0
1,14.044787254277356,6.217264426127225,1,1,0,0,0
0,13.323653932346632,6.547307864693264,0,0,0,1,0
1,12.619923584275137,6.513282389516758,1,1,1,0,0
1,12.585453382965046,7.0,1,0,0,1,0
1,12.602666327497984,5.132444557500672,1,0,1,1,0
1,12.579494513205862,5.130126371698534,1,0,1,1,0
0,12.558097098812372,6.980634300395876,1,0,0,1,0
0,12.948935403853367,6.24893540385337,1,0,0,1,0
0,12.2,5.912301670625685,1,1,0,1,0
1,11.9,5.750646183757635,0,1,1,1,0
0,11.507700672598782,6.992299327401218,0,1,1,0,0
1,14.149736607093535,6.1572933673751225,1,1,0,0,0
0,13.330276575058251,6.409170274825249,0,0,1,1,0
0,14.16257619809356,6.5474847603812885,1,0,0,1,0
1,12.187571715312906,5.128857186971216,1,1,1,0,0
1,12.051672064458186,5.275836032229093,0,1,1,1,0
1,11.633911685985597,6.913564674394238,0,1,1,0,0
0,14.106756943660816,6.062912809077325,0,0,1,1,0
0,13.267500552616344,6.788332964922438,1,0,0,1,0
0,12.426404007524686,5.594803005643515,1,1,0,1,0
1,11.9,5.711750501103543,0,1,1,1,0
0,13.874298659616793,6.192056300212895,0,0,1,1,0
1,14.46312751116961,5.646370479894703,1,0,1,0,0
1,12.709939235285033,6.986747686286623,1,1,0,0,0
1,12.691439527943611,5.102140118014097,1,0,1,1,0
0,13.332365809280532,6.564731618561066,0,0,0,1,0
0,14.03718979581306,6.5,0,0,1,1,0
0,13.527854931894565,6.376124344090375,0,0,1,1,0
0,13.395239139837614,6.690478279675226,0,0,0,1,0
0,13.398159844531982,6.696319689063964,0,0,0,1,0
0,12.638960997295705,6.953679667568099,1,0,0,1,0
0,12.2,5.9644291903434485,1,1,0,1,0
1,13.635735017201393,6.388088327599536,1,1,0,0,0
0,12.2,5.94697440873168,1,1,0,1,0
0,13.448671321439132,6.425664339280434,0,0,1,1,0
0,13.417605827448496,6.441197086275752,0,0,1,1,0
0,13.324071496928324,6.548142993856648,0,0,0,1,0
0,14.22816255815424,6.38544170543616,1,0,1,0,0
1,14.325817698832148,5.8935281421021335,1,0,1,0,0
0,11.556308300471947,6.725233201887788,0,1,1,0,0
1,13.139379827031554,6.553540057656148,1,1,0,0,0
1,14.11534715095692,6.346041452870762,1,0,1,0,0
0,13.36850405090224,6.637008101804481,0,0,0,1,0
0,12.273690532268237,7.080267899201175,0,1,1,1,0
0,13.529770078988337,6.374482789438568,0,0,1,1,0
0,13.454965841413816,6.30993168282763,0,0,1,1,0
0,13.069273574518036,6.920484283654642,1,0,0,1,0
1,11.76159607274973,6.92053202424991,1,0,0,1,0
0,13.353380419476297,6.606760838952591,0,0,0,1,0
1,12.491731465604056,6.979173146560406,1,0,0,1,0
1,14.18615693042454,6.1276861391509225,1,0,1,0,0
0,12.250250381126948,5.798497713238307,1,1,0,1,0
1,11.669770925721702,6.927908370288681,0,1,1,0,0
1,12.327286541413066,6.978410817676633,1,0,0,1,0
1,11.841425209304155,5.241425209304158,1,0,1,1,0
0,13.819088373407022,6.126495679936839,0,0,1,1,0
0,12.751474448607048,6.026720190041555,1,1,0,1,0
1,11.780851400695743,6.9723405602782975,0,1,1,0,0
0,13.439955148573544,6.692008970285292,1,0,0,1,0
0,12.54242561626586,6.9858581279113805,1,0,0,1,0
0,13.073571242200106,6.373571242200105,1,0,0,1,0
0,13.306378130476936,6.762414579682043,1,0,0,1,0
1,12.703902903229398,6.994796129027468,1,1,0,0,0
0,13.135967817195713,6.435967817195713,1,0,0,1,0
0,13.347016703121833,6.35894989063451,0,0,1,1,0
1,12.283080967031538,7.094360322343846,1,0,0,1,0
0,12.232710102286942,7.049532576715206,0,1,1,1,0
1,12.954675740151822,6.645324259848177,1,1,0,0,0
0,13.109794139595484,6.404897069797742,0,0,1,1,0
0,14.329294445341905,6.4528629635612695,1,0,1,0,0
1,13.76817425211016,6.34394191596328,1,1,0,0,0
1,12.085702237500922,5.271404475001843,1,1,1,0,0
1,12.589320086265523,7.0,1,0,0,1,0
0,13.921419063443448,6.165878298086974,0,0,1,1,0
1,14.10440563462932,6.1831967802118175,1,1,0,0,0
1,13.145570985092936,6.6,1,1,0,0,0
0,13.321002884676666,6.621002884676666,1,0,0,1,0
1,14.58808607589579,5.421445063387576,1,0,1,0,0
1,12.64298961102736,7.0,1,0,0,1,0
0,13.9702045137301,6.138775270149946,0,0,1,1,0
0,12.24601583721331,5.823904976720141,1,1,0,1,0
1,12.023794843331268,5.147589686662535,1,1,1,0,0
1,12.411995564950992,5.172001108762252,1,0,1,1,0
0,12.287568373094102,5.537294880717696,1,1,0,1,0
0,14.390181701114331,6.498909077901592,0,0,1,1,0
1,11.95361523354388,5.25120507784796,1,0,1,1,0
0,13.312078267964004,6.524156535928004,0,0,0,1,0
0,12.61185083173775,6.96271638942075,1,0,0,1,0
0,14.278278033124872,6.418852022083248,1,0,1,0,0
0,13.38013363152266,6.259599105432026,0,0,1,1,0
1,11.886847275801578,6.675783269038105,1,0,0,1,0
1,12.210700080070287,6.963837510008786,1,0,0,1,0
0,12.974904359075062,6.274904359075061,1,0,0,1,0
0,12.40311515515933,5.577336366369497,1,1,0,1,0
1,14.275285338022972,5.949429323954058,1,0,1,0,0
0,13.910166752629776,6.172129581872348,0,0,1,1,0
0,14.337669681681117,6.458446454454078,1,0,1,0,0
1,14.03791943938909,6.437919439389089,1,1,0,0,0
1,13.0741604394573,6.6,1,1,0,0,0
0,13.377654618781577,6.6553092375631495,0,0,0,1,0
0,12.238052673429785,5.685841979710651,1,1,0,1,0
0,13.369493177326571,6.465253411336714,0,0,1,1,0
0,11.611077656739669,6.111228201411156,0,1,1,1,0
1,14.443354898989693,5.6819611818185525,1,0,1,0,0
1,13.029437418928596,6.6,1,1,0,0,0
1,12.25914416602319,5.2603112123552025,1,0,1,1,0
0,12.21989067406588,5.900546629670594,1,1,0,1,0
0,11.508537056243254,6.991462943756745,0,1,1,0,0
0,12.517029695527246,5.8,1,1,0,1,0
0,13.482118713803308,6.408940643098346,0,0,1,1,0
1,12.008620121255486,7.063448048502194,0,1,1,0,0
1,12.92719040444015,6.67280959555985,1,1,0,0,0
1,11.816408960155409,5.216408960155408,1,0,1,1,0
1,12.10374738679947,6.950468423349934,1,0,0,1,0
0,13.349317964874151,6.598635929748304,0,0,0,1,0
0,11.69080665267586,6.461838669464829,0,1,1,1,0
1,11.56008994130353,6.979820117392938,0,1,1,0,0
1,12.19607820717304,5.225980448206739,1,0,1,1,0
1,12.618907173086855,6.512604782057904,1,1,1,0,0
0,13.329612520649953,6.485193739675024,0,0,1,1,0
0,12.226744311948185,5.8,1,1,0,1,0
0,13.329551743959096,6.559103487918192,0,0,0,1,0
1,12.019136674142146,6.931913667414215,1,0,0,1,0
0,13.308792717120204,6.4736218486393895,0,0,1,1,0
1,12.055180001259505,5.261204999685124,1,0,1,1,0
1,11.617839202605088,6.982160797394913,1,0,0,1,0
0,13.358901755142393,6.727398829905072,1,0,0,1,0
0,14.386800698793811,6.5,0,0,1,1,0
1,11.913878012358245,5.237959337452748,1,0,1,1,0
1,14.006300796900568,6.3,1,0,0,0,0
0,13.875612346830987,6.191326473982784,0,0,1,1,0
1,13.707590685717818,6.364136438094061,1,1,0,0,0
0,13.800193879209395,6.233225622661447,0,0,1,1,0
1,11.60614052510658,5.789254081063487,1,1,1,0,0
0,11.678850596165208,6.464229880766959,0,1,1,1,0
0,12.032701715940831,6.899526286955624,0,1,1,1,0
1,12.7,5.241118889600159,1,0,1,1,0
1,13.531470526653544,6.447411789338583,1,1,0,0,0
1,14.106291550361544,6.287416899276912,1,0,1,0,0
1,14.020747677857027,6.3,1,0,0,0,0
1,12.467456251537156,7.016271874231422,1,0,0,1,0
0,13.058889339350204,6.813703553549932,1,0,0,1,0
1,12.936793560225446,6.663206439774553,1,1,0,0,0
0,12.2,5.986234412267625,1,1,0,1,0
0,11.595276362813673,6.881105451254696,0,1,1,0,0
0,12.245582947338498,5.772085263307513,1,1,0,1,0
1,11.963269655924853,5.181858927119461,1,0,1,1,0
1,11.571103775265575,6.957792449468848,0,1,1,0,0
0,13.311143660807248,6.611143660807247,1,0,0,1,0
1,14.167078528159808,6.501235584479425,1,0,1,0,0
0,13.091140243567978,6.395570121783988,0,0,1,1,0
1,12.859159678821865,6.672773119214576,1,1,1,0,0
0,12.282911853076172,5.551264440771486,1,1,0,1,0
1,14.29206840526938,5.915863189461239,1,0,1,0,0
1,14.18680380073825,6.1263923985235,1,0,1,0,0
0,13.457035190979878,6.421482404510061,0,0,1,1,0
0,13.363572275171022,6.309283174486939,0,0,1,1,0
1,11.9,5.582845653371139,0,1,1,1,0
1,12.7,5.442841325295122,1,0,1,1,0
0,12.088381941431727,7.088381941431727,0,1,1,1,0
0,13.801785039052485,6.232341644970842,0,0,1,1,0
1,12.80283162494298,7.08867350022808,1,1,1,0,0
1,14.22977841419057,6.111555191891104,1,1,0,0,0
1,12.418550810760426,6.989818851345053,1,0,0,1,0
1,13.021828526037249,6.592723824654251,1,1,0,0,0
1,11.564007810050466,6.971984379899067,0,1,1,0,0
0,13.012777396087191,6.356388698043596,0,0,1,1,0
1,14.182800519866312,6.548401559598939,1,0,1,0,0
1,11.515044837700469,7.069910324599066,0,1,1,0,0
1,13.043739831233392,6.642504067506644,1,1,0,0,0
1,12.7,5.507699046543194,1,0,1,1,0
1,12.857574214563668,6.7636386781545,1,1,1,0,0
0,13.355034231795344,6.714988589401552,1,0,0,1,0
1,12.29581642936315,7.098605476454383,1,0,0,1,0
1,11.700812888740856,6.900101611092607,1,0,0,1,0
1,12.003485565732197,5.106971131464388,1,1,1,0,0
0,14.00680941266704,6.5,0,0,1,1,0
0,11.604140224641364,6.135509213755229,0,1,1,1,0
1,11.963038019245053,6.926303801924505,1,0,0,1,0
0,12.934485666990431,6.317242833495216,0,0,1,1,0
1,14.234727622634418,6.0305447547311655,1,0,1,0,0
0,11.97929411326762,6.404141177346476,0,1,1,1,0
0,13.398361941199642,6.204914176401073,0,0,1,1,0
0,11.536913161091553,6.647652644366207,0,1,1,0,0
0,13.94464012583908,6.018879892137932,0,0,1,1,0
1,12.70049259609126,6.9993432052116535,1,1,0,0,0
0,11.626823964373036,6.056116124694372,0,1,1,1,0
0,12.628117590720032,6.957294136426656,1,0,0,1,0
1,12.78418502233353,6.873722466499706,1,1,1,0,0
0,11.584167344745254,6.205414293391608,0,1,1,1,0
1,11.844492395726713,5.244492395726712,1,0,1,1,0
0,13.487678617146909,6.406160691426546,0,0,1,1,0
1,13.914914704649997,6.3,1,0,0,0,0
0,13.063411065419686,6.363411065419685,1,0,0,1,0
1,14.18462324717886,6.553869741536585,1,0,1,0,0
1,12.788054789227193,6.882593614363741,1,1,0,0,0
1,12.088429823906475,7.095371929562591,0,1,1,0,0
0,13.92363412396191,6.164647708910049,0,0,1,1,0
1,11.73726569307089,5.403417883661387,0,1,1,1,0
1,13.907852384207317,6.3,1,0,0,0,0
0,12.07366331634439,7.073663316344391,0,1,1,1,0
0,13.492763462953953,6.403618268523024,0,0,1,1,0
0,13.51787484742703,6.390069529207206,0,0,1,1,0
1,12.83371954091844,7.015701147703899,1,1,0,0,0
0,12.507584711805912,6.9974717627313625,1,0,0,1,0
1,13.91945589564844,6.31945589564844,1,1,0,0,0
0,13.74488941000885,6.190094791420984,0,0,1,1,0
1,12.189454299695043,6.312654840365947,1,0,0,1,0
1,12.942166226442277,6.657833773557724,1,1,0,0,0
1,14.1256137772896,6.376841331868797,1,0,1,0,0
0,13.325775986289814,6.422672041130558,0,0,1,1,0
1,11.70904466471487,6.901130583089359,1,0,0,1,0
0,13.371792846677742,6.671792846677741,1,0,0,1,0
0,13.846667724461415,6.610666455107717,1,0,0,1,0
0,13.681488808664884,6.2444381640015285,0,0,1,1,0
1,13.086890107529602,6.571036630823466,1,1,0,0,0
1,12.615502309495335,7.0,1,0,0,1,0
1,11.832693252866257,6.740768096560493,1,0,0,1,0
1,14.035513045154977,6.3,1,0,0,0,0
1,11.517916538496507,7.082083461503492,1,0,0,1,0
0,12.251094037695072,5.646717886914781,1,1,0,1,0
1,11.83049267704398,6.743408787547223,1,0,0,1,0
1,11.95099847928219,5.225499239641095,0,1,1,1,0
0,13.377316299734762,6.268051100795714,0,0,1,1,0
0,13.420294351800438,6.439852824099781,0,0,1,1,0
1,11.697556517646582,6.939022607058633,0,1,1,0,0
1,11.906103699726795,5.264318525478103,1,1,1,0,0
1,12.745935813193464,6.931096280209804,1,1,1,0,0
0,13.360092960060372,6.319721119818887,0,0,1,1,0
0,13.495860639848328,6.680827872030335,1,0,0,1,0
1,14.27753683530221,5.980433696456024,1,0,1,0,0
1,11.728760380258484,5.306859429612274,1,0,1,1,0
1,11.741006491857233,6.913668830619078,1,0,0,1,0
1,14.597884148482231,5.403808532731981,1,0,1,0,0
1,12.99364847627077,6.60635152372923,1,1,0,0,0
0,13.312942541773406,6.493528729113297,0,0,1,1,0
1,11.734744019487776,6.904343002435972,1,0,0,1,0
1,12.689548798892394,7.0,1,0,0,1,0
1,14.117543881863408,6.352631645590227,1,0,1,0,0
0,12.2,5.842217227265391,1,1,0,1,0
0,14.050644434340883,5.928019056279242,0,0,1,1,0
0,12.501785765757989,6.999404744747338,1,0,0,1,0
0,13.461163022024389,6.322326044048778,0,0,1,1,0
0,13.312040951862286,6.758639365425142,1,0,0,1,0
1,14.215306130377757,6.069387739244487,1,0,1,0,0
1,12.9,6.9329821329957575,1,1,1,0,0
1,12.7,5.673916048930031,1,0,1,1,0
1,11.947560052277806,5.223780026138903,0,1,1,1,0
0,13.300262364740458,6.500524729480914,0,0,0,1,0
0,13.047723695359675,6.934850869760218,1,0,0,1,0
1,11.576346654861606,6.94730669027679,0,1,1,0,0
1,13.900320553783702,6.3,1,0,0,0,0
1,12.944579165102802,6.6554208348972,1,1,0,0,0
0,13.393097038849866,6.220708883450401,0,0,1,1,0
1,13.938908473228578,6.3,1,0,0,0,0
1,12.590970856193548,5.139646961384164,1,0,1,1,0
1,12.965593370499825,6.68601657375044,1,1,0,0,0
0,13.305334396911416,6.510668793822831,0,0,0,1,0
1,14.387910918260877,5.781760347130424,1,0,1,0,0
0,11.657343200470674,6.657343200470674,0,1,1,1,0
0,13.17762090367711,6.774126365440964,1,0,0,1,0
1,14.135094907663005,6.165660052763998,1,1,0,0,0
1,11.70225472780103,5.457294326638763,1,1,1,0,0
0,13.95798493609277,6.450887215121419,0,0,1,1,0
1,11.961841906463672,5.230920953231836,0,1,1,1,0
1,13.621726660621494,6.392757779792835,1,1,0,0,0
1,11.793606734009716,6.787671919188338,1,0,0,1,0
1,11.839746869485124,5.275316413143596,0,1,1,1,0
0,13.112984022634103,6.891343984910598,1,0,0,1,0
1,14.271945125461002,5.990498774170194,1,0,1,0,0
0,13.384539550416052,6.669079100832104,0,0,0,1,0
1,11.999382317050236,5.101235365899526,1,1,1,0,0
1,12.12844130541693,6.385870433499685,1,0,0,1,0
0,11.856444338816518,6.942740723136087,0,1,1,0,0
0,13.681569849077269,6.420174427675252,0,0,1,1,0
1,12.33888588749562,6.979860735936953,1,0,0,1,0
1,11.81067287785142,5.210672877851419,1,0,1,1,0
0,13.859524602791646,6.200264109560197,0,0,1,1,0
0,13.338613400157282,6.384159799528158,0,0,1,1,0
0,13.366375429787515,6.466812285106242,0,0,1,1,0
0,13.333450636299853,6.399648091100448,0,0,1,1,0
1,12.415960834671946,5.131559907258673,1,0,1,1,0
1,14.238938583410828,6.0221228331783445,1,0,1,0,0
1,12.7,5.153126104560889,1,0,1,1,0
0,11.578276177126323,6.921723822873677,0,1,1,0,0
1,12.936884255308664,6.6631157446913365,1,1,0,0,0
0,13.71674340366587,6.214219939714968,0,0,1,1,0
1,12.481029793313018,5.154742551671745,1,0,1,1,0
0,13.418001017392116,6.440999491303942,0,0,1,1,0
0,13.311180078070084,6.466459765789752,0,0,1,1,0
0,13.296045907910116,6.5960459079101135,1,0,0,1,0
0,13.700151923390598,6.422239102598955,0,0,1,1,0
1,13.119450009965512,6.560183330011495,1,1,0,0,0
1,12.930945937684523,6.669054062315476,1,1,0,0,0
0,12.924094875989471,7.017270082673687,1,0,0,1,0
0,12.424030419859193,5.8,1,1,0,1,0
0,13.036731436419672,6.9421790423868845,1,0,0,1,0
1,12.300120948178716,5.233293017273761,1,0,1,1,0
0,11.601710796037205,6.601710796037205,0,1,1,1,0
0,14.148576308715317,6.5,0,0,1,1,0
0,11.518214183238069,6.436250358666765,0,1,1,1,0
0,13.415874421793848,6.69682511564123,1,0,0,1,0
0,12.260486077052052,5.618541768843842,1,1,0,1,0
0,13.515282922851178,6.391509487304901,0,0,1,1,0
1,12.651849547640676,7.0,1,0,0,1,0
0,13.42811007681316,6.43594496159342,0,0,1,1,0
1,14.05699294265905,6.3,1,0,0,0,0
1,12.07830779607767,5.255423050980582,1,0,1,1,0
1,12.97940317292846,6.651492067678854,1,1,0,0,0
1,12.558891641926373,6.9858891641926375,1,0,0,1,0
1,11.746815535560131,5.446612532523589,1,0,1,1,0
1,12.9,6.984110780539565,1,1,1,0,0
1,14.139503482701944,6.220993034596107,1,0,1,0,0
0,13.07985900653142,6.3899295032657095,0,0,1,1,0
0,12.560113528853146,5.8,1,1,0,1,0
1,11.9,5.201786042515288,0,1,1,1,0
1,13.88921774852677,6.30359408382441,1,1,0,0,0
0,14.05859518118847,6.568280963762306,1,0,0,1,0
1,12.365059312641389,7.067470343679306,1,0,0,1,0
0,13.382685143881371,6.665370287762741,0,0,0,1,0
1,12.03304436947938,6.500346756624743,1,0,0,1,0
1,11.862967113983435,5.274065772033125,0,1,1,1,0
0,14.132599617773636,6.321733078515758,1,0,1,0,0
1,14.008593384805684,6.408593384805686,1,1,0,0,0
0,13.396652393542178,6.6933047870843545,0,0,0,1,0
1,11.64476675673711,5.432849864894337,1,0,1,1,0
1,14.05968904524496,6.459689045244958,1,1,0,0,0
1,12.063409496253044,5.331487455907984,1,0,1,1,0
1,12.953389422260138,6.646610577739862,1,1,0,0,0
1,12.86295860469706,6.848165581211763,1,1,1,0,0
0,13.391985664466644,6.683971328933291,0,0,0,1,0
0,13.230269255658524,6.530269255658523,1,0,0,1,0
0,13.84628121690302,6.103187528368841,0,0,1,1,0
1,12.9,6.779018752162823,1,1,1,0,0
1,14.15518946491052,6.465568394731562,1,0,1,0,0
0,13.200083001178676,6.500083001178675,1,0,0,1,0
0,12.10810493486026,6.984684155810044,0,1,1,0,0
0,11.55003303497175,6.4899933930056495,0,1,1,1,0
1,11.89066010025082,5.231207879699015,1,1,1,0,0
1,13.406362198513676,6.464545933828775,1,1,0,0,0
1,12.536297773406126,6.983629777340613,1,0,0,1,0
1,11.952848192375,5.2264240961875,0,1,1,1,0
0,11.516946665104424,6.567786660417695,0,1,1,0,0
0,11.628062680651322,6.474387463869736,0,1,1,1,0
0,11.545164458258874,6.954835541741126,0,1,1,0,0
0,12.96586054341211,6.844713152195964,1,0,0,1,0
1,14.133105169358744,6.399315508076231,1,0,1,0,0
0,14.076405634990502,6.0797746472275,0,0,1,1,0
0,11.602631796664,6.140788711676003,0,1,1,1,0
0,13.022524763992797,6.825825078669068,1,0,0,1,0
1,14.203166153164238,6.126762198191864,1,1,0,0,0
1,11.882065609236932,5.282065609236931,1,0,1,1,0
1,13.083831483102465,6.6,1,1,0,0,0
1,12.21857618712344,6.96482202339043,1,0,0,1,0
0,13.323034180338812,6.546068360677625,0,0,0,1,0
0,11.59353604680462,6.906463953195381,0,1,1,0,0
0,13.552907842187302,6.5,0,0,1,1,0
1,11.742053670963337,6.914017890321112,1,0,0,1,0
0,11.912377268370582,6.912377268370583,0,1,1,1,0
0,12.563196183334131,5.80706221388982,1,1,0,1,0
0,14.169897397266576,5.825802230914363,0,0,1,1,0
0,13.389524154433952,6.231427536698148,0,0,1,1,0
0,14.011725633319273,6.4568584037021415,0,0,1,1,0
1,12.523607824234348,5.164142609369328,1,0,1,1,0
0,13.71217181890181,6.423574646544646,0,0,1,1,0
1,12.7,5.651733327597137,1,0,1,1,0
1,14.068671524278196,6.3,1,0,0,0,0
1,12.958997444224105,6.702506389439744,1,1,0,0,0
0,12.21875597596034,5.743732072118977,1,1,0,1,0
0,13.346800000923691,6.7177333330254365,1,0,0,1,0
0,14.374193449369438,6.5,0,0,1,1,0
0,13.30801182275374,6.475964531738781,0,0,1,1,0
1,11.9,5.246667281905198,0,1,1,1,0
0,12.5260973276351,5.669572995726325,1,1,0,1,0
0,13.24613823682856,6.473069118414279,0,0,1,1,0
0,13.41239146398117,6.697521707203767,1,0,0,1,0
0,11.54807449784296,6.692297991371839,0,1,1,0,0
0,14.32333130671025,6.448887537806833,1,0,1,0,0
1,11.585651290553304,5.597218451336038,1,1,1,0,0
1,11.90162302340563,5.218052371913243,1,1,1,0,0
0,12.45261471516802,5.614461036376014,1,1,0,1,0
1,11.756575323027109,5.2723744616214905,1,0,1,1,0
0,13.427232984539726,6.254465969079451,0,0,1,1,0
1,12.66124441965911,6.996124441965911,1,0,0,1,0
0,13.907506133951864,6.4452784593279855,0,0,1,1,0
1,14.488279655055472,5.601096620900149,1,0,1,0,0
1,11.681703113687393,5.377445329468912,1,0,1,1,0
1,12.510468060058118,7.0,1,0,0,1,0
0,13.664769850378944,6.5,0,0,1,1,0
1,14.144090425348038,6.220637234373531,1,0,1,0,0
0,12.83806164005722,6.887312786647593,1,0,0,1,0
0,13.322391676437007,6.43282497068898,0,0,1,1,0
0,12.802936089281651,6.899021303572783,1,0,0,1,0
0,13.3077736713345,6.49611316433275,0,0,1,1,0
0,13.3166476557819,6.5332953115638,0,0,0,1,0
0,13.562094697900145,6.406899410877794,0,0,1,1,0
1,13.903817105416746,6.3,1,0,0,0,0
0,12.568878146263298,5.701658609697474,1,1,0,1,0
0,12.592907950528373,5.841725942283099,1,1,0,1,0
0,13.366057644067151,6.666057644067151,1,0,0,1,0
0,13.366225724516465,6.632451449032929,0,0,0,1,0
0,13.48465499268861,6.369309985377218,0,0,1,1,0
0,12.2,6.081167133274457,1,1,0,1,0
0,13.321119306129807,6.489440346935096,0,0,1,1,0
0,12.8659117336545,6.878029422115167,1,0,0,1,0
1,11.796630619533186,6.978652247813275,0,1,1,0,0
1,14.161926218564409,6.561926218564406,1,1,0,0,0
0,13.440985465716343,6.2819709314326895,0,0,1,1,0
0,12.202485939432018,6.085084363407891,1,1,0,1,0
0,13.453198602053256,6.4234006989733725,0,0,1,1,0
0,12.850480372153235,7.066346418564509,1,0,0,1,0
1,11.622293311848772,6.977706688151225,1,0,0,1,0
1,14.391921158673586,5.774541914387543,1,0,1,0,0
0,13.405992016340116,6.21198403268023,0,0,1,1,0
0,13.984293723962404,6.453810413773601,0,0,1,1,0
1,14.547438531762827,5.494610642826912,1,0,1,0,0
1,11.871435258518767,5.223811752839589,1,0,1,1,0
1,11.687243589834782,6.912756410165216,1,0,0,1,0
1,12.9,6.741675841529507,1,1,1,0,0
1,13.26907235350154,6.552371058599385,1,1,0,0,0
1,11.71162104477479,5.347298258708685,1,0,1,1,0
1,12.02019266046282,5.269951834884295,1,0,1,1,0
1,12.010052419142866,6.527937097028559,1,0,0,1,0
0,13.331274123243764,6.562548246487527,0,0,0,1,0
1,14.272157360906403,5.955685278187195,1,0,1,0,0
0,13.346564384709977,6.593128769419948,0,0,0,1,0
0,13.454552211663335,6.309104423326671,0,0,1,1,0
0,13.718276315343486,6.636344736931303,1,0,0,1,0
1,12.028585807821509,7.00952860260717,1,0,0,1,0
0,13.360157392928494,6.319527821214519,0,0,1,1,0
1,11.959518788437151,6.588577453875415,1,0,0,1,0
1,13.050740021333068,6.6,1,1,0,0,0
0,11.931420783637794,6.955236797272966,0,1,1,0,0
0,11.523178739167626,6.5231787391676255,0,1,1,1,0
0,13.250098983135445,6.550098983135445,1,0,0,1,0
0,13.365178770949786,6.711607076350072,1,0,0,1,0
1,12.65072278631232,7.0,1,0,0,1,0
1,13.980710540445669,6.3,1,0,0,0,0
1,12.09015352936241,6.9390153529362415,1,0,0,1,0
0,13.718094759294369,6.5,0,0,1,1,0
0,13.395396621843863,6.690793243687728,0,0,0,1,0
1,11.86886933942136,6.916886933942137,1,0,0,1,0
1,11.924460940458754,6.974820313486251,1,0,0,1,0
1,11.753508306580448,5.395790032103463,1,1,1,0,0
1,14.181682608834056,6.136634782331885,1,0,1,0,0
1,13.020381866164612,6.6,1,1,0,0,0
0,13.370339451464222,6.288981645607334,0,0,1,1,0
1,12.250331840816564,5.249889386394479,1,0,1,1,0
0,11.542168926946232,6.957831073053768,0,1,1,0,0
1,11.87401193764538,5.274011937645382,1,0,1,1,0
0,14.383425260527158,6.488950173684772,1,0,1,0,0
1,14.129707886376163,6.389123659128495,1,0,1,0,0
0,13.103322004099288,6.897785330600476,1,0,0,1,0
1,11.551357326062782,6.997285347874435,0,1,1,0,0
0,12.622981463986283,5.742236097989713,1,1,0,1,0
0,11.708969376744449,6.45820612465111,0,1,1,1,0
1,13.963861403889682,6.3,1,0,0,0,0
1,11.818787234221414,6.987514893688566,0,1,1,0,0
0,13.368054027761607,6.721297314825595,1,0,0,1,0
1,14.229601311942307,6.111656393175824,1,1,0,0,0
0,13.113541659787606,6.406770829893802,0,0,1,1,0
0,12.234397819216383,5.696806542350846,1,1,0,1,0
0,13.036843314040416,6.336843314040416,1,0,0,1,0
0,11.561454369480956,6.938545630519045,0,1,1,0,0
1,12.128360594006086,7.042786864668694,1,0,0,1,0
0,12.870046277592351,6.876651240802549,1,0,0,1,0
0,13.722872234708188,6.5,0,0,1,1,0
0,12.255648436640351,5.6330546900789455,1,1,0,1,0
1,12.182290104077156,6.960286263009645,1,0,0,1,0
0,13.554889386479054,6.406098820719895,0,0,1,1,0
1,11.860703609880488,5.260703609880487,1,0,1,1,0
1,13.652935559210356,6.398825776315857,1,1,0,0,0
0,12.84799395384462,6.13932627948539,1,1,0,1,0
0,13.400821135255867,6.201642270511734,0,0,1,1,0
1,12.179240682410198,6.324911181107762,1,0,0,1,0
1,13.944723348292731,6.3,1,0,0,0,0
1,12.969009804770604,6.677475488073492,1,1,0,0,0
1,12.002868700310255,6.536557559627694,1,0,0,1,0
1,13.397524588432905,6.467491803855699,1,1,0,0,0
0,13.4472618409521,6.42636907952395,0,0,1,1,0
1,11.794752088948243,6.786297493262108,1,0,0,1,0
0,12.2,5.871147368746534,1,1,0,1,0
1,14.340512397838872,5.86707768389003,1,0,1,0,0
0,14.189633765913507,6.359755843942338,1,0,1,0,0
1,11.874060207470103,5.251879585059792,0,1,1,1,0
0,13.021457966089873,6.360728983044936,0,0,1,1,0
0,13.307102185514111,6.496448907242944,0,0,1,1,0
1,11.50964347272032,5.6879456590996,0,1,1,1,0
0,13.60093460935299,6.31348462055458,0,0,1,1,0
1,11.592317304313587,6.915365391372821,0,1,1,0,0
1,11.591903076282316,6.916193847435366,0,1,1,0,0
1,14.412039980995177,5.738328034208684,1,0,1,0,0
1,11.63140195871602,6.968598041283981,1,0,0,1,0
0,11.591335653078836,6.180325214224079,0,1,1,1,0
0,11.61456282679707,6.61456282679707,0,1,1,1,0
0,13.498539569692104,6.39707913938421,0,0,1,1,0
0,12.891481520131864,6.190061773487173,1,1,0,1,0
0,11.596160355377686,6.1634387561781,0,1,1,1,0
1,13.075779585507952,6.6,1,1,0,0,0
0,13.016827137357286,6.316827137357286,1,0,0,1,0
0,11.676800841997563,6.676800841997563,0,1,1,1,0
0,13.926922635229158,6.447435848358795,0,0,1,1,0
1,13.992094494847978,6.392094494847978,1,1,0,0,0
1,12.64531960017317,5.113670099956707,1,0,1,1,0
0,12.34339218196868,5.881938389696389,1,1,0,1,0
0,13.419735263813504,6.4401323680932485,0,0,1,1,0
1,11.710171517706186,5.459937629925023,1,0,1,1,0
0,13.397976853829489,6.695953707658978,0,0,0,1,0
1,12.152799687807692,6.956599960975962,1,0,0,1,0
0,14.07553809576618,5.906681632200415,0,0,1,1,0
1,12.008209047958918,6.530149142449298,1,0,0,1,0
1,11.575857344584255,6.948285310831484,0,1,1,0,0
1,12.914601426134132,6.713864765154491,1,1,0,0,0
0,13.830349497930428,6.613930100413914,1,0,0,1,0
1,12.582098282756176,5.139300572414608,1,0,1,1,0
1,12.373112847825864,5.208962384058045,1,0,1,1,0
1,11.57470608310755,6.9505878337848985,0,1,1,0,0
0,12.230038672497392,5.849806637513041,1,1,0,1,0
1,11.82502969786452,5.418171018958356,1,0,1,1,0
1,12.7,5.486724619162991,1,0,1,1,0
0,13.36579723909938,6.302608282701863,0,0,1,1,0
1,12.598271914693663,5.136992031020485,1,0,1,1,0
1,11.678424491530516,6.931369796612207,0,1,1,0,0
1,13.524211965238209,6.425262678253931,1,1,0,0,0
0,12.844495935021138,7.070336043319242,1,0,0,1,0
0,13.426525197430228,6.436737401284886,0,0,1,1,0
1,12.64898708954916,7.0,1,0,0,1,0
1,11.80515325282342,5.20515325282342,1,0,1,1,0
0,12.252570964448616,5.642287106654146,1,1,0,1,0
1,12.330249621798938,6.978781202724868,1,0,0,1,0
1,12.660162983067451,5.104426335214727,1,0,1,1,0
1,14.202875624628906,6.094248750742188,1,0,1,0,0
0,13.959347612542867,6.588130477491426,1,0,0,1,0
1,12.437618247442735,7.031190876278632,1,0,0,1,0
1,12.37011951271534,6.983764939089418,1,0,0,1,0
1,12.112628902515455,6.941262890251546,1,0,0,1,0
0,13.157613654776643,6.780795448407785,1,0,0,1,0
1,14.033169120717211,6.3,1,0,0,0,0
0,11.811624698185009,6.935270783030835,0,1,1,0,0
1,13.018701223000791,6.6,1,1,0,0,0
1,12.828852279933066,6.828196960089244,1,1,0,0,0
0,14.152773822022048,5.84047958112396,0,0,1,1,0
0,12.985982531946906,6.976011645368729,1,0,0,1,0
1,11.830908525980938,6.742909768822875,1,0,0,1,0
0,14.193083843827608,6.362055895885071,1,0,1,0,0
0,13.387399361336634,6.674798722673265,0,0,0,1,0
1,14.034342337447,6.3,1,0,0,0,0
0,13.303232710649084,6.506465421298168,0,0,0,1,0
0,11.595835964846398,6.883343859385592,0,1,1,0,0
1,11.601467490103015,5.57823901187638,1,1,1,0,0
1,12.79596676319514,6.856049855207288,1,1,1,0,0
0,12.103100803726328,6.983850133954388,0,1,1,0,0
0,13.624099724234044,6.293628807799393,0,0,1,1,0
1,11.859902573630496,7.003961029452198,0,1,1,0,0
0,13.795280578146487,6.235955234363062,0,0,1,1,0
1,13.893491385935077,6.302169538021642,1,1,0,0,0
0,12.23461660291968,5.69615019124096,1,1,0,1,0
0,13.206341506129087,6.453170753064544,0,0,1,1,0
0,12.420201899221048,5.8,1,1,0,1,0
1,14.165249191636429,6.182551455054428,1,0,1,0,0
0,13.37272363906693,6.281829082799212,0,0,1,1,0
0,12.68914241060646,6.936952529797847,1,0,0,1,0
0,13.910359081194647,6.597928183761071,1,0,0,1,0
1,11.922918051512148,6.974306017170717,1,0,0,1,0
1,14.127684990101567,6.24463001979686,1,0,1,0,0
1,13.046597277819124,6.641361088872351,1,1,0,0,0
1,12.475495907479038,5.174834697506987,1,0,1,1,0
1,13.76072152685574,6.355711389257704,1,1,0,0,0
0,14.370655532528284,6.496739503614254,0,0,1,1,0
1,14.194006328427625,6.594006328427623,1,1,0,0,0
0,12.267296309420995,5.598111071737016,1,1,0,1,0
1,12.291413567972937,5.145398492447452,1,0,1,1,0
1,11.533072975246082,7.066927024753918,1,0,0,1,0
0,11.548043695987928,6.951956304012073,0,1,1,0,0
0,12.869319739292202,6.182468422452687,1,1,0,1,0
0,13.151051648708563,6.451051648708565,1,0,0,1,0
0,13.315315843725884,6.454052468822351,0,0,1,1,0
0,13.09766144922318,6.39883072461159,0,0,1,1,0
0,13.712131223490555,6.637573755301889,1,0,0,1,0
1,11.825944558746562,6.990377823498625,0,1,1,0,0
0,14.35089057867605,6.467260385784033,1,0,1,0,0
0,12.991455075044604,6.345727537522302,0,0,1,1,0
0,13.349614055723496,6.351157832829515,0,0,1,1,0
1,13.517458335257116,6.427513888247628,1,1,0,0,0
1,14.104903465209224,6.314710395627671,1,0,1,0,0
0,13.233763564749353,6.8108242901671,1,0,0,1,0
0,14.382446278379092,6.5,0,0,1,1,0
1,13.140053931813837,6.6,1,1,0,0,0
1,11.796666431882327,5.205000352176507,1,0,1,1,0
0,14.081601205888289,6.4646223562098095,0,0,1,1,0
1,11.658262539573212,5.698040555746878,1,1,1,0,0
1,14.123405654164644,6.253188691670712,1,0,1,0,0
0,11.523100038820305,6.976899961179696,0,1,1,0,0
1,12.51567274570352,5.161442418098826,1,0,1,1,0
1,13.136414787363508,6.605434085054597,1,1,0,0,0
1,13.141186623679769,6.552937792106745,1,1,0,0,0
1,11.742622265084073,5.4481373581512464,1,0,1,1,0
1,13.616726170487384,6.394424609837539,1,1,0,0,0
1,13.270221317613162,6.509926227462279,1,1,0,0,0
1,11.59388219023262,6.912235619534761,0,1,1,0,0
1,11.567608855044844,6.964782289910308,0,1,1,0,0
1,14.242802172679836,6.042956089176294,1,0,1,0,0
1,13.914088987635871,6.3,1,0,0,0,0
1,14.05775719729962,6.3,1,0,0,0,0
0,13.281143589873622,6.581143589873623,1,0,0,1,0
1,11.687751439195816,5.368372841206276,1,0,1,1,0
1,11.545840412278526,7.054159587721474,1,0,0,1,0
0,14.19782542049859,5.801863925286923,0,0,1,1,0
0,12.411852267455137,5.630494312030991,1,1,0,1,0
0,11.58444366068598,6.8377746427439146,0,1,1,0,0
1,12.859224912539268,6.863100349842936,1,1,1,0,0
1,11.751082070824276,6.96043282832971,0,1,1,0,0
0,11.573246715161538,6.792986860646155,0,1,1,0,0
0,13.366489870688572,6.466755064655714,0,0,1,1,0
0,12.938834470885864,6.853721843038045,1,0,0,1,0
1,14.18137197833921,6.544115935017629,1,0,1,0,0
1,12.274055044943209,5.254889074566106,1,0,1,1,0
1,11.827819344162153,5.209273114720717,1,0,1,1,0
0,14.36523275251916,6.476821835012773,1,0,1,0,0
0,13.521497056586323,6.388057190785375,0,0,1,1,0
0,14.14375776214101,6.551248447571799,1,0,0,1,0
1,11.945774455172623,5.208451089654753,1,1,1,0,0
0,14.215465812701064,6.376977208467376,1,0,1,0,0
0,12.257218876550787,5.713905617246059,1,1,0,1,0
1,13.504141648170696,6.431952783943101,1,1,0,0,0
1,12.840181255757454,6.999546860606364,1,1,0,0,0
1,12.944049701162804,6.655950298837196,1,1,0,0,0
1,12.63310040795784,5.107433288004684,1,0,1,1,0
0,13.25180923825264,6.55180923825264,1,0,0,1,0
1,12.00441622319664,5.177287086311485,1,0,1,1,0
0,13.426228381167933,6.436885809416034,0,0,1,1,0
1,12.837502996164266,6.949988015342937,1,1,1,0,0
0,14.3304437416802,6.51391125166396,1,0,0,1,0
0,12.9838348433097,6.977443437793534,1,0,0,1,0
1,11.96615482045243,6.926615482045244,1,0,0,1,0
1,13.517485775527703,6.453005689788919,1,1,0,0,0
1,11.998715573463215,7.059486229385286,0,1,1,0,0
1,11.805903865294136,5.205903865294138,1,0,1,1,0
1,13.900640095776165,6.3,1,0,0,0,0
0,11.599703762583902,6.151036830956343,0,1,1,1,0
1,12.062920067029772,5.2592699832425565,1,0,1,1,0
0,14.100431504900154,6.5,0,0,1,1,0
0,13.105641412057716,6.798119529314095,1,0,0,1,0
0,13.354867008434406,6.60973401686881,0,0,0,1,0
1,14.128114017644917,6.384342052934744,1,0,1,0,0
0,13.432877808621669,6.265755617243334,0,0,1,1,0
1,13.219003963142049,6.572398414743182,1,1,0,0,0
1,13.039903132831943,6.6,1,1,0,0,0
0,12.221121329745376,5.73663601076387,1,1,0,1,0
1,12.81618689868249,6.845084135090014,1,1,0,0,0
1,12.657184000488291,6.538122666992194,1,1,1,0,0
0,11.575786166713682,6.803144666854728,0,1,1,0,0
0,14.04233262055785,6.57153347588843,1,0,0,1,0
1,11.987301594094118,5.125396811811761,1,1,1,0,0
0,14.276164827671677,6.417443218447783,1,0,1,0,0
0,13.827133019197571,6.614573396160486,1,0,0,1,0
1,12.776439314413834,6.898080914114887,1,1,0,0,0
0,11.559911717634094,6.940088282365905,0,1,1,0,0
1,11.76890333361172,6.908612916701466,1,0,0,1,0
1,12.922027407446896,6.677972592553105,1,1,0,0,0
1,11.838555803159268,5.382527344471284,1,1,1,0,0
0,13.37671452485531,6.653429049710617,0,0,0,1,0
1,13.867000768534467,6.310999743821844,1,1,0,0,0
1,14.121146243609893,6.257707512780214,1,0,1,0,0
0,14.2638999846402,6.4092666564268,1,0,1,0,0
0,12.436890016955994,5.602667512716995,1,1,0,1,0
0,13.025442058774338,6.949705294150442,1,0,0,1,0
1,14.010860041780886,6.3,1,0,0,0,0
0,13.782159744966966,6.5,0,0,1,1,0
1,13.973814603965453,6.257820226305457,1,1,0,0,0
1,12.619743900985778,6.991974390098578,1,0,0,1,0
1,12.7,5.193787399914538,1,0,1,1,0
1,14.12435794542974,6.373073836289218,1,0,1,0,0
0,12.161584036465072,6.9935973394108455,0,1,1,0,0
1,14.033113376450062,6.3,1,0,0,0,0
1,11.82986404679102,6.916233005848878,1,0,0,1,0
0,13.645056389253742,6.650988722149251,1,0,0,1,0
0,13.38761940032901,6.456190299835495,0,0,1,1,0
1,12.897286019196192,6.856784952009518,1,1,0,0,0
0,12.226516691579212,5.94089985052473,1,1,0,1,0
0,13.728224241609444,6.425358249067716,0,0,1,1,0
0,11.96964715995238,6.961607859992063,0,1,1,0,0
0,13.487460292153257,6.374920584306515,0,0,1,1,0
1,14.151270700384268,6.197458599231465,1,0,1,0,0
0,13.361308369302105,6.5,0,0,1,1,0
1,12.742292307976829,6.943610256030895,1,1,0,0,0
1,14.145089657061469,6.435268971184406,1,0,1,0,0
0,12.865151999241434,7.056565333839044,1,0,0,1,0
1,13.922199030785782,6.3,1,0,0,0,0
1,14.083048662005536,6.3,1,0,0,0,0
1,14.149752632188228,6.200494735623548,1,0,1,0,0
0,14.156807101578256,6.337871401052171,1,0,1,0,0
1,12.70571490587766,6.992380125496451,1,1,0,0,0
1,12.311529153665788,5.143163427370468,1,0,1,1,0
1,11.794783371146188,5.207824943280718,1,0,1,1,0
0,13.311900370762206,6.494049814618897,0,0,1,1,0
0,13.861735483694774,6.5,0,0,1,1,0
0,13.38992915489593,6.679858309791859,0,0,0,1,0
1,13.13003187812071,6.607987248751717,1,1,0,0,0
0,13.315858096763082,6.531716193526162,0,0,0,1,0
0,13.337828275903634,6.575656551807269,0,0,0,1,0
0,13.341690649125898,6.479154675437052,0,0,1,1,0
1,11.621524728290886,5.548094089636392,0,1,1,1,0
1,11.624400353500034,6.975599646499965,1,0,0,1,0
1,12.015100381947455,5.130200763894915,1,1,1,0,0
0,13.79713286103884,6.433014762337649,0,0,1,1,0
1,11.779638084822723,6.926546028274242,1,0,0,1,0
0,14.166426536031077,6.34428435735405,1,0,1,0,0
0,12.930806739433304,6.230806739433304,1,0,0,1,0
1,14.27255535699437,5.989400357410134,1,0,1,0,0
0,11.76827978388475,6.44634404322305,0,1,1,1,0
0,11.782424720442448,6.930404120073741,0,1,1,0,0
1,11.9,5.293657608407373,0,1,1,1,0
0,14.170806612933038,6.027329659481646,0,0,1,1,0
0,14.296080947740704,6.430720631827137,1,0,1,0,0
0,13.87899350548722,6.1894480525071005,0,0,1,1,0
0,13.965932170056991,6.0006295685225775,0,0,1,1,0
0,13.38111834194838,6.256644974154864,0,0,1,1,0
0,13.409143294264046,6.445428352867977,0,0,1,1,0
1,14.140729682082336,6.226686572251794,1,0,1,0,0
1,14.122652410253751,6.254695179492493,1,0,1,0,0
0,11.575745294186358,6.924254705813642,0,1,1,0,0
0,13.107251411682467,6.797582862772511,1,0,0,1,0
0,13.947879870102744,6.5,0,0,1,1,0
0,11.75552506113947,6.448894987772106,0,1,1,1,0
0,11.532109994077604,6.9678900059223965,0,1,1,0,0
1,11.54055186256166,7.05944813743834,1,0,0,1,0
0,13.321824246315058,6.489087876842471,0,0,1,1,0
1,14.539124246657734,5.93478614476701,1,1,0,0,0
0,14.103299037299214,6.46703322636658,0,0,1,1,0
0,11.775823767201768,6.775823767201769,0,1,1,1,0
1,13.999444519577407,6.3,1,0,0,0,0
0,13.006081738287088,6.962612174475274,1,0,0,1,0
1,11.807337547373196,5.385324905253608,0,1,1,1,0
0,13.62008301949096,6.333287211393912,0,0,1,1,0
1,14.227384478811286,6.045231042377429,1,0,1,0,0
1,12.099756023298184,6.420292772042178,1,0,0,1,0
1,11.666962014200356,5.42172997633274,1,0,1,1,0
1,11.660602915629577,5.678794168740848,0,1,1,1,0
0,13.336845999843838,6.636845999843838,1,0,0,1,0
1,12.590727953680672,5.127318011579832,1,0,1,1,0
1,12.455500715320676,5.16112482116983,1,0,1,1,0
0,13.301089618788604,6.765940254140931,1,0,0,1,0
1,11.95172676094091,5.196546478118182,1,1,1,0,0
0,13.43485154202548,6.43257422898726,0,0,1,1,0
1,12.605821685637771,7.0,1,0,0,1,0
1,14.094644085082178,6.3,1,0,0,0,0
1,11.9,5.76935688886278,0,1,1,1,0
1,12.733993661003217,5.212922101692802,1,1,1,0,0
0,11.57586257376149,6.924137426238509,0,1,1,0,0
0,13.306703092550991,6.513406185101983,0,0,0,1,0
0,13.47877888830812,6.357557776616242,0,0,1,1,0
0,13.394937574575692,6.215187276272926,0,0,1,1,0
0,14.24692184927714,6.482991316586349,0,0,1,1,0
1,11.567360875680968,6.965278248638063,0,1,1,0,0
1,14.271613688973265,5.9567726220534745,1,0,1,0,0
0,11.79857217743151,6.79857217743151,0,1,1,1,0
0,11.683625357341368,6.68362535734137,0,1,1,1,0
0,12.2,5.891883433670521,1,1,0,1,0
1,13.617178188471623,6.413128724611351,1,1,0,0,0
1,13.900289488553067,6.300289488553069,1,1,0,0,0
1,11.611898542611272,5.560126821735909,0,1,1,1,0
0,13.856617033399722,6.608676593320055,1,0,0,1,0
0,13.329792727709693,6.485103636145155,0,0,1,1,0
0,13.35054252948308,6.601085058966157,0,0,0,1,0
0,12.95584640132527,6.848051199558244,1,0,0,1,0
0,11.827512517681944,6.434497496463611,0,1,1,1,0
0,14.336278897554974,6.457519265036649,1,0,1,0,0
1,11.894977058474876,5.231659019491625,1,0,1,1,0
0,13.3295333222283,6.485233338885851,0,0,1,1,0
0,13.404766130481535,6.699046773903693,1,0,0,1,0
1,12.85287450303529,6.8885019878588425,1,1,1,0,0
0,13.357603267343912,6.327190197968269,0,0,1,1,0
0,12.201454963599096,5.795635109202707,1,1,0,1,0
1,11.954012803973924,5.18288746622512,1,0,1,1,0
1,13.053228576819336,6.582257141060221,1,1,0,0,0
1,12.873240982167216,6.807036071331141,1,1,1,0,0
0,11.827094344720924,6.8270943447209245,0,1,1,1,0
0,12.04845768165714,7.048457681657139,0,1,1,1,0
1,14.10124431961747,6.297760224688553,1,0,1,0,0
0,13.4114367428661,6.444281628566951,0,0,1,1,0
1,14.16441935575674,6.56441935575674,1,1,0,0,0
1,12.788496055637427,6.882005259150096,1,1,0,0,0
0,13.35496975549615,6.335090733511552,0,0,1,1,0
0,14.115260583076234,6.5,0,0,1,1,0
1,12.695298896132282,5.101567034622572,1,0,1,1,0
0,13.30978743806315,6.495106280968425,0,0,1,1,0
1,11.9,5.288348557640799,0,1,1,1,0
1,11.59025457169832,5.549575713836133,1,0,1,1,0
1,12.36488589446016,5.211704701846613,1,0,1,1,0
0,13.390506705163808,6.681013410327616,0,0,0,1,0
1,12.257873379093692,7.085957793031231,1,0,0,1,0
1,11.897230301694222,6.965743433898074,1,0,0,1,0
1,11.756176056830336,5.379779928962082,0,1,1,1,0
1,14.196297385584892,6.107405228830216,1,0,1,0,0
1,11.931218551079416,5.379556890516575,1,0,1,1,0
1,13.907729110524617,6.3,1,0,0,0,0
0,14.15964636117486,6.339764240783241,1,0,1,0,0
1,11.652430923927914,5.445948460120144,1,0,1,1,0
1,11.606959511484892,5.52173414752518,1,0,1,1,0
1,13.37887080437168,6.473709731876106,1,1,0,0,0
0,13.168981591260303,6.85401227249313,1,0,0,1,0
0,12.22635572231315,5.720932833060549,1,1,0,1,0
0,13.343383652402736,6.5867673048054725,0,0,0,1,0
0,12.271092676400173,5.644536617999137,1,1,0,1,0
1,14.299713825633011,6.071592099638279,1,1,0,0,0
0,13.43958569920006,6.279171398400122,0,0,1,1,0
0,12.2,5.964245468171798,1,1,0,1,0
1,14.317223940805375,5.90899690655032,1,0,1,0,0
0,12.2,6.096437504109438,1,1,0,1,0
1,12.247782354632088,6.968472794329011,1,0,0,1,0
0,11.824599299793846,6.824599299793846,0,1,1,1,0
0,13.321754363209752,6.543508726419502,0,0,0,1,0
1,12.427511583302886,6.990938947912861,1,0,0,1,0
1,12.7,5.580513302275434,1,0,1,1,0
1,12.0908751056923,7.030291701897433,1,0,0,1,0
0,12.295858138216897,5.512425585349314,1,1,0,1,0
0,13.302074611548369,6.602074611548368,1,0,0,1,0
0,13.427018483489448,6.254036966978894,0,0,1,1,0
1,12.262978067480288,5.140458164227736,1,1,1,0,0
0,13.019018699602157,6.319018699602157,1,0,0,1,0
0,13.622047071982358,6.295388224015122,0,0,1,1,0
0,12.270698632840263,5.587904101479207,1,1,0,1,0
1,12.670554404130275,5.109815198623241,1,0,1,1,0
0,11.544631230772588,6.955368769227412,0,1,1,0,0
0,11.593395595665518,6.906604404334482,0,1,1,0,0
0,13.32212530964646,6.488937345176771,0,0,1,1,0
1,11.856558031116764,6.712130362659884,1,0,0,1,0
0,13.35107405703749,6.6021481140749785,0,0,0,1,0
1,12.807238371930094,7.081904070174766,1,1,0,0,0
1,11.6217578891341,5.547802638582375,0,1,1,1,0
0,12.30535520318919,5.8,1,1,0,1,0
1,12.150115111786672,5.1610983209125925,1,0,1,1,0
0,12.561227264754509,5.8,1,1,0,1,0
1,14.242219215733291,6.01556156853342,1,0,1,0,0
1,13.19723673919351,6.581105304322596,1,1,0,0,0
1,14.006941271855942,6.3,1,0,0,0,0
0,13.332177069515453,6.403468791453651,0,0,1,1,0
1,11.928760238020889,5.242479523958227,1,1,1,0,0
0,12.298830784949038,7.099123088711778,0,1,1,1,0
1,13.145621283043225,6.6,1,1,0,0,0
0,12.31412896242819,5.516483789499555,1,1,0,1,0
0,11.532829674455629,6.967170325544373,0,1,1,0,0
1,12.9502126154352,6.6497873845648,1,1,0,0,0
1,12.984572868262996,6.615427131737004,1,1,0,0,0
1,14.254106759668268,5.991786480663464,1,0,1,0,0
0,14.351770210519849,5.926794327488974,0,0,1,1,0
0,12.67483708458848,5.937309932019891,1,1,0,1,0
0,13.561957498439408,6.667608500312118,1,0,0,1,0
0,11.583143015457848,6.916856984542152,0,1,1,0,0
1,12.498303187814574,6.979830318781458,1,0,0,1,0
0,13.83920317573129,6.437689241747921,0,0,1,1,0
1,12.09372682988049,5.251568292529877,1,0,1,1,0
0,12.620983992265826,5.74073799419937,1,1,0,1,0
1,12.870645470710503,6.817418117157986,1,1,1,0,0
1,12.9,6.892281593867985,1,1,1,0,0
0,11.510989913996749,6.543959655986997,0,1,1,0,0
0,13.430853028815749,6.434573485592127,0,0,1,1,0
0,13.377668483071284,6.677668483071284,1,0,0,1,0
0,14.170501437684695,6.5,0,0,1,1,0
0,12.987740183291372,6.343870091645686,0,0,1,1,0
1,12.87065432588149,6.772460898824678,1,1,0,0,0
1,11.887937921462566,6.923492240182821,1,0,0,1,0
0,13.484351749903746,6.407824125048127,0,0,1,1,0
0,13.328985783803017,6.557971567606027,0,0,0,1,0
1,11.694976884558208,5.465462951069744,1,0,1,1,0
0,12.977135188774453,6.338567594387226,0,0,1,1,0
1,11.991077107174403,6.997025702391468,1,0,0,1,0
1,12.010976112956955,6.93887201411962,1,0,0,1,0
1,12.7,5.295529682746498,1,0,1,1,0
1,14.25540152763598,6.020277250255235,1,0,1,0,0
0,12.219431651934814,5.98341008839111,1,1,0,1,0
0,13.33737972836163,6.481310135819185,0,0,1,1,0
1,11.854550016875,6.919318752109375,1,0,0,1,0
1,13.631386807247376,6.407445277101049,1,1,0,0,0
1,14.154918071292938,6.190163857414124,1,0,1,0,0
0,12.25276623252101,5.641701302436969,1,1,0,1,0
0,12.50656895393854,6.997810348687153,1,0,0,1,0
1,11.9,5.282103123029742,0,1,1,1,0
0,12.64676034943439,5.760070262075792,1,1,0,1,0
0,13.176076861995634,6.774641046001456,1,0,0,1,0
0,12.41109134311096,5.583318507333221,1,1,0,1,0
0,13.540575124507962,6.365221321850319,0,0,1,1,0
1,14.1317239248834,6.395171774650207,1,0,1,0,0
1,11.659117714472725,6.92364708578909,0,1,1,0,0
0,12.888432437224829,6.870522520925057,1,0,0,1,0
0,12.249661594978097,5.6510152150657165,1,1,0,1,0
1,14.14460385449733,6.4338115634919895,1,0,1,0,0
0,13.272832643246986,6.572832643246986,1,0,0,1,0
0,13.730545245783428,6.271919307898096,0,0,1,1,0
0,13.36257075456366,6.625141509127318,0,0,0,1,0
0,13.39521472093812,6.21435583718564,0,0,1,1,0
1,11.712471790220707,5.434410262224116,0,1,1,1,0
1,11.55560044774222,6.988799104515557,0,1,1,0,0
0,13.248906714460787,6.750364428513071,1,0,0,1,0
0,14.29289462097242,6.428596413981612,1,0,1,0,0
1,12.11263817063637,6.404834195236355,1,0,0,1,0
0,13.341639209185988,6.5832784183719735,0,0,0,1,0
1,12.7,5.247144334304036,1,0,1,1,0
1,12.003308384377954,5.106616768755908,1,1,1,0,0
0,13.632436976551336,6.414715219616816,0,0,1,1,0
0,12.485955307879577,5.8,1,1,0,1,0
0,12.488079997427157,5.719426663665017,1,1,0,1,0
0,13.26124060472608,6.56124060472608,1,0,0,1,0
0,13.162902343509316,6.779032552163561,1,0,0,1,0
0,12.498384015761795,5.8,1,1,0,1,0
1,12.01979836431786,5.270050408920535,1,0,1,1,0
0,14.203240932248908,6.009310593195052,0,0,1,1,0
1,14.229768000888948,6.040463998222107,1,0,1,0,0
1,12.45270941297076,6.975270941297076,1,0,0,1,0
0,13.472064544506605,6.344129089013205,0,0,1,1,0
0,13.10862626295298,6.408626262952979,1,0,0,1,0
1,13.78431339024852,6.338562203250493,1,1,0,0,0
0,13.386708150459866,6.67341630091973,0,0,0,1,0
1,13.103458088795453,5.269762782891608,1,1,1,0,0
1,13.97515395519344,6.3,1,0,0,0,0
0,13.8374448668064,6.1107615427373725,0,0,1,1,0
0,13.472021620365773,6.685595675926845,1,0,0,1,0
0,11.564829290913329,6.935170709086673,0,1,1,0,0
1,14.18552685647728,6.128946287045442,1,0,1,0,0
0,12.20732694748816,5.9633652625592,1,1,0,1,0
1,11.821562083241076,6.915195260405135,1,0,0,1,0
0,13.11234395967372,6.795885346775427,1,0,0,1,0
0,13.426653699893972,6.2533073997879445,0,0,1,1,0
1,12.147147486560852,5.284284171146382,1,0,1,1,0
0,12.244477420963882,5.666567737108353,1,1,0,1,0
0,12.649776243420252,6.950074585526583,1,0,0,1,0
1,12.312570072408246,6.976571259051031,1,0,0,1,0
0,11.98313397124472,6.983133971244721,0,1,1,1,0
1,11.569375098362274,6.961249803275453,0,1,1,0,0
0,13.48236213180828,6.683527573638344,1,0,0,1,0
0,13.873493653453218,6.192503525859324,0,0,1,1,0
1,14.170479879480984,6.511439638442953,1,0,1,0,0
0,14.279556435478696,6.5,0,0,1,1,0
0,13.350465315343882,6.600930630687765,0,0,0,1,0
1,13.553532213732325,6.415489262089225,1,1,0,0,0
0,13.822474646166826,6.435830516240759,0,0,1,1,0
1,14.14924792863778,6.447743785913344,1,0,1,0,0
1,13.939775828921489,6.339775828921487,1,1,0,0,0
1,12.176507114854171,6.959563389356772,1,0,0,1,0
1,13.87437589671086,6.308541367763046,1,1,0,0,0
0,13.539305366609408,6.404367262956601,0,0,1,1,0
1,12.060613092855082,7.020204364285028,1,0,0,1,0
0,11.99275253412363,6.965458755687272,0,1,1,0,0
1,12.7,5.684375344082477,1,0,1,1,0
1,12.608314841249252,7.0,1,0,0,1,0
0,13.46126218312815,6.419368908435925,0,0,1,1,0
1,14.074202308194868,6.3,1,0,0,0,0
0,14.037088206753063,6.101617662914965,0,0,1,1,0
0,12.494439660852102,5.968251234772629,1,1,0,1,0
0,12.945094686569592,7.003270208953605,1,0,0,1,0
1,14.144087146941471,6.544087146941472,1,1,0,0,0
1,12.330873537494638,7.084563231252681,1,0,0,1,0
0,12.906720244616263,6.864426585127912,1,0,0,1,0
1,13.92496849996176,6.3,1,0,0,0,0
1,13.970043176066234,6.3,1,0,0,0,0
0,13.900553476228646,6.056668448946875,0,0,1,1,0
1,13.46361412503212,6.4745543499871525,1,1,0,0,0
0,13.743927696552078,6.631214460689584,1,0,0,1,0
1,12.511747728554653,5.162750757148449,1,0,1,1,0
1,12.7,5.576589887566103,1,0,1,1,0
0,12.072250905397995,6.929188179048497,0,1,1,1,0
0,13.06889948339764,6.920733677734907,1,0,0,1,0
0,13.304597954766423,6.509195909532845,0,0,0,1,0
0,12.221006670322092,5.736979989033722,1,1,0,1,0
0,13.510153639579627,6.677969272084074,1,0,0,1,0
1,14.278613312716724,5.9427733745665545,1,0,1,0,0
1,11.593049721099357,5.583687848625805,0,1,1,1,0
1,14.546219305015946,5.930731825705173,1,1,0,0,0
0,13.312202847706502,6.4633914568804975,0,0,1,1,0
1,12.180817162910316,5.273060945696561,1,0,1,1,0
1,12.405341402077417,5.198219532640861,1,0,1,1,0
1,14.230387132263711,6.039225735472577,1,0,1,0,0
1,13.972213467661826,6.372213467661826,1,1,0,0,0
0,14.16907823299278,6.028289870559568,0,0,1,1,0
1,13.989413661885564,6.3,1,0,0,0,0
1,12.877506712807728,6.73373993078841,1,1,1,0,0
0,12.943395123000576,7.00440325133295,1,0,0,1,0
0,13.462049797838697,6.3240995956773896,0,0,1,1,0
1,12.729279118797326,6.95608132180401,1,1,1,0,0
1,11.95219692242252,5.1956061551549615,1,1,1,0,0
0,13.38826048156189,6.676520963123779,0,0,0,1,0
1,12.70453547179562,6.569690314530413,1,1,1,0,0
0,14.032762578606452,6.104020789663082,0,0,1,1,0
1,14.069072431316105,6.3,1,0,0,0,0
0,12.71487252266609,6.92837582577797,1,0,0,1,0
1,12.8088390446275,7.077902388431255,1,1,0,0,0
0,11.55167034207552,6.706681368302089,0,1,1,0,0
0,14.235993827072992,5.991114540515005,0,0,1,1,0
1,11.886447639466189,5.19039470672598,1,0,1,1,0
1,12.482520062178962,7.008739968910519,1,0,0,1,0
0,11.686711135796983,5.846511024710559,0,1,1,1,0
1,11.949837337338826,5.224918668669413,0,1,1,1,0
1,13.15054572058477,6.6,1,1,0,0,0
0,13.364760180191896,6.305719459424316,0,0,1,1,0
0,13.63212843145394,6.5,0,0,1,1,0
1,12.400631204375804,5.174842198906049,1,0,1,1,0
0,12.557067677010288,5.692800757757716,1,1,0,1,0
0,11.517643622848505,6.982356377151497,0,1,1,0,0
1,12.011591613336552,7.003863871112184,1,0,0,1,0
1,13.479353431222426,6.4402155229258575,1,1,0,0,0
0,13.32112796215461,6.489436018922695,0,0,1,1,0
0,11.534427827698805,6.534427827698804,0,1,1,1,0
1,12.52913146868549,7.0,1,0,0,1,0
0,13.177376899317562,6.43868844965878,0,0,1,1,0
0,13.484751822373784,6.407624088813108,0,0,1,1,0
0,13.422098297963757,6.24419659592751,0,0,1,1,0
1,12.68842201036044,7.0,1,0,0,1,0
1,11.878125711421823,5.278125711421825,1,0,1,1,0
0,11.752732695647431,6.925455449274573,0,1,1,0,0
0,12.2083912348494,5.774826295451802,1,1,0,1,0
1,11.75618116138543,6.962472464554172,0,1,1,0,0
0,13.849200309446012,6.100685449046276,0,0,1,1,0
1,11.622072902573873,5.553512516911356,1,1,1,0,0
1,12.836810152871164,6.952759388515346,1,1,1,0,0
1,12.894918626053911,6.862703434865217,1,1,0,0,0
0,12.658757090106146,6.947080969964618,1,0,0,1,0
1,12.32111773194249,5.149402727991152,1,1,1,0,0
1,12.735153650317647,6.947269524523527,1,1,1,0,0
1,11.665413330437325,5.493233336953344,0,1,1,1,0
1,11.720805088787694,6.948322035515078,0,1,1,0,0
0,13.098580805579305,6.800473064806899,1,0,0,1,0
0,12.503904971665657,6.998698342778114,1,0,0,1,0
1,12.199581150163644,6.300502619803624,1,0,0,1,0
1,12.648380696105438,7.0,1,0,0,1,0
1,14.11129420827371,6.511294208273711,1,1,0,0,0
0,13.344016627510037,6.588033255020073,0,0,0,1,0
1,12.709234569526137,6.572823046350758,1,1,1,0,0
1,14.194037756292984,6.13073203867263,1,0,1,0,0
1,12.080042711862584,5.32543901386815,1,0,1,1,0
0,14.275526612611433,6.5,0,0,1,1,0
1,11.9,5.396671455355058,0,1,1,1,0
1,11.715025945024076,5.598704596207868,1,1,1,0,0
1,11.585300036237484,5.597639956515019,1,1,1,0,0
0,13.427211384455756,6.436394307772122,0,0,1,1,0
1,14.147881141461868,6.204237717076264,1,0,1,0,0
1,11.681713838914524,6.918286161085476,1,0,0,1,0
0,14.233969845107191,6.48155220501191,0,0,1,1,0
0,12.352714185445016,5.561499883019184,1,1,0,1,0
0,13.310105995087596,6.494947002456203,0,0,1,1,0
0,11.916741275042124,6.952790212507021,0,1,1,0,0
0,12.929584176367,6.3147920881835,0,0,1,1,0
1,11.938253788098296,5.184638467989078,1,0,1,1,0
0,14.166073351876914,5.829079984105501,0,0,1,1,0
1,12.174004848894322,5.158443905678409,1,0,1,1,0
1,11.689971995579452,6.910028004420547,1,0,0,1,0
1,12.693142677173569,5.100761924758492,1,0,1,1,0
1,11.83285918981506,5.232859189815058,1,0,1,1,0
0,13.39122557419399,6.705849617204007,1,0,0,1,0
0,13.316551091656024,6.5331021833120495,0,0,0,1,0
0,12.2,5.827098424087572,1,1,0,1,0
1,13.89132084166234,6.303471663335064,1,1,0,0,0
0,11.50274363533974,6.490397276310917,0,1,1,1,0
1,12.553191329171964,7.0,1,0,0,1,0
1,13.258604707317668,6.513798430894111,1,1,0,0,0
1,12.7,5.635344815803651,1,0,1,1,0
0,11.548679429329797,6.694717717319183,0,1,1,0,0
1,11.835492645899729,6.94516421529991,1,0,0,1,0
1,13.111636986501686,6.615345205399326,1,1,0,0,0
0,12.261582482060016,5.615252553819951,1,1,0,1,0
1,14.19555871329945,6.586676139898353,1,0,1,0,0
0,13.956435517509773,6.450715057501085,0,0,1,1,0
1,11.826210309546203,5.226210309546206,1,0,1,1,0
1,12.40572785883636,6.970572785883636,1,0,0,1,0
1,11.529675186126676,7.040649627746649,0,1,1,0,0
1,14.006283048081611,6.3,1,0,0,0,0
0,14.22929993674573,6.3861999578304856,1,0,1,0,0
0,12.399786349357452,5.8,1,1,0,1,0
0,14.34287714715349,6.511424570569302,1,0,0,1,0
0,11.518134204937567,6.572536819750279,0,1,1,0,0
1,12.678407583890444,5.102399157345506,1,0,1,1,0
1,12.671068914901204,5.107232771274699,1,0,1,1,0
1,12.968306386085164,6.679234034787089,1,1,0,0,0
1,12.922319911795933,6.691072035281628,1,1,0,0,0
0,11.592184507634489,6.868738030537954,0,1,1,0,0
0,13.376536011168694,6.653072022337388,0,0,0,1,0
1,12.869413888769632,6.774114814973824,1,1,0,0,0
1,12.79574580996416,6.856381285053758,1,1,1,0,0
0,13.463428386645647,6.418285806677177,0,0,1,1,0
1,11.959372792146612,5.181254415706773,1,1,1,0,0
1,12.989316952616129,6.61068304738387,1,1,0,0,0
0,13.410531251118856,6.444734374440572,0,0,1,1,0
1,13.77938351005229,6.3402054966492365,1,1,0,0,0
0,13.347842867676944,6.356471396969163,0,0,1,1,0
1,12.571590909961412,7.0,1,0,0,1,0
0,12.90334270180902,7.031104865460653,1,0,0,1,0
1,11.5996276860466,7.000372313953401,1,0,0,1,0
1,13.991903275873227,6.247483842358155,1,1,0,0,0
0,13.439218501280015,6.692156299743997,1,0,0,1,0
1,13.03116913453871,6.6,1,1,0,0,0
0,13.25439293808983,6.477196469044915,0,0,1,1,0
0,13.479984114934618,6.359968229869236,0,0,1,1,0
0,13.560471197642102,6.5,0,0,1,1,0
1,12.878779106070658,6.903052234823357,1,1,0,0,0
1,13.998332225107644,6.3,1,0,0,0,0
1,12.342517519390867,5.189370620152283,1,0,1,1,0
0,13.70361685647448,6.225471265879019,0,0,1,1,0
1,12.378736112044246,5.135695987550639,1,0,1,1,0
1,12.76648844569632,6.911348739071573,1,1,0,0,0
0,12.2,5.847030936315197,1,1,0,1,0
1,11.76227233010968,6.920757443369894,1,0,0,1,0
1,12.505325516090045,7.0,1,0,0,1,0
0,13.344716135430422,6.477641932284789,0,0,1,1,0
1,12.586054306129986,6.988605430612998,1,0,0,1,0
1,11.977473527121267,6.567031767454478,1,0,0,1,0
0,13.381976339204654,6.663952678409307,0,0,0,1,0
0,12.295233944117838,5.854419396638765,1,1,0,1,0
0,13.383292342761312,6.250122971716066,0,0,1,1,0
1,11.65266015186892,6.947339848131079,1,0,0,1,0
0,13.626528926343465,6.414058769593718,0,0,1,1,0
0,12.22401402586215,5.727957922413549,1,1,0,1,0
1,12.177294822667212,6.959661852833402,1,0,0,1,0
1,14.157620641954235,6.1847587160915305,1,0,1,0,0
1,12.609384258924807,7.0,1,0,0,1,0
0,13.835099340595388,6.5,0,0,1,1,0
0,12.093105543236588,7.093105543236588,0,1,1,1,0
0,12.246512483898565,5.767437580507183,1,1,0,1,0
0,13.30637698780654,6.480869036580377,0,0,1,1,0
1,12.296259200526933,6.974532400065867,1,0,0,1,0
1,12.287169727874533,7.095723242624844,1,0,0,1,0
0,13.295700733699368,6.497850366849684,0,0,1,1,0
1,11.538218429159263,5.654137885008883,1,1,1,0,0
1,12.548497338616844,7.0,1,0,0,1,0
0,14.265944944498177,6.485104993833131,0,0,1,1,0
1,12.883285504491678,6.891786238770809,1,1,0,0,0
0,13.816368074457673,6.435152008273075,0,0,1,1,0
1,13.275507899478225,6.6,1,1,0,0,0
1,11.747260872229065,5.403286953325123,1,1,1,0,0
0,13.382512481539068,6.6650249630781335,0,0,0,1,0
1,11.80019999750509,5.324750003118639,0,1,1,1,0
0,12.04545367316302,7.04545367316302,0,1,1,1,0
1,11.971789181844311,6.933973647730539,1,0,0,1,0
0,13.10815506056245,6.797281646479184,1,0,0,1,0
0,14.273121404178989,6.415414269452659,1,0,1,0,0
1,12.9,6.886642364777577,1,1,1,0,0
0,13.372502937256874,6.463748531371564,0,0,1,1,0
1,12.491513801932086,6.998939225241511,1,0,0,1,0
1,11.9,5.263681717609358,0,1,1,1,0
0,12.9779299989674,6.277929998967401,1,0,0,1,0
0,13.1067073818203,6.797764206059901,1,0,0,1,0
1,13.28754205024494,6.6,1,1,0,0,0
1,12.901012255854011,6.698987744145989,1,1,0,0,0
1,11.69976637071519,6.90023362928481,1,0,0,1,0
1,12.50197136598604,7.0,1,0,0,1,0
0,13.30795608116719,6.515912162334376,0,0,0,1,0
1,12.676240628456284,5.105939842885928,1,0,1,1,0
0,11.833531763438293,6.833531763438293,0,1,1,1,0
0,13.407987717886463,6.446006141056769,0,0,1,1,0
0,13.467045188609044,6.416477405695479,0,0,1,1,0
0,13.356051498968844,6.331845503093469,0,0,1,1,0
0,14.324345319288074,6.449563546192049,1,0,1,0,0
0,13.341854002840009,6.583708005680014,0,0,0,1,0
1,13.011675692085442,6.596108102638185,1,1,0,0,0
1,13.513583985654522,6.42880533811516,1,1,0,0,0
1,12.138549833134736,7.046183277711579,1,0,0,1,0
0,12.2,5.91688585641968,1,1,0,1,0
1,14.154765693466375,6.1904686130672495,1,0,1,0,0
0,13.466128429931818,6.416935785034092,0,0,1,1,0
0,13.296296760821363,6.734567746392879,1,0,0,1,0
1,14.284377085390451,5.968121246297184,1,0,1,0,0
0,13.383581060173402,6.4582094699133,0,0,1,1,0
1,12.391543269887066,7.054228365056467,1,0,0,1,0
1,12.076534387473597,5.292178129157866,1,0,1,1,0
1,14.180779398908694,6.542338196726085,1,0,1,0,0
1,11.566718628236522,6.966562743526954,0,1,1,0,0
1,12.520040751830791,7.0,1,0,0,1,0
1,13.034666240009974,6.6,1,1,0,0,0
1,12.7,5.499518101250306,1,0,1,1,0
0,12.284801341090391,7.088601005817792,0,1,1,1,0
1,14.30345501745451,5.93378096858188,1,0,1,0,0
0,13.050704290706738,6.350704290706738,1,0,0,1,0
1,12.00623793312374,7.002079311041247,1,0,0,1,0
1,11.939866491942842,5.219933245971421,0,1,1,1,0
0,12.58919521258821,6.970268262470597,1,0,0,1,0
1,14.17442667746364,6.523280032390921,1,0,1,0,0
1,12.039381109027271,5.279793703009091,1,0,1,1,0
1,14.140737773305323,6.422213319915974,1,0,1,0,0
0,12.075761466779005,7.075761466779005,0,1,1,1,0
1,13.262219347681503,6.555112260927399,1,1,0,0,0
1,11.874259542937727,6.921782442867217,1,0,0,1,0
1,14.165616742040156,6.565616742040157,1,1,0,0,0
1,12.339670745180625,7.0801646274096885,1,0,0,1,0
0,12.30952262497556,5.86258435712889,1,1,0,1,0
0,12.87163543526406,6.166908007808072,1,1,0,1,0
1,12.069829647233338,6.456204423319994,1,0,0,1,0
0,11.729700666498378,6.672275499873783,0,1,1,1,0
1,11.862143633418013,7.004857453367205,0,1,1,0,0
0,13.04901569837826,6.3490156983782615,1,0,0,1,0
0,13.362532353156949,6.712489215614351,1,0,0,1,0
1,14.18768856249248,6.142160587513534,1,0,1,0,0
1,14.004067328992884,6.3,1,0,0,0,0
0,13.607323569169417,6.411924841018824,0,0,1,1,0
1,12.382732333421831,6.968273233342184,1,0,0,1,0
0,13.0530071608145,6.931328559457,1,0,0,1,0
1,11.9,5.296819981246303,0,1,1,1,0
1,14.251996944878847,5.9960061102423055,1,0,1,0,0
1,11.66564555987397,5.68512027022055,1,1,1,0,0
1,12.7,5.681596477782949,1,0,1,1,0
1,14.188548056853216,6.565644170559643,1,0,1,0,0
1,12.801509659027587,6.84773551145862,1,1,1,0,0
1,12.831480395271674,7.021299011820818,1,1,0,0,0
0,13.951691046108436,6.589661790778313,1,0,0,1,0
1,11.9,5.942385524346868,0,1,1,1,0
1,12.472885358164538,5.12523496020394,1,0,1,1,0
0,13.03677517660573,6.368387588302864,0,0,1,1,0
0,12.2,5.9741679087881945,1,1,0,1,0
0,13.397862745116075,6.206411764651774,0,0,1,1,0
1,12.382260157878417,5.179434960530396,1,0,1,1,0
0,12.517538451813596,5.8,1,1,0,1,0
1,13.941086487208937,6.3,1,0,0,0,0
0,13.090117599213611,6.803294133595463,1,0,0,1,0
0,13.472930915758075,6.5,0,0,1,1,0
1,14.098948089513764,6.3,1,0,0,0,0
0,14.150068272100008,6.5,0,0,1,1,0
0,13.471976192889734,6.414011903555133,0,0,1,1,0
0,12.46490253052822,5.692386285616255,1,1,0,1,0
1,13.9725407647401,6.3,1,0,0,0,0
1,12.934225512608982,6.764436218477543,1,1,0,0,0
0,13.973854832902232,6.585229033419554,1,0,0,1,0
1,11.819994543841354,5.197778384017628,1,0,1,1,0
1,14.158529647995714,6.475588943987144,1,0,1,0,0
0,13.830546341161632,6.1166745647186005,0,0,1,1,0
0,12.2,5.990709249484178,1,1,0,1,0
1,12.987644524553382,6.612355475446618,1,1,0,0,0
1,12.881644977197118,6.75780669707051,1,1,0,0,0
1,14.197698256789588,6.593094770368766,1,0,1,0,0
0,13.44871891781048,6.425640541094761,0,0,1,1,0
1,11.74452830417201,6.846566034993588,1,0,0,1,0
0,12.99749905970224,6.968333960198508,1,0,0,1,0
1,12.952147926928166,6.679140829228734,1,1,0,0,0
0,12.269928872835042,5.650355635824797,1,1,0,1,0
0,13.390563487143636,6.681126974287272,0,0,0,1,0
1,13.096881828564932,6.6,1,1,0,0,0
0,13.3782994925639,6.7072335024787,1,0,0,1,0
1,12.531950126208889,7.0,1,0,0,1,0
0,13.293257393561795,6.735580868812735,1,0,0,1,0
1,12.085035694903748,6.938503569490375,1,0,0,1,0
1,12.694446142738052,6.562964095158701,1,1,1,0,0
0,13.317644727282344,6.535289454564687,0,0,0,1,0
0,11.516299429790246,6.5651977191609845,0,1,1,0,0
1,14.148871915845907,6.5488719158459086,1,1,0,0,0
1,13.98736006199085,6.3,1,0,0,0,0
0,11.553699898101891,6.714799592407577,0,1,1,0,0
0,13.352439997244089,6.604879994488172,0,0,0,1,0
1,12.065323382373622,7.021774460791208,1,0,0,1,0
0,14.398509625392265,6.499006416928176,1,0,1,0,0
1,12.612514148706012,5.109720650143776,1,0,1,1,0
0,13.34136128629851,6.582722572597017,0,0,0,1,0
1,12.73078685571354,6.958950859048611,1,1,0,0,0
1,14.083283936626955,6.3,1,0,0,0,0
0,12.169088132809255,6.994848022134876,0,1,1,0,0
1,12.576977070187452,7.0,1,0,0,1,0
1,12.08724987823969,5.27449975647938,1,1,1,0,0
1,12.902614615485094,6.697385384514907,1,1,0,0,0
0,12.951154577412796,6.849615140862402,1,0,0,1,0
0,11.70926479693676,6.656948597702569,0,1,1,1,0
1,13.190044894770171,6.583982042091932,1,1,0,0,0
1,12.047710794638933,6.943463849329866,1,0,0,1,0
0,13.422741218603534,6.245482437207067,0,0,1,1,0
0,13.361054833697564,6.62210966739513,0,0,0,1,0
1,11.897008261462462,7.018803304584985,0,1,1,0,0
1,11.544786607906898,7.0552133920931,1,0,0,1,0
1,13.813467471176084,6.334613011529567,1,1,0,0,0
1,13.066336459472431,6.577887846842522,1,1,0,0,0
0,13.414332519286427,6.6971334961427145,1,0,0,1,0
0,13.049993665798825,6.81666877806706,1,0,0,1,0
1,12.056154926663812,5.212309853327622,1,1,1,0,0
0,13.466813214347544,6.416593392826228,0,0,1,1,0
1,14.009839993555648,6.3,1,0,0,0,0
0,13.963735378637818,6.451526153181979,0,0,1,1,0
0,13.780306236438244,6.431145137382027,0,0,1,1,0
1,11.717365608230642,6.901736560823065,1,0,0,1,0
1,12.33246339064456,7.0837683046777205,1,0,0,1,0
0,12.579816481960837,5.709862361470627,1,1,0,1,0
0,13.54118250499485,6.364700710004415,0,0,1,1,0
0,13.398581927156364,6.450709036421818,0,0,1,1,0
0,12.22115629558723,5.736531113238308,1,1,0,1,0
0,12.883083121821178,7.044611252119215,1,0,0,1,0
0,13.948065809297107,6.151074550390495,0,0,1,1,0
0,12.930123625722429,6.315061812861213,0,0,1,1,0
1,12.802847931509536,7.092880171226161,1,1,0,0,0
1,11.77428263193939,5.370860841672734,1,1,1,0,0
1,12.084251821432526,5.268503642865053,1,1,1,0,0
0,13.049608470446133,6.816797176517956,1,0,0,1,0
1,12.909474963500784,6.826312591248038,1,1,0,0,0
1,14.357727724598456,5.83609009572278,1,0,1,0,0
1,11.707764768321702,6.900970596040213,1,0,0,1,0
1,13.42450877659746,6.458497074467513,1,1,0,0,0
0,13.33705105679642,6.637051056796419,1,0,0,1,0
0,13.349046915851048,6.598093831702093,0,0,0,1,0
0,13.451071583078027,6.302143166156055,0,0,1,1,0
0,14.18495802325458,6.543008395349084,1,0,0,1,0
1,12.123937122833532,6.952992140354191,1,0,0,1,0
1,12.95350410020226,6.71623974949435,1,1,0,0,0
0,13.348234509746367,6.596469019492735,0,0,0,1,0
1,12.79108347423457,6.627388982823047,1,1,1,0,0
0,14.20711994880701,6.478568883200779,0,0,1,1,0
1,12.445167334144568,5.128314740650604,1,0,1,1,0
0,13.01914584826411,6.953902767823927,1,0,0,1,0
1,12.585193159892292,7.0,1,0,0,1,0
1,12.065483358810509,5.230966717621014,1,1,1,0,0
1,11.9,5.229339047614163,0,1,1,1,0
1,13.042851615067503,6.6,1,1,0,0,0
1,12.190786187819118,5.285168658974866,1,0,1,1,0
1,12.914781192374434,6.685218807625565,1,1,0,0,0
1,12.899064403209255,6.703742387162971,1,1,1,0,0
1,11.575534602955718,6.948930794088562,0,1,1,0,0
1,12.301878359560034,6.960187835956003,1,0,0,1,0
1,12.7,5.548445677169868,1,0,1,1,0
1,11.632975292674368,5.478374512209388,1,0,1,1,0
0,13.36084208118854,6.317473756434381,0,0,1,1,0
1,13.085085154568334,6.5716382818105545,1,1,0,0,0
0,13.129374018619728,6.429374018619728,1,0,0,1,0
1,14.036825515295495,6.3,1,0,0,0,0
0,13.474551884870232,6.685089623025954,1,0,0,1,0
0,13.824261863628577,6.615147627274285,1,0,0,1,0
0,13.869081906099384,6.5,0,0,1,1,0
1,12.809176750383218,7.0632929984671335,1,1,1,0,0
0,12.299412908894812,5.503522546631129,1,1,0,1,0
0,13.570001030871635,6.5,0,0,1,1,0
0,12.7363204892402,6.9212265035866,1,0,0,1,0
1,11.93474589801353,5.23050820397294,1,1,1,0,0
1,14.110012439085088,6.330037317255261,1,0,1,0,0
1,12.979286202260049,6.651784494349881,1,1,0,0,0
1,12.889451836575947,6.692967891050632,1,1,1,0,0
0,13.47559029975137,6.412204850124315,0,0,1,1,0
1,12.813141280629514,7.067146798426214,1,1,0,0,0
1,11.517687098876458,7.064625802247086,0,1,1,0,0
1,14.058272574811031,6.3,1,0,0,0,0
0,11.639212441216856,6.639212441216857,0,1,1,1,0
1,12.046044479253393,5.1726617245274005,1,0,1,1,0
1,12.089407138829245,5.294703569414621,0,1,1,1,0
1,12.48353027573122,7.0082348621343895,1,0,0,1,0
0,13.39287380555508,6.704750796296613,1,0,0,1,0
0,13.4400220722918,6.4299889638541,0,0,1,1,0
0,11.58318547235226,6.916814527647741,0,1,1,0,0
0,13.247687215241836,6.547687215241835,1,0,0,1,0
1,12.22474256671462,5.218814358321345,1,0,1,1,0
1,12.601937380050751,7.0,1,0,0,1,0
1,11.802242358404683,5.202242358404683,1,0,1,1,0
0,14.252224580078158,6.529555083984369,1,0,0,1,0
0,13.372351807114324,6.463824096442838,0,0,1,1,0
0,12.284965606633335,5.545103180099988,1,1,0,1,0
0,12.874178917580632,6.185245095760361,1,1,0,1,0
1,14.120323782118357,6.259352435763289,1,0,1,0,0
1,12.576860032022028,7.0,1,0,0,1,0
0,12.2,5.872930490689528,1,1,0,1,0
0,13.830367481079795,6.116827873360173,0,0,1,1,0
1,12.634746300645636,7.0,1,0,0,1,0
1,14.290899907946148,5.918200184107707,1,0,1,0,0
0,13.393144817615957,6.2205655471521295,0,0,1,1,0
1,12.0725928691406,6.946574108642575,1,0,0,1,0
0,13.356877157759032,6.613754315518067,0,0,0,1,0
0,14.334794720060527,6.513041055987895,1,0,0,1,0
0,12.569180912593485,6.976939695802172,1,0,0,1,0
1,12.481333938457205,7.009333030771398,1,0,0,1,0
1,11.908286200550217,5.297928449862446,1,0,1,1,0
1,12.243824205066865,6.967978025633358,1,0,0,1,0
0,12.119009434043331,6.9642570755324975,0,1,1,1,0
1,12.662586824980032,7.0,1,0,0,1,0
1,14.116085641712829,6.2678287165743445,1,0,1,0,0
1,14.004877257749664,6.3,1,0,0,0,0
1,14.119554798637722,6.358664395913166,1,0,1,0,0
1,14.001408379902072,6.3,1,0,0,0,0
0,13.38863364151,6.677267283020002,0,0,0,1,0
1,11.9,5.24219402392523,0,1,1,1,0
1,11.71841984202628,5.335966929956203,1,0,1,1,0
1,14.18102639661526,6.543079189845787,1,0,1,0,0
0,13.688475814803832,6.420941757200426,0,0,1,1,0
0,13.541696523012511,6.5,0,0,1,1,0
1,11.727969976579768,5.308045035130347,1,0,1,1,0
1,12.407953278104152,5.132449635766205,1,0,1,1,0
1,13.978878132028855,6.254926781697797,1,1,0,0,0
1,12.08313056625042,5.254217358437395,1,0,1,1,0
1,11.883111671059927,6.922888958882491,1,0,0,1,0
1,14.582600646688851,5.431318835960065,1,0,1,0,0
0,11.648399888961778,6.648399888961779,0,1,1,1,0
1,12.049836705199835,6.480195953760196,1,0,0,1,0
1,11.707499754729916,5.354167075450142,1,0,1,1,0
1,14.138742888065094,6.222514223869812,1,0,1,0,0
0,13.168947815322728,6.434473907661364,0,0,1,1,0
0,13.31644357832889,6.450669265013329,0,0,1,1,0
1,12.349230869878827,6.981153858734854,1,0,0,1,0
1,14.253378684561694,6.02391836778895,1,0,1,0,0
1,11.621493311188358,6.978506688811642,1,0,0,1,0
0,11.926092669407176,6.95434877823453,0,1,1,0,0
0,13.103264358259064,6.401632179129532,0,0,1,1,0
1,12.11445194626328,5.295182684578906,1,0,1,1,0
1,11.9,5.475104340896522,0,1,1,1,0
1,12.9,6.940257880428087,1,1,1,0,0
0,12.21448721633124,5.9275639183438,1,1,0,1,0
1,11.873314117717928,6.692023058738486,1,0,0,1,0
0,13.030643231186536,6.330643231186537,1,0,0,1,0
1,14.189167705717988,6.139498129707619,1,0,1,0,0
0,12.264404788982617,5.677976055086914,1,1,0,1,0
1,12.900553648873275,6.732595134835631,1,1,0,0,0
0,12.218812716198023,5.743561851405922,1,1,0,1,0
1,14.169653102194326,6.1606937956113486,1,0,1,0,0
0,11.545936265338872,6.683745061355488,0,1,1,0,0
1,14.057208641946792,6.3,1,0,0,0,0
1,11.51551736187708,7.068965276245841,0,1,1,0,0
0,11.688352584821065,6.462329483035787,0,1,1,1,0
0,11.518109772348588,6.572439089394348,0,1,1,0,0
1,11.593644580177116,5.543925699704807,1,0,1,1,0
0,12.465452606900453,5.951687203943116,1,1,0,1,0
1,13.839754718427416,6.320081760524195,1,1,0,0,0
0,12.308208104156323,5.509576121515709,1,1,0,1,0
1,12.043990724714256,7.077596289885702,0,1,1,0,0
0,13.623580372322133,6.294073966581031,0,0,1,1,0
1,12.188714284876514,5.2704285717078285,1,0,1,1,0
1,12.212633134955697,7.070877711651898,1,0,0,1,0
0,13.341650346503563,6.5833006930071285,0,0,0,1,0
0,12.539169960824946,6.986943346391684,1,0,0,1,0
1,12.115200214736284,6.941520021473629,1,0,0,1,0
1,12.827265363212716,6.651510242141812,1,1,1,0,0
1,12.7,5.178330797187276,1,0,1,1,0
0,11.530454801549537,6.530454801549536,0,1,1,1,0
0,13.373029923475432,6.646059846950863,0,0,0,1,0
1,12.401388443618384,7.049305778190807,1,0,0,1,0
1,11.68385319613332,5.470183504833349,0,1,1,1,0
0,13.297144120291463,6.597144120291464,1,0,0,1,0
0,11.60901385344743,6.478197229310514,0,1,1,1,0
0,13.184029209648145,6.442014604824072,0,0,1,1,0
0,13.443111928284091,6.286223856568182,0,0,1,1,0
1,12.012690575621628,5.176367713819819,1,0,1,1,0
0,13.398446563027427,6.204660310917716,0,0,1,1,0
0,14.16357554577865,6.031346919011861,0,0,1,1,0
1,11.953754920170772,5.371361847210627,1,0,1,1,0
1,13.12921616002722,6.556927946657593,1,1,0,0,0
0,13.301171259579684,6.499414370210158,0,0,1,1,0
0,13.447761133427852,6.295522266855705,0,0,1,1,0
1,13.973399338110047,6.3,1,0,0,0,0
1,13.187323435390809,6.585070625843677,1,1,0,0,0
1,12.000942855398543,6.937617856924819,1,0,0,1,0
0,12.210867882555744,6.034792704665539,1,1,0,1,0
1,12.860753572120446,6.673835714746964,1,1,1,0,0
1,11.9,5.938688900587571,0,1,1,1,0
1,11.648937137859985,5.52127543456802,1,1,1,0,0
0,14.114019925289204,6.468224436143245,0,0,1,1,0
1,13.149894502649854,6.600042198940058,1,1,0,0,0
0,13.79369395339751,6.621261209320498,1,0,0,1,0
1,12.219838669520737,6.964979833690092,1,0,0,1,0
0,14.16077591333855,6.54784481733229,1,0,0,1,0
0,12.953872476748876,6.326936238374438,0,0,1,1,0
1,14.167192095259365,6.567192095259365,1,1,0,0,0
1,12.689826100242652,6.559884066828436,1,1,1,0,0
0,13.431164877432789,6.434417561283607,0,0,1,1,0
0,13.206272741206917,6.829151505862056,1,0,0,1,0
0,11.668447416314894,6.668447416314894,0,1,1,1,0
0,13.358940635323314,6.470529682338343,0,0,1,1,0
1,13.206492175630029,6.53116927478999,1,1,0,0,0
0,11.587211753558368,6.912788246441633,0,1,1,0,0
1,12.473131604197604,6.9966414505247005,1,0,0,1,0
0,13.361777970508726,6.314666088473822,0,0,1,1,0
0,14.388151916652063,6.492101277768041,1,0,1,0,0
1,14.594565803154817,5.409781554321333,1,0,1,0,0
1,12.139710947793304,7.046570315931101,1,0,0,1,0
1,13.41596970865342,6.46134343044886,1,1,0,0,0
1,11.60746760092539,5.571038878889534,1,1,1,0,0
0,13.958466068161115,6.007029084433329,0,0,1,1,0
1,14.426125527448846,5.712974050592075,1,0,1,0,0
0,13.30498101394924,6.49750949302538,0,0,1,1,0
0,13.3884404550646,6.4557797724677,0,0,1,1,0
1,12.005271943781812,6.930527194378182,1,0,0,1,0
1,12.28927560176844,5.145636044247951,1,0,1,1,0
1,11.993242194213094,5.178528645087434,1,0,1,1,0
1,13.905279741970714,6.3,1,0,0,0,0
1,12.9,6.72626702657315,1,1,1,0,0
1,12.916155457594416,6.711792723207444,1,1,0,0,0
0,13.3593685630146,6.4703157184927,0,0,1,1,0
0,12.225455422066991,5.723633733799025,1,1,0,1,0
1,11.9565875465989,5.22829377329945,0,1,1,1,0
1,14.034010351719807,6.3,1,0,0,0,0
0,13.755869777702404,6.5,0,0,1,1,0
0,11.557215599541625,6.942784400458378,0,1,1,0,0
0,11.981772449144858,6.403645510171029,0,1,1,1,0
1,11.85546870883954,5.255468708839539,1,0,1,1,0
0,11.664885672817304,6.664885672817306,0,1,1,1,0
1,11.86834672102352,6.92104334012794,1,0,0,1,0
1,11.647717810360378,6.952282189639622,1,0,0,1,0
1,14.007730982204578,6.3,1,0,0,0,0
0,12.912753891919682,6.2127538919196805,1,0,0,1,0
0,13.968026175105807,6.45200290834509,0,0,1,1,0
1,13.85416830313597,6.31527723228801,1,1,0,0,0
1,13.950583815352774,6.3,1,0,0,0,0
1,12.075100033667828,5.250200067335653,1,1,1,0,0
1,12.747515043586908,6.936646608550789,1,1,0,0,0
0,12.65922043783392,6.946926520722027,1,0,0,1,0
0,11.558825255618338,6.941174744381662,0,1,1,0,0
1,11.613476974229908,5.776415295097661,1,1,1,0,0
1,12.30572552913151,5.143808274540943,1,0,1,1,0
1,11.534047424054176,5.64325429324304,1,0,1,1,0
1,12.401242263090898,7.049378868454551,1,0,0,1,0
1,12.854664397231762,6.669776264821175,1,1,1,0,0
0,13.4615673470407,6.323134694081397,0,0,1,1,0
1,12.169937066383053,6.336075520340338,1,0,0,1,0
0,12.2,6.066295338413888,1,1,0,1,0
1,14.14337367132015,6.1609293306742,1,1,0,0,0
0,13.738563008959748,6.63228739820805,1,0,0,1,0
1,12.78075795955436,6.892322720594185,1,1,0,0,0
1,12.868817389950143,6.927956525124637,1,1,0,0,0
0,14.130026576619397,5.859977220040518,0,0,1,1,0
0,12.63912124476814,6.953626251743953,1,0,0,1,0
0,14.074335815586352,6.463815090620706,0,0,1,1,0
1,12.321508696558286,7.089245651720857,1,0,0,1,0
1,14.162067762897244,6.175864474205515,1,0,1,0,0
0,13.406054215021197,6.212108430042392,0,0,1,1,0
0,12.608028507903017,6.033159147373153,1,1,0,1,0
1,12.914638290514274,6.685361709485727,1,1,0,0,0
0,14.227850334104303,5.995638703275388,0,0,1,1,0
0,13.2613381852136,6.792441209857599,1,0,0,1,0
0,13.83631912410214,6.111726465055308,0,0,1,1,0
1,11.695971067049054,6.904028932950945,1,0,0,1,0
1,12.629881503899943,7.0,1,0,0,1,0
0,13.481051306491068,6.409474346754466,0,0,1,1,0
1,12.64695298826006,7.0,1,0,0,1,0
1,11.9,5.218940547980711,0,1,1,1,0
1,12.96793893186267,6.63206106813733,1,1,0,0,0
0,12.93757670091012,6.31878835045506,0,0,1,1,0
0,13.56068849479718,6.406743166088576,0,0,1,1,0
0,13.318305800133,6.536611600265996,0,0,0,1,0
1,11.525170543940668,7.074829456059332,1,0,0,1,0
1,14.058096254182288,6.3,1,0,0,0,0
0,13.356541543432112,6.330375369703664,0,0,1,1,0
1,13.960983429918915,6.3,1,0,0,0,0
0,13.39282615205376,6.685652304107518,0,0,0,1,0
0,11.568281240839443,6.568281240839444,0,1,1,1,0
0,12.552624482613682,6.001499704350676,1,1,0,1,0
1,11.97159983648642,6.933949979560802,1,0,0,1,0
0,13.39015614276383,6.70656257149078,1,0,0,1,0
1,11.9,5.4636383081905455,0,1,1,1,0
0,14.073256739399524,6.5,0,0,1,1,0
0,13.380097594414758,6.459951202792621,0,0,1,1,0
1,12.556147825716218,5.11598357492042,1,0,1,1,0
1,11.503522608077123,7.092954783845753,0,1,1,0,0
0,14.101272984674996,6.559745403065001,1,0,0,1,0
1,12.971193823385764,6.63840823548565,1,1,0,0,0
1,12.62065235172716,5.128853690281033,1,0,1,1,0
1,14.143401843760453,6.543401843760453,1,1,0,0,0
1,14.296449226194497,6.073457585031717,1,1,0,0,0
0,13.37808084559551,6.460959577202245,0,0,1,1,0
1,12.570606187600188,7.0,1,0,0,1,0
0,12.216687546184016,5.9998747228959,1,1,0,1,0
1,12.7,5.1792947698905465,1,0,1,1,0
0,12.904223525409575,6.865258824863474,1,0,0,1,0
0,14.199228808240324,6.366152538826883,1,0,1,0,0
0,13.40159668750576,6.44920165624712,0,0,1,1,0
0,11.900244469654018,6.950040744942337,0,1,1,0,0
0,13.299526522512574,6.499763261256287,0,0,1,1,0
0,11.575821767221688,6.803287068886758,0,1,1,0,0
0,13.347396535503492,6.647396535503492,1,0,0,1,0
0,13.929873966515553,6.447763774057284,0,0,1,1,0
0,13.385861608629012,6.671723217258023,0,0,0,1,0
1,12.7,5.307488753863286,1,0,1,1,0
0,13.331834604082689,6.484082697958657,0,0,1,1,0
1,12.909730184879791,6.69026981512021,1,1,0,0,0
0,12.2,5.996276497602472,1,1,0,1,0
1,14.153868235723186,6.461604707169559,1,0,1,0,0
1,14.185398266547674,6.129203466904651,1,0,1,0,0
1,11.767307901160692,5.507211172968785,1,1,1,0,0
0,13.06999342569122,6.81000219143626,1,0,0,1,0
1,12.401320834394786,7.049339582802607,1,0,0,1,0
0,13.305509706187513,6.497245146906244,0,0,1,1,0
0,14.261430574340809,6.4846033971489785,0,0,1,1,0
1,11.82650312570181,6.94216770856727,1,0,0,1,0
0,13.31698364380121,6.4490490685963735,0,0,1,1,0
1,14.151097312466453,6.453291937399361,1,0,1,0,0
1,12.404364345866862,5.1328484060147925,1,0,1,1,0
0,12.271909614101144,5.841091208057796,1,1,0,1,0
0,11.510424462124552,6.541697848498207,0,1,1,0,0
0,11.50757604750126,6.530304190005039,0,1,1,0,0
1,13.06464898888972,5.26379215213688,1,1,1,0,0
1,11.842202369814004,5.242202369814002,1,0,1,1,0
1,11.56541205862958,7.03458794137042,1,0,0,1,0
0,14.24113122440464,6.394087482936426,1,0,1,0,0
1,11.763605729613916,6.90795071620174,1,0,0,1,0
1,14.180768357597836,6.542305072793509,1,0,1,0,0
0,14.184775831270237,6.543044833745953,1,0,0,1,0
1,11.9,5.240767245814812,0,1,1,1,0
1,11.718721492793115,6.906240497597706,1,0,0,1,0
0,14.283555750790937,6.42237050052729,1,0,1,0,0
1,12.256610159007815,7.085536719669271,1,0,0,1,0
1,11.865723598633014,6.920715449829127,1,0,0,1,0
1,11.536731527327715,7.026536945344565,0,1,1,0,0
1,12.633676218405062,5.122107927198312,1,0,1,1,0
1,12.658647636695031,6.539098424463354,1,1,1,0,0
1,11.519939459473326,7.0800605405266746,1,0,0,1,0
0,14.155903400179104,6.337268933452737,1,0,1,0,0
1,12.850781152919302,6.798958462774263,1,1,0,0,0
1,12.541497316030403,5.139625670992398,1,0,1,1,0
0,13.82351996892664,6.435946663214072,0,0,1,1,0
1,12.382562732822263,7.058718633588868,1,0,0,1,0
1,14.090763057710625,6.3,1,0,0,0,0
1,12.042755245703674,5.173027194921814,1,0,1,1,0
1,14.067400115751042,6.204342790999405,1,1,0,0,0
1,14.095995121906071,6.3,1,0,0,0,0
1,13.795884407858477,6.334705197380508,1,1,0,0,0
1,13.273131795144328,6.6,1,1,0,0,0
0,12.304617263835688,5.8,1,1,0,1,0
1,11.592701502737206,6.914596994525588,0,1,1,0,0
0,13.354823088260432,6.609646176520863,0,0,0,1,0
0,13.07989367410144,6.38994683705072,0,0,1,1,0
1,11.776872914632945,6.807752502440466,1,0,0,1,0
0,11.656362066390312,5.952732767633904,0,1,1,1,0
0,12.2,5.877984034640932,1,1,0,1,0
0,13.053253296464089,6.931164469023942,1,0,0,1,0
1,14.112416618642987,6.277650086442621,1,0,1,0,0
0,13.209721295227371,6.763426234924209,1,0,0,1,0
0,13.088867565634349,6.803710811455218,1,0,0,1,0
0,11.58484071287447,6.91515928712553,0,1,1,0,0
0,13.350695135371296,6.601390270742589,0,0,0,1,0
0,13.389185729081804,6.5,0,0,1,1,0
0,13.383544024410716,6.4582279877946425,0,0,1,1,0
0,11.546668190988944,6.953331809011056,0,1,1,0,0
1,12.14558696730652,6.9445586967306525,1,0,0,1,0
1,12.04690535413739,7.015635118045797,1,0,0,1,0
1,11.919868506456794,6.927483563307099,1,0,0,1,0
1,11.873899219955526,5.191788975560497,1,0,1,1,0
0,13.912762496898926,6.597447500620215,1,0,0,1,0
1,12.5258086725751,7.0,1,0,0,1,0
0,13.656344846006531,6.2659901319944,0,0,1,1,0
1,12.4609567803541,6.995119597544263,1,0,0,1,0
0,13.208263749099515,6.454131874549758,0,0,1,1,0
1,12.572765881150517,7.0,1,0,0,1,0
1,11.697925966541538,6.902074033458462,1,0,0,1,0
0,14.36072370090528,6.495635966767253,0,0,1,1,0
0,11.55848848168399,6.488302303663202,0,1,1,1,0
0,13.82337992718869,6.5,0,0,1,1,0
1,14.494794146257233,5.960117630710153,1,1,0,0,0
0,14.079600391825084,6.564079921634983,1,0,0,1,0
1,13.641890888184529,6.386036370605157,1,1,0,0,0
1,12.089585244386566,5.296528414795522,1,0,1,1,0
0,13.229893978609034,6.8134040142606445,1,0,0,1,0
0,13.317588149153016,6.447235552540952,0,0,1,1,0
0,13.304989624444849,6.509979248889692,0,0,0,1,0
0,13.365461476512827,6.630922953025656,0,0,0,1,0
1,12.41078291667279,5.132135231480801,1,0,1,1,0
1,11.817247906079386,5.365504187841228,0,1,1,1,0
1,13.75068546012938,6.349771513290206,1,1,0,0,0
1,12.919365302970734,6.680634697029268,1,1,0,0,0
1,12.065494636961988,7.086197854784795,0,1,1,0,0
1,12.7,5.565768498518139,1,0,1,1,0
1,12.915171241047892,6.812071897380269,1,1,0,0,0
0,13.362489229668167,6.6249784593363366,0,0,0,1,0
1,12.568504162877185,7.0,1,0,0,1,0
0,12.246460264456347,5.767698677718264,1,1,0,1,0
0,13.411989535863968,6.223979071727935,0,0,1,1,0
0,11.81979730518662,6.4360405389626765,0,1,1,1,0
0,11.542643024319894,6.542643024319895,0,1,1,1,0
0,12.055468561078628,6.975911426846438,0,1,1,0,0
0,12.994719675809176,6.835093441396941,1,0,0,1,0
1,11.725494876168572,6.950197950467429,0,1,1,0,0
1,12.3008815322665,7.099559233866749,1,0,0,1,0
1,13.955723890153068,6.3,1,0,0,0,0
0,13.10525944334786,6.79824685221738,1,0,0,1,0
1,14.173600728719968,6.520802186159901,1,0,1,0,0
0,11.54294623087512,6.671784923500483,0,1,1,0,0
1,12.913446008304012,6.816384979239971,1,1,0,0,0
1,14.552180201756087,5.927325598996522,1,1,0,0,0
1,11.733282417083638,6.911094139027879,1,0,0,1,0
0,11.590481440758138,6.8619257630325565,0,1,1,0,0
0,12.206267141988487,5.968664290057552,1,1,0,1,0
0,13.185101180516623,6.771632939827793,1,0,0,1,0
0,13.547016308875854,6.35970030667784,0,0,1,1,0
1,12.754177877890228,6.60278525192682,1,1,1,0,0
1,13.02842202343924,5.2582187728368055,1,1,1,0,0
1,14.100541628340643,6.29891674331871,1,0,1,0,0
1,12.62165102585078,6.992165102585078,1,0,0,1,0
1,12.046192441211732,5.192384882423464,1,1,1,0,0
1,11.632921372208203,5.478464379652994,1,0,1,1,0
0,13.483914903365369,6.408042548317317,0,0,1,1,0
1,12.892662456350688,6.868343859123286,1,1,0,0,0
1,13.89137708641097,6.302874304529677,1,1,0,0,0
1,12.908999359906629,6.696400256037348,1,1,0,0,0
1,11.931256986939356,5.215628493469677,0,1,1,1,0
1,11.95148554161914,6.931435692702393,1,0,0,1,0
0,12.2,5.930149949555792,1,1,0,1,0
0,14.32187172817869,6.44791448545246,1,0,1,0,0
0,13.35695736752697,6.3291278974190925,0,0,1,1,0
1,11.842703925814654,5.214234641938218,1,0,1,1,0
1,12.9,6.8527589950570125,1,1,1,0,0
0,13.265711170112285,6.565711170112284,1,0,0,1,0
0,13.420581226283588,6.695883754743282,1,0,0,1,0
1,12.9,7.074877970847461,1,1,1,0,0
0,13.323698201237736,6.5473964024754725,0,0,0,1,0
0,14.115825318794036,6.556834936241192,1,0,0,1,0
0,13.809550480831795,6.4343944978702,0,0,1,1,0
0,13.464944548245857,6.417527725877072,0,0,1,1,0
1,12.399431308699455,7.050284345650272,1,0,0,1,0
1,11.676233649992197,5.647532700015611,0,1,1,1,0
0,13.404418803242612,6.208837606485222,0,0,1,1,0
0,14.338268520175625,6.458845680117083,1,0,1,0,0
1,12.994820516919557,6.612948707701106,1,1,0,0,0
1,12.029688797012584,5.276562932337528,1,0,1,1,0
0,13.437643128825352,6.4311784355873245,0,0,1,1,0
1,14.07389138813161,6.3,1,0,0,0,0
0,13.32725778096738,6.486371109516311,0,0,1,1,0
1,13.31683521226046,6.494388262579846,1,1,0,0,0
1,12.273489770594615,5.242170076468461,1,0,1,1,0
1,12.11201669245122,5.295994435849593,1,0,1,1,0
1,12.318029456022863,5.1489276086189015,1,1,1,0,0
0,12.4048475068407,5.578635630130525,1,1,0,1,0
0,14.226406862896074,6.384271241930716,1,0,1,0,0
0,13.185229412302396,6.485229412302395,1,0,0,1,0
1,11.790384290697633,6.976153716279053,0,1,1,0,0
0,13.879627237217424,6.604074552556516,1,0,0,1,0
0,13.182371536330782,6.441185768165391,0,0,1,1,0
1,12.854204893024002,6.964487767439994,1,1,0,0,0
0,14.057631602114371,6.568473679577125,1,0,0,1,0
0,13.360382708106895,6.469808645946552,0,0,1,1,0
0,11.598464721313947,6.901535278686052,0,1,1,0,0
1,11.75087532287392,6.960350129149568,0,1,1,0,0
1,12.042018483431242,5.339266006025002,1,0,1,1,0
1,12.799297099376592,6.867603867497874,1,1,0,0,0
1,12.029198979464065,7.071679591785626,0,1,1,0,0
0,14.178774983851843,5.818192870984131,0,0,1,1,0
1,12.504829744378828,5.1487925639052925,1,0,1,1,0
0,13.367868458397368,6.635736916794736,0,0,0,1,0
1,14.1614699188162,6.189354146130843,1,0,1,0,0
1,12.466447680044508,5.158388079988873,1,0,1,1,0
0,13.362604698569552,6.724930200953631,1,0,0,1,0
1,14.335512639858385,5.876077248254911,1,0,1,0,0
1,11.596009672938871,6.907980654122258,0,1,1,0,0
1,11.903262632161798,5.234420877387266,1,0,1,1,0
0,13.35330805530788,6.3400758340763606,0,0,1,1,0
0,14.312074761025135,6.517585047794973,1,0,0,1,0
0,12.563741496548124,5.807698412639477,1,1,0,1,0
0,14.277153348131192,6.418102232087461,1,0,1,0,0
1,14.153584963028106,6.192830073943789,1,0,1,0,0
1,11.8102545241085,5.423543809415091,1,0,1,1,0
1,14.228647068811052,6.0684352761401055,1,0,1,0,0
0,13.115422098505933,6.889718600996046,1,0,0,1,0
0,12.99266004055606,6.835779986481313,1,0,0,1,0
1,12.18538218453473,5.2286544538663176,1,0,1,1,0
1,13.57189143889348,6.431243424442608,1,1,0,0,0
0,12.580500825640122,5.710375619230092,1,1,0,1,0
0,11.570344688612195,6.570344688612194,0,1,1,1,0
1,14.324106987706534,5.896607422128237,1,0,1,0,0
1,14.14796562499876,6.443896874996279,1,0,1,0,0
1,13.978425200560274,6.3,1,0,0,0,0
0,14.196628712067303,6.540674257586539,1,0,0,1,0
0,14.22368077779012,6.38245385186008,1,0,1,0,0
1,12.24931093407972,5.150076562880031,1,0,1,1,0
1,11.872150932108564,6.921518866513571,1,0,0,1,0
1,14.52811514178339,5.529392744789899,1,0,1,0,0
1,14.249011342264952,6.001977315470098,1,0,1,0,0
0,12.20068894681772,5.996555265911391,1,1,0,1,0
0,11.568840439855308,6.775361759421231,0,1,1,0,0
1,14.11800793761634,6.354023812849023,1,0,1,0,0
1,12.458438740204016,5.126840139977332,1,0,1,1,0
1,12.405219385992147,5.162341443998792,1,1,1,0,0
1,11.543136162296342,7.013727675407314,0,1,1,0,0
1,12.9,6.842760053631882,1,1,1,0,0
0,13.79451710868041,6.14755676398822,0,0,1,1,0
1,13.500051221549072,6.433316259483642,1,1,0,0,0
1,11.850602791950667,5.194377467561037,1,0,1,1,0
1,13.504941565487725,6.4580233738049095,1,1,0,0,0
1,12.907108706762648,6.692891293237352,1,1,0,0,0
0,13.306284073662049,6.512568147324092,0,0,0,1,0
1,14.119208391847186,6.265424894675063,1,0,1,0,0
0,12.2,5.909541535279439,1,1,0,1,0
0,13.684461158655818,6.643107768268837,1,0,0,1,0
1,14.181058292831088,6.543174878493262,1,0,1,0,0
1,12.445883096973052,6.993235387121631,1,0,0,1,0
0,13.379172323769314,6.460413838115343,0,0,1,1,0
1,14.397050647542647,5.765308834423232,1,0,1,0,0
0,13.356838497519194,6.329484507442419,0,0,1,1,0
1,12.235680128441684,6.966960016055211,1,0,0,1,0
0,11.585234334697567,6.91476566530243,0,1,1,0,0
1,13.190244025623606,6.536585324792132,1,1,0,0,0
1,11.9,5.339027363049881,0,1,1,1,0
1,12.85216314412544,6.969592139686401,1,1,0,0,0
0,14.16073670564833,6.473415189516481,0,0,1,1,0
0,12.864504102096523,6.878498632634492,1,0,0,1,0
1,11.552367681972504,6.995264636054988,0,1,1,0,0
1,11.972360219882562,7.048944087953025,0,1,1,0,0
1,11.975770933822432,5.281057266544392,1,0,1,1,0
0,12.840979187975664,6.886340270674779,1,0,0,1,0
0,13.24112824761896,6.54112824761896,1,0,0,1,0
0,13.494755984941506,6.389511969883013,0,0,1,1,0
1,11.512836494912689,7.087163505087311,1,0,0,1,0
1,11.618017150970005,5.552478561287496,0,1,1,1,0
0,14.327956835051957,6.451971223367971,1,0,1,0,0
0,13.358747531035128,6.617495062070255,0,0,0,1,0
1,11.636344616600605,6.914537846640242,0,1,1,0,0
1,12.610659268502792,7.0,1,0,0,1,0
1,12.097473550723848,5.2506316123190375,1,0,1,1,0
0,13.370024363432556,6.289926909702332,0,0,1,1,0
0,11.521514958320944,6.58605983328378,0,1,1,0,0
1,11.897753211509468,6.662696146188639,1,0,0,1,0
1,12.9,6.875095759447055,1,1,1,0,0
0,12.298319825022617,5.508400874886932,1,1,0,1,0
1,11.72434414525956,5.5823977457957685,1,1,1,0,0
0,12.51544461927357,6.994851793575477,1,0,0,1,0
1,13.939443533991486,6.3,1,0,0,0,0
1,12.596138004314955,7.0,1,0,0,1,0
0,13.215535402342804,6.5155354023428025,1,0,0,1,0
1,11.558633381148352,6.982733237703297,0,1,1,0,0
1,12.85926767534461,6.8629292986215615,1,1,1,0,0
1,14.312598628427306,5.917322468830848,1,0,1,0,0
0,13.363945908614,6.3081622741580015,0,0,1,1,0
0,11.54486355653027,6.679454226121081,0,1,1,0,0
1,11.585954482522876,7.014045517477125,1,0,0,1,0
1,12.11241038239444,6.9515512977993055,1,0,0,1,0
1,11.845125051835318,6.998050020734127,0,1,1,0,0
0,11.511496251082544,6.511496251082545,0,1,1,1,0
0,14.371786275003515,6.481190850002344,1,0,1,0,0
0,12.2,5.941652542052183,1,1,0,1,0
0,14.198068948648704,6.365379299099136,1,0,1,0,0
0,13.421596415493436,6.439201792253282,0,0,1,1,0
0,13.482739563208204,6.408630218395898,0,0,1,1,0
0,13.11284136030231,6.795719546565897,1,0,0,1,0
1,12.673324141127964,7.0,1,0,0,1,0
1,12.722621381376088,6.966067927935867,1,1,1,0,0
1,14.189468237043345,6.589468237043344,1,1,0,0,0
1,13.958020780826995,6.3,1,0,0,0,0
0,13.41127059513022,6.222541190260436,0,0,1,1,0
0,13.223624604890066,6.758791798369979,1,0,0,1,0
1,11.83035498504776,5.4162345508917245,1,0,1,1,0
0,13.368353752567236,6.636707505134472,0,0,0,1,0
0,13.460371766059886,6.5,0,0,1,1,0
0,13.689646010380724,6.642070797923855,1,0,0,1,0
1,12.789433913522672,6.865849129715991,1,1,1,0,0
1,12.7,5.6750271378729416,1,0,1,1,0
1,12.28022672194674,5.204943319513315,1,0,1,1,0
1,14.206753291235849,6.086493417528305,1,0,1,0,0
1,14.502796447175196,5.955544887328461,1,1,0,0,0
0,13.339044405808025,6.578088811616048,0,0,0,1,0
1,12.854812094329631,6.880751622681467,1,1,1,0,0
1,14.102355946794402,6.295288106411193,1,0,1,0,0
1,11.962800699982342,5.254266899994114,1,0,1,1,0
1,12.777720195966046,6.883419706050932,1,1,1,0,0
1,11.83520526026091,5.23520526026091,1,0,1,1,0
0,13.35182963973184,6.47408518013408,0,0,1,1,0
1,11.57763520978008,7.022364790219919,1,0,0,1,0
1,12.219795266814138,5.133814656432944,1,1,1,0,0
0,12.974629775739071,6.337314887869536,0,0,1,1,0
0,12.87942123079702,6.188240703312584,1,1,0,1,0
1,11.61629808412575,6.983701915874248,1,0,0,1,0
1,12.352056610641364,7.073971694679318,1,0,0,1,0
1,11.583006829034472,5.600391805158633,1,1,1,0,0
1,12.960813444285913,6.652248740952117,1,1,0,0,0
1,14.09883335940283,6.3,1,0,0,0,0
1,11.737673364929226,6.854791962084929,1,0,0,1,0
1,11.702970535937334,6.896435356875198,1,0,0,1,0
1,12.39501193218496,7.052494033907521,1,0,0,1,0
1,12.9,6.777934209036912,1,1,1,0,0
1,12.287236152445002,6.9734045190556255,1,0,0,1,0
1,14.19150815784458,6.135285315879754,1,0,1,0,0
0,13.3504797833929,6.348560649821307,0,0,1,1,0
0,13.840509897231978,6.5,0,0,1,1,0
1,12.618115220723388,7.0,1,0,0,1,0
0,14.058719305338157,6.462079922815351,0,0,1,1,0
1,14.414397151612215,5.73408512709801,1,0,1,0,0
1,14.187073974374751,6.125852051250495,1,0,1,0,0
0,13.337351270915914,6.741765819389391,1,0,0,1,0
1,12.075232889712462,5.169418567809727,1,0,1,1,0
1,13.896857417257326,6.301047527580891,1,1,0,0,0
1,11.885685594571717,5.19047937838092,1,0,1,1,0
1,11.9,5.508387112584576,0,1,1,1,0
0,13.111541040356348,6.7961529865478845,1,0,0,1,0
1,14.253878904745353,5.992242190509297,1,0,1,0,0
0,13.85826684724893,6.092914130929489,0,0,1,1,0
0,14.362310826570669,6.474873884380445,1,0,1,0,0
1,12.531254241764852,7.0,1,0,0,1,0
1,12.7,5.4015847433728,1,0,1,1,0
0,13.39843762221633,6.696875244432657,0,0,0,1,0
0,13.13772998864802,6.43772998864802,1,0,0,1,0
0,11.520397158514813,6.428609945198161,0,1,1,1,0
1,14.130063218460446,6.39018965538134,1,0,1,0,0
0,12.649058172559624,6.950313942480125,1,0,0,1,0
1,11.996168945074206,5.107662109851586,1,1,1,0,0
1,14.338523664327363,5.870657404210741,1,0,1,0,0
1,12.624427186503866,7.0,1,0,0,1,0
1,13.959498557926992,6.3,1,0,0,0,0
0,14.288493538864357,6.522301292227129,1,0,0,1,0
0,14.33440651807982,6.456271012053212,1,0,1,0,0
1,12.5821655351466,5.129458616213349,1,0,1,1,0
1,11.621264834338865,5.757470331322271,0,1,1,1,0
0,13.457726444012838,6.421136777993581,0,0,1,1,0
1,12.731726092950186,6.95241086057472,1,1,1,0,0
1,11.536781709548888,7.063218290451112,1,0,0,1,0
0,12.705834173321035,5.973473202207874,1,1,0,1,0
0,13.09416396118479,6.39416396118479,1,0,0,1,0
0,12.91915656205828,6.860281145980574,1,0,0,1,0
1,11.581499770289192,6.937000459421613,0,1,1,0,0
1,11.715498906191629,6.9051663020638765,1,0,0,1,0
1,11.9,5.589239504472959,0,1,1,1,0
1,14.083104270676806,6.3,1,0,0,0,0
0,13.36729022239022,6.6345804447804415,0,0,0,1,0
1,14.170159379690126,6.159681240619748,1,0,1,0,0
1,14.054685311345429,6.3,1,0,0,0,0
1,13.947486674422631,6.3,1,0,0,0,0
0,13.493425897156078,6.3868517943121565,0,0,1,1,0
1,14.159288889393544,6.181422221212912,1,0,1,0,0
1,14.464569474847623,5.643774945274277,1,0,1,0,0
1,12.238458206062738,6.967307275757842,1,0,0,1,0
1,14.454360719716147,5.662150704510935,1,0,1,0,0
0,12.722233660823388,6.098419234756222,1,1,0,1,0
1,14.561979189119398,5.468437459585084,1,0,1,0,0
0,12.221394363406477,5.971633819561134,1,1,0,1,0
0,13.379399441666983,6.26180167499905,0,0,1,1,0
0,12.975174597796688,6.983216934802209,1,0,0,1,0
1,14.13610476564556,6.227790468708882,1,0,1,0,0
1,12.372208996824536,7.063895501587733,1,0,0,1,0
1,12.054571205551726,5.334701379799372,1,0,1,1,0
1,13.11320730236902,6.6,1,1,0,0,0
0,13.401469102897972,6.449265448551014,0,0,1,1,0
1,14.461463319036342,5.649366025734583,1,0,1,0,0
0,12.2,5.904564870569994,1,1,0,1,0
1,12.033773440022768,5.167546880045535,1,1,1,0,0
1,11.98544284590711,6.9356803557383895,1,0,0,1,0
0,13.975772893252646,5.992194662926304,0,0,1,1,0
0,13.971526199037369,6.585694760192526,1,0,0,1,0
1,11.534684326470758,7.065315673529242,1,0,0,1,0
1,14.016419186456508,6.3,1,0,0,0,0
1,11.848667605921047,6.721598872894742,1,0,0,1,0
0,14.119918998948842,6.4688798887720935,0,0,1,1,0
0,14.298939447917448,6.520212110416511,1,0,0,1,0
0,13.557321231919282,6.5,0,0,1,1,0
0,13.035670489922827,6.367835244961414,0,0,1,1,0
0,13.468726279876629,6.686254744024675,1,0,0,1,0
1,12.829457087188134,6.652971391458756,1,1,1,0,0
0,13.648695940667006,6.650260811866599,1,0,0,1,0
1,11.578155212842312,6.943689574315374,0,1,1,0,0
0,13.364115755885422,6.628231511770841,0,0,0,1,0
1,11.690484281601204,6.936193712640482,0,1,1,0,0
0,13.369035579029283,6.638071158058567,0,0,0,1,0
0,13.47256915138442,6.345138302768844,0,0,1,1,0
1,11.70325693064383,5.445928836695212,0,1,1,1,0
1,12.391699183503452,7.054150408248274,1,0,0,1,0
1,14.080590515693777,6.3,1,0,0,0,0
0,13.434172291017283,6.432913854491358,0,0,1,1,0
1,12.268080860968992,5.147991015447889,1,0,1,1,0
1,12.844604045712105,6.807194605717194,1,1,0,0,0
1,14.192675878470078,6.578027635410235,1,0,1,0,0
0,11.630887044200772,6.041895345297292,0,1,1,1,0
1,12.736783259440587,6.59118883962706,1,1,1,0,0
1,12.563130143713297,7.0,1,0,0,1,0
0,13.477597101280644,6.411201449359678,0,0,1,1,0
0,13.3214726462486,6.542945292497201,0,0,0,1,0
0,13.91680922273664,6.4463121358596265,0,0,1,1,0
0,13.220222419096183,6.460111209548091,0,0,1,1,0
1,12.407484417548106,6.988435552193513,1,0,0,1,0
1,14.135959730110644,6.407879190331937,1,0,1,0,0
1,12.250919741355144,6.9688649676693935,1,0,0,1,0
0,13.350732019239814,6.34780394228056,0,0,1,1,0
1,11.734637079523877,5.298044380714189,1,0,1,1,0
0,12.991661358656769,6.29166135865677,1,0,0,1,0
1,11.767198088810597,6.966879235524239,0,1,1,0,0
1,13.801444437531853,6.332851854156049,1,1,0,0,0
0,13.386309957101416,6.456845021449292,0,0,1,1,0
0,12.914576209241249,6.307288104620624,0,0,1,1,0
1,13.311892636088922,6.496035787970359,1,1,0,0,0
1,12.026352904610626,5.152705809221251,1,1,1,0,0
1,11.585212147747203,6.929575704505594,0,1,1,0,0
1,14.04137806326452,6.44137806326452,1,1,0,0,0
1,11.69177427489412,5.380376208509801,1,0,1,1,0
1,12.407735715399436,7.046132142300283,1,0,0,1,0
0,12.24577089522528,5.8253746286483095,1,1,0,1,0
1,12.7,5.267076504660428,1,0,1,1,0
1,13.921346476939558,6.3,1,0,0,0,0
0,12.409078128757262,5.627257816883471,1,1,0,1,0
1,12.72199831784856,6.581332211899039,1,1,1,0,0
0,13.113688024353747,6.413688024353748,1,0,0,1,0
1,12.861080774182335,6.67405384945489,1,1,1,0,0
0,13.310177896953952,6.520355793907903,0,0,0,1,0
1,13.10282194173869,6.618871223304525,1,1,0,0,0
0,12.275546382695111,5.6222680865244445,1,1,0,1,0
1,11.9,5.504983999127679,0,1,1,1,0
0,12.270473764222952,5.677157414662284,1,1,0,1,0
0,12.549022909451134,6.983659030182956,1,0,0,1,0
0,13.869790630976794,6.441087847886311,0,0,1,1,0
1,11.79166235511329,6.790005173864051,1,0,0,1,0
1,14.16138909496677,6.561389094966772,1,1,0,0,0
0,11.591782559728234,6.591782559728234,0,1,1,1,0
0,11.506339036245988,6.47781337313904,0,1,1,1,0
1,14.122675501642972,6.368026504928919,1,0,1,0,0
0,11.609790978400977,6.609790978400976,0,1,1,1,0
0,13.633547256090868,6.325807079949518,0,0,1,1,0
1,11.611633882009418,5.776732235981163,0,1,1,1,0
0,13.45050921036729,6.301018420734581,0,0,1,1,0
0,13.398166829263776,6.696333658527552,0,0,0,1,0
0,14.294513431795384,5.958603649002564,0,0,1,1,0
0,12.78195894558701,6.90601368480433,1,0,0,1,0
0,13.824149152207813,6.122157869536162,0,0,1,1,0
1,13.979275095729877,6.3,1,0,0,0,0
1,12.157395062645248,7.052465020881749,1,0,0,1,0
1,12.669391753260626,5.110202748913124,1,0,1,1,0
0,11.564853978724688,6.7594159148987565,0,1,1,0,0
1,12.26646165286273,7.088820550954243,1,0,0,1,0
1,12.46510865165514,7.01744567417243,1,0,0,1,0
1,11.79583489539213,5.206247656911807,1,0,1,1,0
0,13.214089662942447,6.761970112352518,1,0,0,1,0
0,13.369872064002893,6.290383807991327,0,0,1,1,0
0,14.377578539799725,6.485052359866482,1,0,1,0,0
0,13.076629693495208,6.915580204336528,1,0,0,1,0
1,11.924971130635628,5.212485565317814,0,1,1,1,0
1,12.019170677096174,5.138341354192347,1,1,1,0,0
0,13.76382204316587,6.253432198241184,0,0,1,1,0
1,11.840358074763268,5.412597063722448,1,0,1,1,0
1,11.547307068932918,7.0053858621341645,0,1,1,0,0
1,13.928279776193875,6.2838401278892135,1,1,0,0,0
0,14.198266843505015,6.365511229003343,1,0,1,0,0
1,11.9,5.82398992156621,0,1,1,1,0
0,11.609267064533284,6.901544510755548,0,1,1,0,0
1,12.502774613629052,7.0,1,0,0,1,0
0,12.331257638571984,5.8,1,1,0,1,0
1,11.546200752483758,7.053799247516243,1,0,0,1,0
1,11.568504655052454,6.962990689895093,0,1,1,0,0
1,11.80110090417504,5.448073417693681,1,1,1,0,0
0,12.75080441921927,6.91639852692691,1,0,0,1,0
1,13.996251466371511,6.3,1,0,0,0,0
1,11.903987487247708,6.925498435905964,1,0,0,1,0
0,12.2017473215022,5.794758035493399,1,1,0,1,0
0,13.0007553186959,6.3007553186959,1,0,0,1,0
1,11.52925204497904,7.041495910041922,0,1,1,0,0
0,14.165867892574138,6.343911928382759,1,0,1,0,0
0,12.862520582606775,6.879159805797741,1,0,0,1,0
0,13.87555284200238,6.604889431599524,1,0,0,1,0
0,13.480745446163985,6.36149089232797,0,0,1,1,0
1,12.676196332496048,5.204030204999391,1,1,1,0,0
1,13.432662144091454,6.455779285302849,1,1,0,0,0
0,13.364602587795034,6.629205175590067,0,0,0,1,0
1,14.226375350201378,6.047249299597244,1,0,1,0,0
0,12.298839811022354,5.503480566932941,1,1,0,1,0
1,14.20380762593768,6.09238474812464,1,0,1,0,0
1,11.681590298033932,6.918409701966068,1,0,0,1,0
1,12.259817230886574,5.2100456922783565,1,0,1,1,0
1,14.27177712543475,5.99080117421745,1,0,1,0,0
1,13.251988952078507,6.6,1,1,0,0,0
0,13.008577677508026,6.354288838754012,0,0,1,1,0
0,12.915875539790523,6.307937769895262,0,0,1,1,0
1,12.66223015423957,7.0,1,0,0,1,0
0,13.187849680884735,6.443924840442368,0,0,1,1,0
1,14.152729377885954,6.458188133657866,1,0,1,0,0
1,13.648007815327023,6.383997394890992,1,1,0,0,0
1,12.913765877850487,6.815585305373781,1,1,0,0,0
0,11.516319169011762,6.983680830988238,0,1,1,0,0
0,13.924706814594396,6.5,0,0,1,1,0
1,13.98371287410709,6.3,1,0,0,0,0
1,11.716514504173364,6.880182594991964,1,0,0,1,0
0,13.49365099204254,6.403174503978731,0,0,1,1,0
1,11.792917847351918,6.930972615783973,1,0,0,1,0
0,13.0522040803917,6.37610204019585,0,0,1,1,0
1,11.916351155349968,5.267297689300065,1,1,1,0,0
1,11.83532880129346,6.916916100161683,1,0,0,1,0
1,12.4531849957515,7.0234075021242495,1,0,0,1,0
0,12.905585204004382,6.302792602002191,0,0,1,1,0
1,11.50270459761234,7.097295402387659,1,0,0,1,0
1,11.739281588704246,6.913093862901416,1,0,0,1,0
0,13.86252363141059,6.607495273717882,1,0,0,1,0
0,11.876709943371475,6.946118323895246,0,1,1,0,0
1,11.886666410814646,5.190370398798373,1,0,1,1,0
0,14.133733795020254,6.322489196680168,1,0,1,0,0
1,12.271258644805128,6.971407330600641,1,0,0,1,0
1,12.940345804279026,6.68386167828839,1,1,0,0,0
0,13.40269651206002,6.20539302412004,0,0,1,1,0
1,12.181104468860736,6.960138058607592,1,0,0,1,0
1,14.185189773844575,6.55556932153373,1,0,1,0,0
1,13.482782096200108,6.439072634599964,1,1,0,0,0
1,13.722292907656591,6.359235697447803,1,1,0,0,0
0,14.150306685373408,5.842594269679935,0,0,1,1,0
1,14.114580301248328,6.343740903744984,1,0,1,0,0
1,11.830449237781403,6.916306154722676,1,0,0,1,0
1,11.9,5.268147497966959,0,1,1,1,0
1,12.922694928322594,6.677305071677406,1,1,0,0,0
0,12.38965481474966,5.604597283874601,1,1,0,1,0
0,13.393131919957828,6.686263839915654,0,0,0,1,0
1,13.864718650825726,6.311760449724758,1,1,0,0,0
1,11.867499626999036,5.192500041444552,1,0,1,1,0
1,11.777941016602112,6.925980338867372,1,0,0,1,0
0,12.2,5.921835713789733,1,1,0,1,0
1,11.728829873222764,5.542340253554472,0,1,1,1,0
0,12.229765817070737,5.710702548787791,1,1,0,1,0
0,13.925620317253546,6.163544268192474,0,0,1,1,0
1,14.14952690780066,6.448580723401987,1,0,1,0,0
0,12.163901996880204,6.997926497660153,0,1,1,1,0
1,14.100110802340769,6.300332407022306,1,0,1,0,0
1,11.83113907296372,5.337721854072561,0,1,1,1,0
1,12.7,5.281845127617338,1,0,1,1,0
1,14.198944200801618,6.5968326024048585,1,0,1,0,0
0,13.39300735981744,6.220977920547682,0,0,1,1,0
0,13.756276528826996,6.5,0,0,1,1,0
0,13.124815602080986,6.883456265279343,1,0,0,1,0
0,13.617837792250986,6.298996178070584,0,0,1,1,0
1,11.779762304777252,6.909970288097157,1,0,0,1,0
0,12.2,5.985286884602616,1,1,0,1,0
0,13.430576691798263,6.261153383596527,0,0,1,1,0
0,14.170534105496156,5.825256481003295,0,0,1,1,0
0,13.354874299019524,6.472562850490238,0,0,1,1,0
1,14.112527438339509,6.274945123320983,1,0,1,0,0
1,12.892054054682765,6.731783781268951,1,1,1,0,0
0,12.451789983497267,5.943879990569868,1,1,0,1,0
0,13.358001688538716,6.61600337707743,0,0,0,1,0
1,12.052981587851246,5.261754603037188,1,0,1,1,0
0,13.471248737910392,6.685750252417922,1,0,0,1,0
1,13.644298559434764,6.402280576226094,1,1,0,0,0
1,12.607873053768948,7.0,1,0,0,1,0
1,11.61717484783299,6.9068699391331965,0,1,1,0,0
0,13.311103870458986,6.466688388623044,0,0,1,1,0
1,11.554316482185252,7.045683517814749,1,0,0,1,0
1,12.003311359938593,6.937913919992324,1,0,0,1,0
1,13.458595600123523,6.47656175995059,1,1,0,0,0
1,14.03589789337364,6.3,1,0,0,0,0
1,12.954441231108971,6.713896922227571,1,1,0,0,0
1,11.973015111531163,5.153969776937675,1,1,1,0,0
1,11.55788534090289,5.603524431828516,1,0,1,1,0
1,14.11064949292513,6.278701014149739,1,0,1,0,0
0,13.23160494207932,6.53160494207932,1,0,0,1,0
1,12.95973385427685,6.700665364307877,1,1,0,0,0
0,12.020854912754308,6.970142485459052,0,1,1,0,0
0,12.2119311459257,5.764206562222897,1,1,0,1,0
0,13.331073595371745,6.406779213884772,0,0,1,1,0
1,12.01287957241413,5.349861973667588,1,0,1,1,0
0,13.39963225706621,6.70012258097793,1,0,0,1,0
0,13.372232169287884,6.283303492136352,0,0,1,1,0
1,14.270945005883478,5.958109988233046,1,0,1,0,0
1,12.072233152541036,5.286116576270518,0,1,1,1,0
0,13.272536716989546,6.5725367169895454,1,0,0,1,0
0,13.447660462417009,6.295320924834018,0,0,1,1,0
0,12.264268972994437,5.714386162033386,1,1,0,1,0
0,13.572944841870871,6.665411031625825,1,0,0,1,0
1,12.277514945642764,7.0925049818809205,1,0,0,1,0
1,12.59320211104812,6.989320211104812,1,0,0,1,0
1,12.966571624933996,6.633428375066004,1,1,0,0,0
1,11.837322666458997,5.278346666926257,0,1,1,1,0
1,11.723253446594052,5.315119830108922,1,0,1,1,0
0,13.09136685643318,6.391366856433179,1,0,0,1,0
1,13.3456187430306,6.484793752323133,1,1,0,0,0
1,11.675088653334331,5.668594856664918,1,1,1,0,0
1,14.296473540184088,5.946347627668639,1,0,1,0,0
0,14.181602830684094,6.354401887122729,1,0,1,0,0
1,14.05231016310922,6.3,1,0,0,0,0
0,14.29750262816727,6.43166841877818,1,0,1,0,0
0,13.219813305846465,6.820124462769025,1,0,0,1,0
0,12.046359819642865,7.046359819642863,0,1,1,1,0
0,14.31102606702146,6.5,0,0,1,1,0
0,13.345273320573565,6.36418003827931,0,0,1,1,0
1,12.1793737611797,5.127595963258416,1,1,1,0,0
1,11.795077012804308,5.20738448079354,1,0,1,1,0
0,11.560632832063648,6.742531328254591,0,1,1,0,0
1,14.190889807917689,6.118220384164628,1,0,1,0,0
1,11.638317826261307,5.534018608486432,1,1,1,0,0
1,12.760353661799009,6.919528450934653,1,1,0,0,0
1,12.877619385696397,6.9059515357590096,1,1,0,0,0
0,13.333862105110509,6.567724210221016,0,0,0,1,0
1,11.721079278175267,6.902634909771909,1,0,0,1,0
1,14.183244707227532,6.549734121682597,1,0,1,0,0
1,12.8425052323104,6.661670154873601,1,1,1,0,0
1,12.23177089906251,6.966471362382814,1,0,0,1,0
0,13.50978954604718,6.5,0,0,1,1,0
1,14.09005861515258,6.490058615152579,1,1,0,0,0
0,13.005552875707885,6.831482374764039,1,0,0,1,0
1,12.685470298132648,7.0,1,0,0,1,0
1,12.81224183720614,7.051032651175438,1,1,1,0,0
0,11.56560326889783,6.56560326889783,0,1,1,1,0
1,13.31171061883831,6.49609646038723,1,1,0,0,0
0,12.2,5.837403616372601,1,1,0,1,0
0,13.657766840874078,6.312351755069957,0,0,1,1,0
1,14.36946719694531,5.81495904549844,1,0,1,0,0
1,12.09046764311566,5.167725817431593,1,0,1,1,0
0,12.227113364752208,5.864433176238956,1,1,0,1,0
1,13.99647714184841,6.3,1,0,0,0,0
1,12.870875367253962,6.922811581865096,1,1,0,0,0
0,11.614020399336075,6.614020399336078,0,1,1,1,0
1,11.789788295327366,6.929929431775789,1,0,0,1,0
0,13.88113106167133,6.5,0,0,1,1,0
0,13.25190318489233,6.551903184892329,1,0,0,1,0
0,12.377182831530437,5.901247332303106,1,1,0,1,0
1,12.11965916562225,6.9524573957027815,1,0,0,1,0
1,13.42419390117961,6.45860203294013,1,1,0,0,0
0,13.373464807280378,6.673464807280378,1,0,0,1,0
0,12.7984014089343,6.1419436622481705,1,1,0,1,0
0,12.632250814146726,5.8,1,1,0,1,0
1,11.64942620464544,6.950573795354559,1,0,0,1,0
0,14.187503842498632,5.8107109921440285,0,0,1,1,0
1,11.544061042209634,5.64712674934844,1,1,1,0,0
0,13.332503752148234,6.565007504296467,0,0,0,1,0
1,12.886942541757218,6.719586187364174,1,1,1,0,0
0,12.827158008766142,6.890947330411286,1,0,0,1,0
0,13.318384627611747,6.536769255223494,0,0,0,1,0
0,14.148312844959271,6.332208563306182,1,0,1,0,0
0,13.77792118091447,6.161781844930455,0,0,1,1,0
0,14.137070175367914,6.470785575040879,0,0,1,1,0
1,12.963990641335087,6.690023396662279,1,1,0,0,0
0,13.356802114362951,6.471598942818524,0,0,1,1,0
1,12.869192400401031,6.823230398395865,1,1,1,0,0
1,12.088195198604724,5.1679783112661415,1,0,1,1,0
1,12.265533865493076,5.148274014945214,1,0,1,1,0
0,12.58507438185687,5.8,1,1,0,1,0
0,12.913478350357694,6.862173883214101,1,0,0,1,0
0,11.651582707143891,6.651582707143894,0,1,1,1,0
0,13.432908857678038,6.433545571160981,0,0,1,1,0
1,14.197030619364565,6.591091858093694,1,0,1,0,0
0,14.000473285946828,6.455608142882981,0,0,1,1,0
0,13.521619458713555,6.675676108257289,1,0,0,1,0
0,13.855896204395696,6.202279886446837,0,0,1,1,0
1,14.032111208920242,6.3,1,0,0,0,0
0,13.76045354521974,6.428939282802194,0,0,1,1,0
1,11.913353766957144,5.251630907824998,1,1,1,0,0
0,12.207587898275213,5.962060508623936,1,1,0,1,0
1,11.750921857743045,6.838893770708346,1,0,0,1,0
0,12.874273374401266,6.185299071086438,1,1,0,1,0
1,12.367145954968793,7.0664270225156045,1,0,0,1,0
0,11.538454454812795,6.961545545187202,0,1,1,0,0
1,12.071724920607862,6.946465615075983,1,0,0,1,0
1,12.356428708303014,7.071785645848493,1,0,0,1,0
0,13.32892877470665,6.557857549413298,0,0,0,1,0
1,12.104862608094267,6.950607826011784,1,0,0,1,0
1,14.103656559483593,6.293418192929534,1,0,1,0,0
0,11.577896978447134,6.577896978447135,0,1,1,1,0
0,14.024541797339811,6.575091640532038,1,0,0,1,0
0,12.66565736348126,6.94478087883958,1,0,0,1,0
0,13.322897912484688,6.488551043757656,0,0,1,1,0
0,13.33875961945686,6.577519238913715,0,0,0,1,0
1,13.222143875425338,6.525952041524887,1,1,0,0,0
0,13.763237065845509,6.17436822927528,0,0,1,1,0
1,14.212541019454008,6.074917961091986,1,0,1,0,0
1,12.61430542290858,5.128564859030473,1,0,1,1,0
0,13.367713176848728,6.667713176848727,1,0,0,1,0
1,12.076392878618565,6.44832854565772,1,0,0,1,0
0,12.604874849646876,6.965041716784374,1,0,0,1,0
0,12.179789242577296,7.00984193193297,0,1,1,1,0
1,12.645956111411136,6.530637407607423,1,1,1,0,0
0,13.306768435526925,6.479694693419229,0,0,1,1,0
0,12.6094233888113,5.732067541608475,1,1,0,1,0
1,14.035316201726936,6.435316201726937,1,1,0,0,0
0,14.381481310605006,6.487654207070003,1,0,1,0,0
1,12.451598067470872,5.162100483132281,1,0,1,1,0
0,13.328922790672342,6.628922790672341,1,0,0,1,0
1,11.669359844711112,6.930640155288888,1,0,0,1,0
1,12.087763563359374,6.948470445419922,1,0,0,1,0
1,11.715118962581222,6.881857244902533,1,0,0,1,0
0,13.330912393998403,6.561824787996807,0,0,0,1,0
0,11.75991521198068,6.926652535330114,0,1,1,0,0
0,13.497198699685477,6.401400650157262,0,0,1,1,0
0,14.277691894911417,5.967948947271436,0,0,1,1,0
1,12.296429895783474,5.246752765169646,1,0,1,1,0
1,12.939019985969662,6.660980014030339,1,1,0,0,0
1,14.17598527459772,6.148029450804559,1,0,1,0,0
1,14.266940487039308,5.966119025921388,1,0,1,0,0
1,12.42765677544516,5.190781074851613,1,0,1,1,0
1,14.194432813749255,6.111134372501487,1,0,1,0,0
0,13.01706009210811,6.31706009210811,1,0,0,1,0
1,14.049638209062616,6.3,1,0,0,0,0
1,12.484457827447056,5.171847390850981,1,0,1,1,0
1,14.140582399638648,6.421747198915947,1,0,1,0,0
1,14.235458432945242,6.056174820698564,1,0,1,0,0
1,11.65624291344811,5.504696358189862,0,1,1,1,0
0,11.606014197499125,6.606014197499123,0,1,1,1,0
0,13.304370146611587,6.497814926694207,0,0,1,1,0
0,12.2,5.975533845606713,1,1,0,1,0
0,12.050527421186777,6.975087903531129,0,1,1,0,0
1,11.742943544212928,6.905367943026616,1,0,0,1,0
1,12.330197676225572,5.223267441258142,1,0,1,1,0
1,13.264195669256054,6.6,1,1,0,0,0
0,13.152267182080786,6.865155211946143,1,0,0,1,0
1,14.095035827250936,6.3,1,0,0,0,0
1,13.865027609288132,6.311657463570622,1,1,0,0,0
1,11.717453904046762,5.323819143929857,1,0,1,1,0
1,14.365011702599638,5.822978935320652,1,0,1,0,0
0,13.43774793080092,6.43112603459954,0,0,1,1,0
0,13.305478421950385,6.5,0,0,1,1,0
1,11.883778257269844,6.922972282158731,1,0,0,1,0
1,11.9,5.835988951693965,0,1,1,1,0
0,11.936115598145914,6.956019266357653,0,1,1,0,0
0,13.302179850926334,6.493460447221001,0,0,1,1,0
1,14.117849332795702,6.353547998387109,1,0,1,0,0
1,12.58939105735613,7.0,1,0,0,1,0
0,13.274969288866124,6.7416769037112925,1,0,0,1,0
1,13.96290415353364,6.3,1,0,0,0,0
1,11.63844103945222,5.486021440199193,1,0,1,1,0
0,12.794479749633968,6.901840083455344,1,0,0,1,0
1,14.138734520072928,6.416203560218784,1,0,1,0,0
0,13.164266461353751,6.464266461353753,1,0,0,1,0
1,13.011056395625497,6.6,1,1,0,0,0
1,12.553654956627996,5.116260560374667,1,0,1,1,0
1,14.179605445397415,6.579605445397418,1,1,0,0,0
1,12.930967157363629,6.69204379018183,1,1,0,0,0
1,12.75426004049047,6.927653279346039,1,1,0,0,0
0,12.290527341198638,5.528417976404088,1,1,0,1,0
0,12.21553575780802,5.753392726575936,1,1,0,1,0
0,13.357976453680804,6.6159529073616055,0,0,0,1,0
1,12.692701223049442,7.0,1,0,0,1,0
1,12.7,5.250073278159916,1,0,1,1,0
0,14.38304998468984,5.909416675172311,0,0,1,1,0
0,13.436041075265202,6.69279178494696,1,0,0,1,0
1,12.965617612411709,6.634382387588291,1,1,0,0,0
1,13.513284672727837,6.454686130908866,1,1,0,0,0
1,11.948867573260554,5.18948174679403,1,1,1,0,0
1,14.02163642113736,6.3,1,0,0,0,0
1,12.40034853104734,5.161592081699591,1,1,1,0,0
0,13.958523032808245,6.145264981773199,0,0,1,1,0
0,13.377655905031066,6.6553118100621305,0,0,0,1,0
1,11.573882034594142,6.9522359308117165,0,1,1,0,0
1,12.470505018719772,7.014747490640114,1,0,0,1,0
0,13.31285526389028,6.5,0,0,1,1,0
0,13.408218806349996,6.216437612699989,0,0,1,1,0
1,11.58942312037378,6.921153759252444,0,1,1,0,0
0,12.56818554271744,5.70113915703808,1,1,0,1,0
0,12.560546683022404,5.695410012266803,1,1,0,1,0
1,13.924453310810184,6.324453310810183,1,1,0,0,0
1,14.183777759246556,6.551333277739668,1,0,1,0,0
1,14.598395382636982,5.4028883112534345,1,0,1,0,0
1,14.074535750537049,6.474535750537047,1,1,0,0,0
0,13.412845006740662,6.5,0,0,1,1,0
1,12.949952800524343,6.650047199475657,1,1,0,0,0
1,12.161787785609125,7.053929261869708,1,0,0,1,0
1,14.422514672441704,5.719473589604934,1,0,1,0,0
0,13.24140058239218,6.470700291196089,0,0,1,1,0
0,14.22057192722185,6.380381284814567,1,0,1,0,0
1,13.90933663138416,6.294664782066195,1,1,0,0,0
0,13.325021695889214,6.550043391778426,0,0,0,1,0
1,13.291046070376456,6.6,1,1,0,0,0
0,12.980464250098056,6.340232125049028,0,0,1,1,0
0,13.31632401789878,6.72789199403374,1,0,0,1,0
0,14.220675733506509,6.38045048900434,1,0,1,0,0
1,11.9,5.605107822226152,0,1,1,1,0
0,12.849785448573298,7.066809700951135,1,0,0,1,0
0,13.074016444060009,6.917322370626661,1,0,0,1,0
0,13.463328016034286,6.32665603206857,0,0,1,1,0
0,13.395469657593884,6.690939315187767,0,0,0,1,0
1,12.7,5.47683389444708,1,0,1,1,0
0,13.66985001750572,6.5,0,0,1,1,0
1,11.863573069257692,5.245533663427886,0,1,1,1,0
0,12.2,5.825824135964644,1,1,0,1,0
1,11.991014354616444,5.115724879421225,1,1,1,0,0
0,11.581173485231057,6.824693940924225,0,1,1,0,0
0,13.38836533388299,6.676730667765982,0,0,0,1,0
1,12.291547119146434,5.2361509602845215,1,0,1,1,0
0,13.052833591559072,6.376416795779536,0,0,1,1,0
1,14.072590613845566,6.3,1,0,0,0,0
0,13.990316536498982,6.581936692700204,1,0,0,1,0
1,12.948981113360274,6.727547216599317,1,1,0,0,0
0,13.392916788726774,6.453541605636613,0,0,1,1,0
1,12.58622670723912,5.141372106458501,1,0,1,1,0
1,11.935897713367828,6.929487214170979,1,0,0,1,0
0,11.508695258390892,6.46956659563188,0,1,1,1,0
0,13.26396229473273,6.481981147366365,0,0,1,1,0
1,12.133059279042092,6.954132409880262,1,0,0,1,0
1,13.96495080270416,6.364950802704159,1,1,0,0,0
1,12.818038203602608,7.054904490993482,1,1,0,0,0
1,12.702549149905009,6.996601133459986,1,1,0,0,0
1,13.06377252507419,6.6,1,1,0,0,0
1,12.686053643369966,5.10507140241092,1,0,1,1,0
1,11.533673412628934,7.032653174742132,0,1,1,0,0
0,13.416592913338912,6.441703543330544,0,0,1,1,0
1,12.144955839554331,6.366052992534799,1,0,0,1,0
0,13.392658049708414,6.685316099416827,0,0,0,1,0
1,13.354408230715295,6.518236707713881,1,1,0,0,0
0,14.030417479581182,6.5,0,0,1,1,0
0,12.2,5.991924563879404,1,1,0,1,0
1,11.547300674957707,7.052699325042291,1,0,0,1,0
0,12.591661499336816,6.969446166887728,1,0,0,1,0
1,11.78204555366298,6.908204555366298,1,0,0,1,0
1,14.181770802971952,6.5817708029719535,1,1,0,0,0
0,14.334194441908554,6.513161111618289,1,0,0,1,0
0,13.323051662338408,6.4884741688307965,0,0,1,1,0
0,13.967238199471607,6.451915355496846,0,0,1,1,0
0,13.367957789289532,6.635915578579062,0,0,0,1,0
0,13.494614270610244,6.402692864694878,0,0,1,1,0
1,12.46142472352699,7.019287638236505,1,0,0,1,0
1,14.160919100532595,6.560919100532596,1,1,0,0,0
1,12.553361272185436,7.0,1,0,0,1,0
0,12.280676792674129,5.846101024385217,1,1,0,1,0
0,14.062250071380651,6.56754998572387,1,0,0,1,0
0,12.286400871717603,5.540797384847194,1,1,0,1,0
0,12.24570113095547,5.825793214267178,1,1,0,1,0
0,12.95686426114812,6.8477119129506265,1,0,0,1,0
1,12.605223632009508,7.0,1,0,0,1,0
0,11.506515995811997,6.498696800837601,0,1,1,1,0
1,12.239644085481258,5.253451971506247,1,0,1,1,0
0,11.775235779501006,6.929205963250168,0,1,1,0,0
1,14.505155432591192,5.954196895662177,1,1,0,0,0
1,11.77201844376847,5.241972334347294,1,0,1,1,0
1,11.931921513542688,5.219137351300295,1,1,1,0,0
0,12.684691612492704,6.076966635710116,1,1,0,1,0
0,13.951376793344709,6.149235114808496,0,0,1,1,0
1,12.061096194265843,5.1093994145024375,1,1,1,0,0
0,11.507923670884264,6.531694683537052,0,1,1,0,0
1,11.881418986452315,5.190953445949743,1,0,1,1,0
1,12.9,6.802575242399383,1,1,1,0,0
0,13.201281690564342,6.45064084528217,0,0,1,1,0
0,11.500771180702785,6.999228819297217,0,1,1,0,0
0,12.2,5.922788836615213,1,1,0,1,0
0,12.26891999119866,5.593240026404018,1,1,0,1,0
0,12.634388799258142,6.048222171004653,1,1,0,1,0
0,13.44729162854154,6.426354185729231,0,0,1,1,0
0,12.270667786687904,5.587996639936285,1,1,0,1,0
0,14.354184737756892,6.469456491837927,1,0,1,0,0
0,11.879743902271422,6.879743902271421,0,1,1,1,0
0,12.74681901673349,6.9177269944221695,1,0,0,1,0
1,11.849050243072131,6.914905024307213,1,0,0,1,0
0,11.69899162405771,5.803529315798015,0,1,1,1,0
0,13.172793985120208,6.851470676586528,1,0,0,1,0
0,14.142807892631716,6.328538595087811,1,0,1,0,0
1,14.437611774995968,5.692298805007257,1,0,1,0,0
1,14.189362007112514,6.134650281649992,1,1,0,0,0
0,14.221266469424144,6.535746706115171,1,0,0,1,0
1,14.284542721898314,5.930914556203375,1,0,1,0,0
1,12.8831337729883,6.892165567529252,1,1,0,0,0
1,12.035405892869564,5.1708117857391285,1,1,1,0,0
1,14.142766463671297,6.428299391013894,1,0,1,0,0
1,13.294661320998683,6.6,1,1,0,0,0
1,12.663615936733246,7.0,1,0,0,1,0
0,13.07548191204074,6.37548191204074,1,0,0,1,0
0,13.832702768203877,6.5,0,0,1,1,0
0,14.083410045670671,6.464823338407853,0,0,1,1,0
0,13.631266554803334,6.5,0,0,1,1,0
1,14.004935092602253,6.3,1,0,0,0,0
0,12.554016101554026,6.981994632815325,1,0,0,1,0
1,12.655540478129284,7.0,1,0,0,1,0
0,13.90585843250744,6.052121343565052,0,0,1,1,0
1,11.781668215593758,6.972667286237503,0,1,1,0,0
0,13.377776028248311,6.266671915255065,0,0,1,1,0
0,14.317488509178787,6.444992339452526,1,0,1,0,0
0,14.306683056957915,5.951842746134492,0,0,1,1,0
1,11.6632323509991,5.427946081668168,1,0,1,1,0
1,11.746539900582237,6.905817487572779,1,0,0,1,0
1,12.584305079956003,7.0,1,0,0,1,0
0,13.49451518684064,6.40274240657968,0,0,1,1,0
0,12.050942460172386,6.975157076695398,0,1,1,0,0
1,13.981725345377969,6.3,1,0,0,0,0
1,14.229518413844774,6.0409631723104535,1,0,1,0,0
0,13.315872348687677,6.452382953936977,0,0,1,1,0
0,13.486421082175708,6.372842164351418,0,0,1,1,0
1,12.71722319184107,6.977035744211905,1,1,0,0,0
0,11.929786426398962,6.954964404399827,0,1,1,0,0
1,14.10086736476298,6.298265270474039,1,0,1,0,0
1,12.306784655782598,7.096607672108701,1,0,0,1,0
1,12.048621702656488,5.274310851328243,0,1,1,1,0
1,12.413117955332291,7.043441022333854,1,0,0,1,0
1,12.432699337596349,7.033650331201827,1,0,0,1,0
0,13.068172256170238,6.384086128085118,0,0,1,1,0
0,11.513222800924217,6.4973554398151565,0,1,1,1,0
1,14.460897709973226,5.650384122048191,1,0,1,0,0
1,14.122121105134058,6.260182010758695,1,0,1,0,0
1,12.956302910552054,6.709242723619863,1,1,0,0,0
0,13.39181074718,6.68362149436,0,0,0,1,0
1,13.043906859999533,6.6,1,1,0,0,0
1,13.584540855912916,6.405153048029028,1,1,0,0,0
1,14.186422635923831,6.559267907771496,1,0,1,0,0
0,13.358818099768992,6.617636199537984,0,0,0,1,0
1,12.399821081212686,7.050089459393657,1,0,0,1,0
1,14.035001601004817,6.3,1,0,0,0,0
1,12.289160931251,5.145648785416555,1,0,1,1,0
1,12.03297675897594,7.01099225299198,1,0,0,1,0
1,12.813061241401195,7.047755034395225,1,1,1,0,0
1,12.412174808454632,6.989021851056829,1,0,0,1,0
0,12.2,5.929813817392159,1,1,0,1,0
1,13.208895535739847,6.6,1,1,0,0,0
1,14.176055310809144,6.147889378381712,1,0,1,0,0
0,13.758852915019586,6.256192824989119,0,0,1,1,0
1,12.094338047845689,5.288676095691376,1,1,1,0,0
0,13.31326565203223,6.5265313040644575,0,0,0,1,0
0,14.316781224781112,6.516643755043778,1,0,0,1,0
0,13.364003596222844,6.723997602518105,1,0,0,1,0
0,14.267226358799372,6.526554728240126,1,0,0,1,0
0,13.322780034479068,6.545560068958133,0,0,0,1,0
0,13.323286696234836,6.430139911295497,0,0,1,1,0
1,14.281239496883131,5.937521006233736,1,0,1,0,0
1,12.550119388039214,7.0,1,0,0,1,0
0,13.55641186686479,6.35164697125875,0,0,1,1,0
1,11.861319520851405,6.7064165749783164,1,0,0,1,0
1,12.176431955578185,6.947643195557818,1,0,0,1,0
1,12.87482740739842,6.912931481503955,1,1,0,0,0
1,11.696320781467692,6.903679218532307,1,0,0,1,0
0,13.430420237653262,6.434789881173369,0,0,1,1,0
0,13.097149088594232,6.398574544297116,0,0,1,1,0
1,11.935848341188258,5.245282780396086,1,0,1,1,0
0,13.357767917573565,6.657767917573563,1,0,0,1,0
0,11.647821234892405,6.647821234892405,0,1,1,1,0
1,12.381740059365764,7.059129970317118,1,0,0,1,0
1,12.753496806013455,6.919754790979814,1,1,1,0,0
1,14.26649291134873,6.000312759572286,1,0,1,0,0
0,12.81976829106934,6.893410569643553,1,0,0,1,0
1,12.28079056074446,6.958079056074446,1,0,0,1,0
0,12.936818515290994,6.236818515290994,1,0,0,1,0
1,14.17831776119026,6.143364477619477,1,0,1,0,0
1,11.697440543283824,6.902559456716174,1,0,0,1,0
1,14.270761334446652,5.992629597996027,1,0,1,0,0
0,13.317907080817989,6.535814161635973,0,0,0,1,0
1,11.557198488379465,7.042801511620535,1,0,0,1,0
1,14.226223883650023,6.113586352199985,1,1,0,0,0
0,12.916070938903363,7.022619374064423,1,0,0,1,0
0,12.78723852047379,6.068444940552755,1,1,0,1,0
1,12.291707070204788,5.145365881088357,1,0,1,1,0
1,13.992477980954568,6.247155439454533,1,1,0,0,0
1,12.894240227206664,6.741013030391113,1,1,0,0,0
1,11.64909489358162,5.701810212836761,0,1,1,1,0
1,14.029325565357706,6.429325565357705,1,1,0,0,0
1,11.610573699922126,6.989426300077874,1,0,0,1,0
1,12.284618351643887,6.958461835164389,1,0,0,1,0
0,13.318146721887818,6.4455598343365486,0,0,1,1,0
0,11.62041821441122,6.903403035735204,0,1,1,0,0
0,12.228434181281438,5.857829093592809,1,1,0,1,0
0,13.498397888093349,6.400801055953326,0,0,1,1,0
0,13.08754294429734,6.804152351900886,1,0,0,1,0
1,11.75491990935242,6.918306636450808,1,0,0,1,0
1,12.61079197960494,6.991079197960494,1,0,0,1,0
0,12.820223402169113,7.086517731887258,1,0,0,1,0
1,12.102856686528389,6.940285668652839,1,0,0,1,0
1,11.892953263516908,5.292953263516908,1,0,1,1,0
1,11.773977540483113,5.452044919033778,0,1,1,1,0
0,11.919550315615789,6.953258385935965,0,1,1,0,0
0,14.276216799731836,6.41747786648789,1,0,1,0,0
1,14.28353234530002,5.9696417784599625,1,0,1,0,0
1,11.749336922958884,6.904933692295889,1,0,0,1,0
0,11.55921691156666,6.940783088433339,0,1,1,0,0
1,12.192338115951411,5.269220628016196,1,0,1,1,0
0,12.232031857356976,5.703904427929072,1,1,0,1,0
0,12.511767847747349,6.996077384084217,1,0,0,1,0
1,12.21652900478895,5.261156998403683,1,0,1,1,0
0,13.458944442683128,6.420527778658436,0,0,1,1,0
1,12.926597797639312,6.697869603147582,1,1,0,0,0
1,13.42226061752197,6.45924646082601,1,1,0,0,0
0,13.475753540906618,6.351507081813237,0,0,1,1,0
1,14.019243899209638,6.3,1,0,0,0,0
1,12.072799763329591,5.290933254443198,1,0,1,1,0
1,12.037996224686724,5.1759924493734495,1,1,1,0,0
1,12.556856811943698,7.0,1,0,0,1,0
0,13.052580926604715,6.8158063577984285,1,0,0,1,0
1,12.652119416791976,5.115960194402674,1,0,1,1,0
0,12.2,5.832351574605588,1,1,0,1,0
1,14.25777974740074,5.984440505198517,1,0,1,0,0
0,11.750473937000192,6.925078989500032,0,1,1,0,0
1,11.983490907191248,5.261163635730416,1,0,1,1,0
1,11.942247682543798,6.930280960317975,1,0,0,1,0
0,13.452494265333014,6.423752867333493,0,0,1,1,0
1,14.53617278396118,5.936472694879326,1,1,0,0,0
1,11.728116162474826,5.543767675050345,0,1,1,1,0
0,13.47055091331026,6.414724543344871,0,0,1,1,0
0,13.439771719981088,6.430114140009456,0,0,1,1,0
0,13.371882699226337,6.709372433591222,1,0,0,1,0
0,13.399927592124987,6.450036203937506,0,0,1,1,0
1,11.593497905108842,7.006502094891158,1,0,0,1,0
1,11.602510004311217,5.496234993533173,1,0,1,1,0
0,13.462167250765251,6.418916374617375,0,0,1,1,0
1,13.941223866364105,6.3,1,0,0,0,0
0,13.486508371138637,6.373016742277274,0,0,1,1,0
1,12.307197146109049,5.24283740141489,1,0,1,1,0
0,13.38142372474353,6.255728825769408,0,0,1,1,0
1,14.14753121767578,6.442593653027342,1,0,1,0,0
1,14.288828734707238,6.0778121515958645,1,1,0,0,0
1,12.964226016412892,6.6894349589677695,1,1,0,0,0
1,14.195936277326794,6.587808831980383,1,0,1,0,0
0,13.362275032260168,6.662275032260168,1,0,0,1,0
0,13.343589559340556,6.4782052203297225,0,0,1,1,0
1,12.45907451339761,6.975907451339761,1,0,0,1,0
0,12.714829489884098,6.094188279933769,1,1,0,1,0
0,13.986844386915422,5.982704811215353,0,0,1,1,0
1,12.65352520377773,7.0,1,0,0,1,0
1,14.101048773261784,6.501048773261784,1,1,0,0,0
0,13.145552116466863,6.445552116466864,1,0,0,1,0
0,13.32807286962113,6.556145739242259,0,0,0,1,0
0,13.375533682308724,6.27339895307383,0,0,1,1,0
0,12.220838063807678,5.737485808576968,1,1,0,1,0
0,13.16184736565257,6.461847365652569,1,0,0,1,0
0,13.323599599583783,6.547199199167567,0,0,0,1,0
1,13.91178934996864,6.311789349968641,1,1,0,0,0
1,12.12309618878297,6.942309618878298,1,0,0,1,0
1,11.792841819081051,5.34858981710274,1,1,1,0,0
0,13.394556206022212,6.452721896988894,0,0,1,1,0
0,13.337144727743764,6.637144727743764,1,0,0,1,0
1,13.982781904687204,6.3,1,0,0,0,0
1,12.209041533849238,5.154550940683418,1,0,1,1,0
0,14.10815010461625,6.55836997907675,1,0,0,1,0
0,13.863782187400554,6.0881866965138105,0,0,1,1,0
0,12.249524069512054,5.752379652439729,1,1,0,1,0
1,13.220298479628818,6.571880608148473,1,1,0,0,0
0,12.95487060691536,6.327435303457679,0,0,1,1,0
0,14.13353223177486,6.32235482118324,1,0,1,0,0
0,13.157004337450266,6.861997108366491,1,0,0,1,0
0,13.341247614818958,6.376257155543128,0,0,1,1,0
0,11.538255803421167,6.538255803421168,0,1,1,1,0
0,14.016391177279612,6.5,0,0,1,1,0
0,14.343876160006968,6.462584106671312,1,0,1,0,0
1,12.996517742678597,6.603482257321406,1,1,0,0,0
1,14.1086225087187,6.5086225087187,1,1,0,0,0
0,13.496651939581906,6.680669612083619,1,0,0,1,0
1,11.56709583695886,5.588173605068566,1,0,1,1,0
1,12.481846805552912,5.154538298611771,1,0,1,1,0
0,12.920516654620874,6.859827781793042,1,0,0,1,0
1,11.62323003903512,5.545962451206101,0,1,1,1,0
0,13.030687316135,6.8231042279550005,1,0,0,1,0
0,13.428640039416935,6.257280078833872,0,0,1,1,0
1,12.954343442973462,6.714141392566344,1,1,0,0,0
1,11.9,5.328863761196572,0,1,1,1,0
1,11.849511247191757,5.249511247191756,1,0,1,1,0
0,13.203377990692928,6.831081339538048,1,0,0,1,0
0,13.49187435830213,6.383748716604262,0,0,1,1,0
1,11.54998730414992,7.000025391700158,0,1,1,0,0
1,14.532247354403328,5.938715797483813,1,1,0,0,0
0,13.33851316071168,6.384460517864966,0,0,1,1,0
0,13.315257557330954,6.530515114661906,0,0,0,1,0
1,11.78449880628172,6.973799522512688,0,1,1,0,0
0,13.293020431498547,6.771319712334303,1,0,0,1,0
0,13.33188480608107,6.63188480608107,1,0,0,1,0
0,13.258329904563324,6.558329904563325,1,0,0,1,0
1,13.99852177139952,6.3,1,0,0,0,0
0,11.508876654740764,6.9911233452592345,0,1,1,0,0
0,13.210918775418971,6.763027074860343,1,0,0,1,0
0,14.359966306063084,6.5,0,0,1,1,0
1,14.074333589880382,6.3,1,0,0,0,0
0,13.374686671618718,6.462656664190641,0,0,1,1,0
1,12.7,5.403307001257104,1,0,1,1,0
1,14.17536787010238,6.149264259795243,1,0,1,0,0
0,13.620095795048591,6.413343977227622,0,0,1,1,0
1,12.67482440864679,5.109154760492076,1,0,1,1,0
1,13.9195248412541,6.3,1,0,0,0,0
1,12.732878258908343,6.9506826116374825,1,1,1,0,0
1,14.184116768286364,6.131766463427272,1,0,1,0,0
0,13.37349871799653,6.463250641001736,0,0,1,1,0
1,12.821696424479864,6.837738100693514,1,1,0,0,0
1,12.256693565550052,6.955669356555005,1,0,0,1,0
0,14.099887578551488,6.560022484289703,1,0,0,1,0
1,14.211556607380556,6.0991981067150025,1,0,1,0,0
1,12.642825186556946,7.0,1,0,0,1,0
1,12.733371164522683,6.94994325321597,1,1,1,0,0
1,12.699716993241536,5.100031445195384,1,0,1,1,0
1,11.74051794937084,5.39935256328645,0,1,1,1,0
0,13.72141303850464,6.210217395567452,0,0,1,1,0
1,12.6684125453891,7.0,1,0,0,1,0
1,14.085784121316436,6.193837644962038,1,1,0,0,0
1,11.531770108308187,7.0682298916918125,1,0,0,1,0
0,13.00525541158818,6.30525541158818,1,0,0,1,0
1,12.064877914846676,5.229755829693353,1,1,1,0,0
1,12.31100070387422,6.976375087984278,1,0,0,1,0
0,11.508136641750216,6.532546567000864,0,1,1,0,0
1,12.367874684942192,7.066062657528904,1,0,0,1,0
1,11.952440921236104,6.931555115154513,1,0,0,1,0
1,12.36474066504177,7.067629667479115,1,0,0,1,0
1,12.60268120974771,5.132439596750762,1,0,1,1,0
1,11.785357161189292,5.429285677621417,0,1,1,1,0
1,13.961727178349514,6.3,1,0,0,0,0
1,11.898353010545389,5.391507996165313,1,0,1,1,0
0,14.132923805664973,6.048375663519462,0,0,1,1,0
0,12.628178085176662,5.882874432706106,1,1,0,1,0
0,13.736361165303771,6.197404715453911,0,0,1,1,0
1,13.151697160642083,6.549434279785971,1,1,0,0,0
0,12.978012151119335,6.981325232587111,1,0,0,1,0
1,12.676194922366692,7.0,1,0,0,1,0
1,14.117295206458802,6.351885619376408,1,0,1,0,0
1,13.589063507861017,6.403645497379661,1,1,0,0,0
0,13.087416463052286,6.804194512315905,1,0,0,1,0
1,13.169679949108602,6.6,1,1,0,0,0
1,11.871256449519407,7.008502579807763,0,1,1,0,0
0,13.369140634737512,6.292578095787465,0,0,1,1,0
1,11.707162632014004,5.339256051978995,1,0,1,1,0
0,13.463093259481385,6.418453370259309,0,0,1,1,0
0,14.157159376245096,6.5,0,0,1,1,0
0,12.2,5.834891515877507,1,1,0,1,0
1,12.978757162262692,6.653107094343271,1,1,0,0,0
1,12.525138102712909,7.0,1,0,0,1,0
1,14.1875822875129,6.562746862538709,1,0,1,0,0
0,11.628366963930178,6.628366963930178,0,1,1,1,0
0,14.37199328995519,6.481328859970127,1,0,1,0,0
1,14.253546730274143,5.99290653945171,1,0,1,0,0
1,14.345127982019427,6.045641153131756,1,1,0,0,0
1,11.74015696542877,5.299738390952051,1,0,1,1,0
1,12.328172521029234,7.085913739485383,1,0,0,1,0
1,14.151401522785363,6.551401522785365,1,1,0,0,0
1,14.153656607310008,6.155053367251424,1,1,0,0,0
1,12.923631612918212,6.676368387081788,1,1,0,0,0
1,11.532200123114542,7.0677998768854575,1,0,0,1,0
1,14.328740266074384,5.88826752106611,1,0,1,0,0
1,12.970941153356762,6.629058846643239,1,1,0,0,0
0,11.574636415635874,6.798545662543499,0,1,1,0,0
1,13.086617265793938,5.267171887045221,1,1,1,0,0
1,14.182462277475633,6.547386832426902,1,0,1,0,0
1,11.9,5.240192495430929,0,1,1,1,0
0,13.682498550172852,6.64350028996543,1,0,0,1,0
1,14.122703956980352,6.368111870941058,1,0,1,0,0
1,12.182989573641985,6.32041251162962,1,0,0,1,0
1,12.067845427030276,7.022615142343425,1,0,0,1,0
1,13.625849366809016,6.391383544396994,1,1,0,0,0
1,14.475332881774117,5.624400812806591,1,0,1,0,0
0,14.053878754901737,6.461542083877971,0,0,1,1,0
0,12.886880285659313,6.1846936666025325,1,1,0,1,0
1,11.650165213808595,6.920066085523439,0,1,1,0,0
0,13.604967433791124,6.341684759004932,0,0,1,1,0
1,14.323143478069223,5.898341739475393,1,0,1,0,0
1,11.917234599929396,5.208617299964699,0,1,1,1,0
0,13.837458227297171,6.612508354540566,1,0,0,1,0
0,13.657748274808077,6.31236206955107,0,0,1,1,0
0,13.34106859162424,6.376794225127277,0,0,1,1,0
1,12.343160644262325,7.078419677868838,1,0,0,1,0
0,12.411825672226396,5.8,1,1,0,1,0
0,13.330905810598315,6.561811621196629,0,0,0,1,0
1,14.140839732740638,6.4225191982219165,1,0,1,0,0
0,13.313427353951694,6.526854707903385,0,0,0,1,0
1,12.340280318870729,5.139968853458808,1,0,1,1,0
1,12.322511663822556,5.1419431484641605,1,0,1,1,0
1,14.253864083041028,6.097791952547984,1,1,0,0,0
0,13.257491914345689,6.478745957172843,0,0,1,1,0
0,13.41807638380034,6.44096180809983,0,0,1,1,0
0,13.38878692701219,6.707475381991873,1,0,0,1,0
1,11.728309238810205,5.319484601982995,1,0,1,1,0
1,14.111782886233504,6.335348658700515,1,0,1,0,0
0,13.17191263935378,6.43595631967689,0,0,1,1,0
1,12.817677902204755,7.029288391180974,1,1,1,0,0
1,11.9,5.241046997838677,0,1,1,1,0
0,13.702958081195636,6.639408383760873,1,0,0,1,0
0,13.398709580300247,6.697419160600497,0,0,0,1,0
0,13.176547454098246,6.476547454098246,1,0,0,1,0
1,11.98579301591698,5.24289650795849,0,1,1,1,0
1,13.9722869630253,6.3,1,0,0,0,0
0,13.305978089568416,6.511956179136829,0,0,0,1,0
1,11.821412252973122,6.9121412252973125,1,0,0,1,0
1,14.36192014845887,5.828543732774034,1,0,1,0,0
1,12.863246683621886,6.7823377551708175,1,1,0,0,0
1,13.038886804629827,6.5870377317900575,1,1,0,0,0
1,12.836200144882028,6.795699782676958,1,1,1,0,0
1,11.987977367772908,5.243988683886454,0,1,1,1,0
1,13.260355056241949,6.555857977503222,1,1,0,0,0
0,12.968593269231294,6.334296634615646,0,0,1,1,0
1,13.800464338889183,6.339814264444327,1,1,0,0,0
1,11.987181921421293,7.054872768568517,0,1,1,0,0
1,13.946745837307825,6.3,1,0,0,0,0
0,14.12689331677752,5.862662871333554,0,0,1,1,0
0,11.741274094742373,6.741274094742372,0,1,1,1,0
1,13.325448161680862,6.491517279439712,1,1,0,0,0
1,11.89454604028132,7.0178184161125285,0,1,1,0,0
1,12.180278355724342,7.060092785241447,1,0,0,1,0
1,14.163825730014237,6.491477190042704,1,0,1,0,0
1,11.531072319560334,7.037855360879331,0,1,1,0,0
0,13.549835389753598,6.405537265528178,0,0,1,1,0
0,13.49565051387203,6.402174743063985,0,0,1,1,0
1,11.80715394154752,5.20715394154752,1,0,1,1,0
0,13.254628639597918,6.554628639597918,1,0,0,1,0
0,11.553751083534928,6.715004334139717,0,1,1,0,0
1,12.210284423150645,5.222428894212339,1,0,1,1,0
1,13.046114966006645,6.584628344664451,1,1,0,0,0
1,12.979485204608356,6.620514795391645,1,1,0,0,0
1,12.821040706186029,7.015837175255887,1,1,1,0,0
1,11.831769407137422,5.231769407137421,1,0,1,1,0
0,13.209783813755632,6.509783813755632,1,0,0,1,0
1,14.405749030995102,5.749651744208817,1,0,1,0,0
1,12.7849846771015,6.872522984347749,1,1,1,0,0
0,13.562444075242812,6.346476506934732,0,0,1,1,0
1,14.07223570527286,6.3,1,0,0,0,0
0,13.417333154504057,6.441333422747972,0,0,1,1,0
1,11.605605929654892,5.573272884414129,1,1,1,0,0
1,13.965769749521824,6.3,1,0,0,0,0
0,12.300986409117284,5.857706519495592,1,1,0,1,0
0,13.44080664429793,6.429596677851035,0,0,1,1,0
0,13.386888276413313,6.673776552826624,0,0,0,1,0
1,11.695440353072623,5.632979382122907,1,1,1,0,0
0,13.275523648738284,6.782984234174478,1,0,0,1,0
1,13.97041644428237,6.3,1,0,0,0,0
0,11.943928269908124,6.943928269908124,0,1,1,1,0
1,12.387754131892228,7.056122934053886,1,0,0,1,0
1,13.209051617825637,6.6,1,1,0,0,0
0,13.37368487632658,6.647369752653158,0,0,0,1,0
1,12.4226375254683,5.165021157764354,1,1,1,0,0
0,14.254726080405751,5.980707733107916,0,0,1,1,0
1,14.16889503886384,6.506685116591521,1,0,1,0,0
0,12.84324048313275,6.885586505622417,1,0,0,1,0
1,11.643279611921654,6.917311844768662,0,1,1,0,0
0,11.656959170022304,5.950642904921937,0,1,1,1,0
1,12.464810571945332,7.017594714027334,1,0,0,1,0
1,11.572225663844575,5.613329203386511,1,1,1,0,0
1,13.977006345610777,6.377006345610774,1,1,0,0,0
1,11.81421525130808,6.762941698430303,1,0,0,1,0
1,12.74864817426849,6.935135767642013,1,1,0,0,0
0,13.471151238582472,6.414424380708764,0,0,1,1,0
0,11.519193923468084,6.519193923468083,0,1,1,1,0
1,12.361924021074154,7.069037989462923,1,0,0,1,0
1,14.542724792597712,5.503095373324118,1,0,1,0,0
0,14.146347821191531,6.471816424576837,0,0,1,1,0
0,12.242923294056148,5.671230117831557,1,1,0,1,0
0,12.262404214784448,5.612787355646655,1,1,0,1,0
0,12.955035591405746,6.255035591405747,1,0,0,1,0
1,11.662336634973189,6.93766336502681,1,0,0,1,0
1,12.92452274616932,6.675477253830681,1,1,0,0,0
1,13.9456487271546,6.3,1,0,0,0,0
0,11.620108584407214,6.903351430734536,0,1,1,0,0
1,13.90737036414516,6.3,1,0,0,0,0
0,13.012230712754343,6.95851285816377,1,0,0,1,0
1,14.151544930178028,6.454634790534086,1,0,1,0,0
0,13.32394631008166,6.428161069755022,0,0,1,1,0
0,12.68586850904486,6.938043830318381,1,0,0,1,0
1,12.306791444428343,5.231069518523885,1,0,1,1,0
1,14.15950465916773,6.47851397750319,1,0,1,0,0
1,14.062100588312036,6.3,1,0,0,0,0
1,12.587055688525329,7.0,1,0,0,1,0
0,11.504170703492052,6.995829296507948,0,1,1,0,0
0,13.35801851383755,6.4709907430812255,0,0,1,1,0
0,13.311627883888452,6.523255767776903,0,0,0,1,0
1,12.446974549056137,5.184341816981288,1,0,1,1,0
0,13.52130002941194,6.388166650326701,0,0,1,1,0
1,14.175805077536662,6.527415232609989,1,0,1,0,0
1,11.972818971708804,5.236409485854402,0,1,1,1,0
1,14.248632734418896,6.002734531162209,1,0,1,0,0
0,12.2,6.075425716066275,1,1,0,1,0
1,14.123120694534189,6.253758610931625,1,0,1,0,0
1,13.98648134157443,6.3,1,0,0,0,0
0,12.25188578017517,5.644342659474489,1,1,0,1,0
1,11.643151735698128,6.917260694279252,0,1,1,0,0
0,12.200019151882625,5.799942544352129,1,1,0,1,0
0,13.30281170765054,6.498594146174731,0,0,1,1,0
0,11.539118534213316,6.363085130253388,0,1,1,1,0
1,12.72904167771528,6.5860277851435205,1,1,1,0,0
1,11.841436407060373,6.996574562824149,0,1,1,0,0
0,13.30764057271748,6.515281145434958,0,0,0,1,0
0,13.304244137149428,6.508488274298854,0,0,0,1,0
0,11.990884058798365,6.401823188240328,0,1,1,1,0
0,13.423575940593045,6.438212029703478,0,0,1,1,0
0,11.931228323031116,6.413754335393777,0,1,1,1,0
1,11.99994585226486,5.35456514463096,1,0,1,1,0
1,14.17832503403884,6.534975102116522,1,0,1,0,0
0,12.19137096091229,6.998561826818715,0,1,1,0,0
1,12.261584681811511,6.970198085226439,1,0,0,1,0
1,12.936429062854,6.684761249528001,1,1,0,0,0
1,11.70410184615586,6.901367282051954,1,0,0,1,0
0,13.464569333374948,6.3291386667498974,0,0,1,1,0
1,13.906803309769208,6.3,1,0,0,0,0
1,11.831998341229202,5.301601990524959,1,1,1,0,0
1,12.859899690135824,6.786800413152236,1,1,0,0,0
1,11.981221572434707,6.935152696554338,1,0,0,1,0
0,14.376895731511569,6.497432859056841,0,0,1,1,0
0,11.552374759107222,6.709499036428891,0,1,1,0,0
0,11.570102921081444,6.780411684325775,0,1,1,0,0
1,12.072023751568368,5.244047503136737,1,1,1,0,0
1,14.111890266041884,6.335670798125646,1,0,1,0,0
0,12.2,6.071591358480228,1,1,0,1,0
1,12.9,6.8258087811671135,1,1,1,0,0
0,13.39867428127262,6.2039771561821375,0,0,1,1,0
0,13.576072818459462,6.334794727034748,0,0,1,1,0
0,13.942887206202682,6.5,0,0,1,1,0
1,13.690671710087194,6.3837313159651226,1,1,0,0,0
1,12.199888549566724,6.962486068695841,1,0,0,1,0
0,12.99747288813235,6.834175703955884,1,0,0,1,0
0,11.617771746288795,6.087798887989206,0,1,1,1,0
0,13.551101637816204,6.3561985961575385,0,0,1,1,0
0,13.313458913381798,6.459623259854611,0,0,1,1,0
0,13.236021279962614,6.809319146691591,1,0,0,1,0
1,11.570064575454062,5.583225707576564,1,0,1,1,0
1,12.770695353297077,6.61379690219805,1,1,1,0,0
0,12.2,5.848517692842185,1,1,0,1,0
1,11.728425928802652,6.865888885436816,1,0,0,1,0
1,12.2407817565599,5.253072747813366,1,0,1,1,0
0,13.219446792459678,6.760184402513441,1,0,0,1,0
1,12.421264029013738,7.039367985493131,1,0,0,1,0
1,11.671210655009943,6.928789344990055,1,0,0,1,0
0,13.372730937702965,6.645461875405929,0,0,0,1,0
1,12.029716560083877,6.504340127899351,1,0,0,1,0
0,13.37688984321928,6.461555078390361,0,0,1,1,0
0,12.2,5.979184895247835,1,1,0,1,0
1,13.935665760055564,6.279619565682535,1,1,0,0,0
0,12.220752624934622,5.7377421251961325,1,1,0,1,0
0,12.240814276134692,5.67755717159592,1,1,0,1,0
1,13.93052715826617,6.3,1,0,0,0,0
1,14.256914231767867,6.096049010418362,1,1,0,0,0
1,14.195826292718612,6.58747887815584,1,0,1,0,0
0,12.969513699384754,6.986990867076831,1,0,0,1,0
0,13.378022784701272,6.460988607649364,0,0,1,1,0
1,12.293085628125109,6.959308562812511,1,0,0,1,0
0,12.2054256800945,5.7837229597164965,1,1,0,1,0
1,14.110246682736506,6.279506634526989,1,0,1,0,0
0,13.31950617217028,6.539012344340559,0,0,0,1,0
1,11.846286488510817,5.368998645106073,1,1,1,0,0
0,13.87259803884216,6.605480392231568,1,0,0,1,0
0,13.368128062998746,6.636256125997492,0,0,0,1,0
0,13.365617069728644,6.303148790814072,0,0,1,1,0
1,12.166907718603866,6.958363464825483,1,0,0,1,0
0,13.39190692157965,6.683813843159302,0,0,0,1,0
1,12.762787662517592,6.91628311664321,1,1,0,0,0
1,11.9680356619355,6.578357205677399,1,0,0,1,0
0,12.63297131789678,6.955676227367741,1,0,0,1,0
0,13.408711245682976,6.21742249136595,0,0,1,1,0
1,13.784837598611288,6.346064960555485,1,1,0,0,0
1,12.910407927087476,6.689592072912524,1,1,0,0,0
1,12.9,6.807976410470152,1,1,1,0,0
1,14.040900931072336,6.3,1,0,0,0,0
1,11.586412325672882,5.555979457211864,1,0,1,1,0
1,12.67672163290181,7.0,1,0,0,1,0
1,13.11580351514341,6.6,1,1,0,0,0
1,12.211799150614462,5.222050212346384,1,0,1,1,0
1,11.572948044413913,6.954103911172174,0,1,1,0,0
1,12.697945556750817,7.0,1,0,0,1,0
1,11.527540198895682,7.044919602208634,0,1,1,0,0
0,13.395612535026512,6.452193732486744,0,0,1,1,0
1,11.673227049789348,5.41128825035109,1,0,1,1,0
0,11.844311421625456,6.431137715674909,0,1,1,1,0
1,12.519780052213903,7.0,1,0,0,1,0
1,13.032228599104592,6.6,1,1,0,0,0
1,12.076243430769242,5.288121715384621,0,1,1,1,0
0,13.368239827554303,6.636479655108604,0,0,0,1,0
0,14.028973547933354,6.106125806703693,0,0,1,1,0
1,11.9,5.540302477758517,0,1,1,1,0
1,11.744968571224602,6.904496857122461,1,0,0,1,0
1,12.38987370815393,5.134458476871785,1,0,1,1,0
1,12.616420146262216,5.120894963434446,1,0,1,1,0
1,13.049896172177096,6.640041531129162,1,1,0,0,0
1,11.878725563709548,5.226241854569849,1,0,1,1,0
0,13.32483248165143,6.487583759174285,0,0,1,1,0
1,13.196823420124684,6.6,1,1,0,0,0
0,13.353049776772568,6.606099553545134,0,0,0,1,0
0,13.33899506307462,6.63899506307462,1,0,0,1,0
1,13.402379934675354,6.499048026129858,1,1,0,0,0
0,11.805623192747031,6.729217394560273,0,1,1,1,0
1,12.856272115679358,6.791637179094187,1,1,0,0,0
1,14.273459906941705,5.953080186116591,1,0,1,0,0
1,14.138522711294588,6.2229545774108255,1,0,1,0,0
1,14.330694750234551,5.884749449577807,1,0,1,0,0
0,12.894653574749675,7.036897616833549,1,0,0,1,0
1,11.53590472706816,7.064095272931839,1,0,0,1,0
1,14.255952889329352,6.0965983489546565,1,1,0,0,0
1,14.34174153206272,6.047576267392731,1,1,0,0,0
1,12.9,6.916748412783034,1,1,1,0,0
0,13.71841331712579,6.42426814634731,0,0,1,1,0
1,11.504535801160904,7.095464198839093,1,0,0,1,0
0,13.369921483714744,6.639842967429485,0,0,0,1,0
1,13.938305177108978,6.3,1,0,0,0,0
1,11.94443947765378,5.211121044692439,1,1,1,0,0
0,13.412824568801003,6.225649137602008,0,0,1,1,0
0,13.598005400483569,6.410889488942619,0,0,1,1,0
1,11.652276500058626,5.42158524991206,1,0,1,1,0
1,12.951309524566868,6.648690475433131,1,1,0,0,0
0,13.122998959157202,6.422998959157202,1,0,0,1,0
1,13.39920011251727,6.466933295827577,1,1,0,0,0
0,13.10018708552965,6.799937638156783,1,0,0,1,0
0,13.562882777415949,6.3461004765006175,0,0,1,1,0
1,11.884744522089902,5.284744522089901,1,0,1,1,0
1,12.67630037847679,5.1078998738410695,1,0,1,1,0
1,11.61751219725679,6.98248780274321,1,0,0,1,0
1,13.93830881540756,6.3,1,0,0,0,0
0,13.673427113451751,6.419269679272417,0,0,1,1,0
0,12.28991207377211,5.560527557367343,1,1,0,1,0
0,13.244738971879608,6.751753676040131,1,0,0,1,0
0,13.377093316655586,6.461453341672208,0,0,1,1,0
0,12.014707822135632,7.014707822135633,0,1,1,1,0
1,12.428406471883012,7.035796764058493,1,0,0,1,0
1,14.169048198726085,6.569048198726083,1,1,0,0,0
1,12.03203248336061,5.266016241680305,0,1,1,1,0
0,13.85469023798094,6.5,0,0,1,1,0
0,12.732658166611872,6.922447277796042,1,0,0,1,0
1,13.991514452749383,6.3,1,0,0,0,0
1,13.62241892569834,6.411032429720665,1,1,0,0,0
1,12.7945614622702,6.629707641513467,1,1,1,0,0
1,13.937903640915092,6.3,1,0,0,0,0
1,13.024663775494636,6.6,1,1,0,0,0
1,11.952429250189985,7.0409717000759935,0,1,1,0,0
1,11.888487953629276,5.288487953629276,1,0,1,1,0
1,12.803972070586331,6.635981380390889,1,1,1,0,0
1,11.812862659257108,5.204287553085703,1,0,1,1,0
0,13.852012746693978,6.609597450661204,1,0,0,1,0
0,13.927377663098063,6.594524467380388,1,0,0,1,0
0,12.361364279258533,5.571591659134952,1,1,0,1,0
1,13.1574727189809,6.547509093673033,1,1,0,0,0
0,13.349328675072336,6.4753356624638325,0,0,1,1,0
1,12.3522342964447,6.981529287055587,1,0,0,1,0
1,11.983363019710806,6.928336301971081,1,0,0,1,0
1,14.140255327316554,6.420765981949664,1,0,1,0,0
1,11.933171057833396,7.033268423133358,0,1,1,0,0
1,11.505674497734072,7.094325502265925,1,0,0,1,0
1,11.795302394972854,5.458220808797505,1,1,1,0,0
0,13.615515398352844,6.656896920329432,1,0,0,1,0
1,14.08581257559531,6.3,1,0,0,0,0
1,11.953521103747171,5.192957792505654,1,1,1,0,0
0,12.23987750585623,5.680367482431311,1,1,0,1,0
0,12.67002909746854,6.943323634177153,1,0,0,1,0
0,12.28876327466464,5.533710176006084,1,1,0,1,0
0,12.2,5.929701027614308,1,1,0,1,0
0,13.383246644902734,6.666493289805465,0,0,0,1,0
0,13.801208891549244,6.232661726917088,0,0,1,1,0
1,11.822141782108432,5.222141782108433,1,0,1,1,0
0,14.199599961782726,5.80034288990052,0,0,1,1,0
1,14.293249612662786,5.952150697206987,1,0,1,0,0
1,13.998020416399688,6.3,1,0,0,0,0
1,12.569090001569265,7.0,1,0,0,1,0
1,11.9,5.596104332162263,0,1,1,1,0
1,14.28289253043779,5.934214939124422,1,0,1,0,0
0,13.703748155046782,6.225358724245615,0,0,1,1,0
0,14.17272179135122,6.5,0,0,1,1,0
1,12.571410879925368,5.142863040024877,1,0,1,1,0
1,14.14305128460038,6.429153853801137,1,0,1,0,0
0,13.325960596999211,6.551921193998425,0,0,0,1,0
0,14.168794874019031,5.826747250840828,0,0,1,1,0
1,14.133630293237564,6.400890879712696,1,0,1,0,0
0,11.842275309605643,6.842275309605643,0,1,1,1,0
1,13.916539988042508,6.3,1,0,0,0,0
1,12.510800446176631,7.0,1,0,0,1,0
0,13.394068714209723,6.217793857370831,0,0,1,1,0
1,14.29039692803113,5.957285529543964,1,0,1,0,0
1,14.081417835889892,6.481417835889892,1,1,0,0,0
0,13.496110065698684,6.680777986860264,1,0,0,1,0
1,12.033844555366246,5.16768911073249,1,1,1,0,0
1,11.506448952233162,5.691938809708546,0,1,1,1,0
0,12.214596484653695,5.756210546038906,1,1,0,1,0
0,13.274481074761797,6.5744810747617946,1,0,0,1,0
1,13.953900117944428,6.3,1,0,0,0,0
1,12.930009237403224,6.774976906491938,1,1,0,0,0
1,11.923765254443229,5.294058686389192,1,0,1,1,0
1,12.7,5.230706912551596,1,0,1,1,0
1,12.162605248032513,5.234348687991872,1,0,1,1,0
0,12.958276413886866,6.99448239074209,1,0,0,1,0
1,12.819744002266331,7.0506399943341735,1,1,0,0,0
1,13.267243165344563,6.6,1,1,0,0,0
1,11.750883246973508,5.498233506052983,0,1,1,1,0
0,13.263264141374044,6.7911572390839705,1,0,0,1,0
0,13.813488339609895,6.225839811327836,0,0,1,1,0
0,11.62139549401332,6.475720901197336,0,1,1,1,0
1,12.636709858435552,7.0,1,0,0,1,0
0,14.09253600025,6.070813333194446,0,0,1,1,0
1,11.881744906018035,6.681906112778358,1,0,0,1,0
0,13.40267595832468,6.205351916649359,0,0,1,1,0
0,13.418582600585502,6.440708699707249,0,0,1,1,0
0,11.716227950673836,6.662170963005377,0,1,1,1,0
1,11.952686619725124,5.286828345068718,1,0,1,1,0
1,12.895402761279952,6.718388954880192,1,1,1,0,0
0,13.420626035785734,6.439686982107133,0,0,1,1,0
1,12.8434221004515,6.662281400301,1,1,1,0,0
1,11.55783404402012,7.042165955979879,1,0,0,1,0
0,11.594324863806056,6.905675136193944,0,1,1,0,0
1,12.7,5.324547064010948,1,0,1,1,0
1,14.132786648556646,6.234426702886708,1,0,1,0,0
1,11.972203809459128,5.133355428649047,1,1,1,0,0
1,13.08375659173687,6.6,1,1,0,0,0
1,14.133346722223171,6.233306555553654,1,0,1,0,0
0,12.2,5.895364594595651,1,1,0,1,0
1,13.299499873666408,6.6,1,1,0,0,0
1,11.60716460398913,5.7856707920217385,0,1,1,1,0
1,14.292524892047403,5.914950215905196,1,0,1,0,0
1,14.355603520321186,5.839913663421867,1,0,1,0,0
0,13.891709069435956,6.601658186112809,1,0,0,1,0
1,14.163968306566632,6.4919049196999,1,0,1,0,0
1,12.563590398329428,7.0,1,0,0,1,0
0,14.11191893772807,6.060045034595516,0,0,1,1,0
0,13.449536400453152,6.299072800906305,0,0,1,1,0
0,12.939901794795563,7.006732136802957,1,0,0,1,0
0,11.65653164945902,5.952139226893422,0,1,1,1,0
0,12.284268503177003,5.578657484114988,1,1,0,1,0
1,12.612332549653464,5.194205007638994,1,1,1,0,0
1,14.492876579195343,5.961213383316947,1,1,0,0,0
1,12.99222814111948,6.607771858880518,1,1,0,0,0
1,11.677412176835633,6.922587823164369,1,0,0,1,0
0,13.44928100175029,6.425359499124856,0,0,1,1,0
1,11.729274593411994,5.424870487905607,1,1,1,0,0
1,14.347301750612688,5.854856848897165,1,0,1,0,0
0,14.273803153050617,6.5,0,0,1,1,0
1,11.785542555248131,5.475300528315769,1,1,1,0,0
1,12.617093365242972,6.511395576828648,1,1,1,0,0
0,12.917629797111363,6.860790067629545,1,0,0,1,0
0,13.311387998853684,6.522775997707367,0,0,0,1,0
1,12.88187085528114,6.772516578875436,1,1,1,0,0
0,13.895036293403262,6.5,0,0,1,1,0
0,13.220119922624352,6.460059961312176,0,0,1,1,0
1,12.680522571004682,7.0,1,0,0,1,0
0,14.269638513995009,6.413092342663339,1,0,1,0,0
1,12.675187004070043,7.0,1,0,0,1,0
1,12.309265083378378,6.976158135422297,1,0,0,1,0
0,13.380887502502356,6.661775005004714,0,0,0,1,0
0,13.265897925652016,6.744700691449328,1,0,0,1,0
0,14.274619532101545,6.5,0,0,1,1,0
1,11.597768519152345,7.002231480847656,1,0,0,1,0
1,11.925693143127788,6.975231047709262,1,0,0,1,0
1,14.371676935648148,5.810981515833333,1,0,1,0,0
0,13.18996518157949,6.444982590789745,0,0,1,1,0
0,14.297096582545176,6.488566286949464,0,0,1,1,0
0,13.720364795576186,6.424484977286244,0,0,1,1,0
1,12.226272350267545,5.152636405525828,1,0,1,1,0
0,13.305518914553389,6.5110378291067725,0,0,0,1,0
1,11.895113679725336,6.924389209965668,1,0,0,1,0
0,12.28830121605814,5.5584939197092975,1,1,0,1,0
0,14.254058251943457,5.981078748920303,0,0,1,1,0
0,11.558133180961915,6.732532723847662,0,1,1,0,0
1,14.586558343004691,5.4241949825915565,1,0,1,0,0
1,14.1075790322443,6.322737096732901,1,0,1,0,0
1,12.5120507745428,7.0,1,0,0,1,0
0,13.3218551110281,6.543710222056197,0,0,0,1,0
0,13.383628401869911,6.667256803739825,0,0,0,1,0
1,14.136148138875376,6.227703722249248,1,0,1,0,0
0,12.817449231275209,6.152828132157261,1,1,0,1,0
1,12.07258077696484,7.024193592321613,1,0,0,1,0
1,11.56484887253761,5.591918545770652,1,0,1,1,0
1,14.292244755207497,5.91551048958501,1,0,1,0,0
0,13.68618679061968,6.240411322325988,0,0,1,1,0
0,13.26610201341762,6.566102013417621,1,0,0,1,0
0,13.162328263131725,6.462328263131724,1,0,0,1,0
1,14.004087108413684,6.3,1,0,0,0,0
0,11.575150018237943,6.924849981762055,0,1,1,0,0
0,12.273223303870177,5.660660176778944,1,1,0,1,0
1,11.599536663450207,7.000463336549791,1,0,0,1,0
0,12.270917827063148,5.645410864684261,1,1,0,1,0
1,14.108431259022248,6.325293777066741,1,0,1,0,0
1,12.553563363536606,5.116270737384822,1,0,1,1,0
1,11.781562966923724,6.910195370865466,1,0,0,1,0
1,12.557696208446746,7.0,1,0,0,1,0
0,12.375992121623662,5.8,1,1,0,1,0
1,12.022243615358672,5.144487230717345,1,1,1,0,0
0,11.537752811998532,6.537752811998531,0,1,1,1,0
1,12.761357940385215,6.918189412819709,1,1,0,0,0
1,14.4586280097069,5.654469582527578,1,0,1,0,0
0,11.554288696045154,6.717154784180616,0,1,1,0,0
1,12.299924977822512,6.974990622227814,1,0,0,1,0
1,14.56499501214899,5.463008978131817,1,0,1,0,0
1,11.758541228250134,6.829750526099839,1,0,0,1,0
1,13.953654268791082,6.3,1,0,0,0,0
0,13.357132388418792,6.614264776837585,0,0,0,1,0
0,13.355958975170282,6.47202051241486,0,0,1,1,0
1,12.350330199688749,5.138852200034584,1,0,1,1,0
0,13.839048291126034,6.109387179034829,0,0,1,1,0
1,12.632550918302758,7.0,1,0,0,1,0
0,11.531620510586094,6.626482042344376,0,1,1,0,0
1,14.182608715956402,6.547826147869208,1,0,1,0,0
0,12.237504179077224,5.687487462768323,1,1,0,1,0
1,11.57027575245993,7.02972424754007,1,0,0,1,0
0,11.64359506096069,6.64359506096069,0,1,1,1,0
0,11.550559667865068,6.702238671460269,0,1,1,0,0
0,11.598583679450847,6.901416320549152,0,1,1,0,0
0,13.433895161962733,6.26779032392546,0,0,1,1,0
1,12.618686688628197,7.0,1,0,0,1,0
0,13.500429334307556,6.67991413313849,1,0,0,1,0
0,13.309918180417045,6.5,0,0,1,1,0
1,11.9,5.748263886765858,0,1,1,1,0
1,12.062866677441392,5.281433338720697,0,1,1,1,0
0,12.2,5.873069385351719,1,1,0,1,0
1,14.167519966983791,6.50255990095138,1,0,1,0,0
1,14.113239523240216,6.513239523240215,1,1,0,0,0
1,14.1535212997784,6.460563899335199,1,0,1,0,0
1,12.381228045386765,7.0593859773066185,1,0,0,1,0
1,12.9,6.967257569832985,1,1,1,0,0
1,12.358681686042877,5.213772771319041,1,0,1,1,0
0,12.590236019965138,5.717677014973853,1,1,0,1,0
1,11.9,5.235604171070302,0,1,1,1,0
1,14.35935592160644,5.833159341108408,1,0,1,0,0
0,14.37547653875443,6.497275170972714,0,0,1,1,0
1,14.1483671258999,6.445101377699697,1,0,1,0,0
1,12.035168408172376,5.278389469390792,1,0,1,1,0
1,14.110833708592084,6.280499324534249,1,0,1,0,0
0,12.688697870554286,5.95348084898,1,1,0,1,0
1,14.159761614546875,6.559761614546877,1,1,0,0,0
0,11.83070207188451,6.8307020718845095,0,1,1,1,0
1,12.680187017869404,7.0,1,0,0,1,0
1,12.182680618523436,6.948268061852344,1,0,0,1,0
0,14.111000266616449,6.5,0,0,1,1,0
1,12.099116065937247,7.099646426374899,0,1,1,0,0
1,12.9,6.806702851296192,1,1,1,0,0
1,12.919266405394088,6.680733594605911,1,1,0,0,0
0,13.39354015272175,6.21937954183475,0,0,1,1,0
1,11.740833941805436,6.8509992698334745,1,0,0,1,0
0,13.39738438554676,6.694768771093518,0,0,0,1,0
1,11.9,5.233978461088033,0,1,1,1,0
1,12.597410723656449,7.0,1,0,0,1,0
0,11.517621357731835,6.982378642268164,0,1,1,0,0
1,11.914692934712765,6.926836616839095,1,0,0,1,0
0,13.467679449696426,6.416160275151787,0,0,1,1,0
0,13.10337575902675,6.401687879513375,0,0,1,1,0
0,13.03612178889466,6.942585474070226,1,0,0,1,0
1,12.283918093453334,6.972989761681667,1,0,0,1,0
0,12.2,5.9315869143546,1,1,0,1,0
1,12.017428029965876,6.519086364040947,1,0,0,1,0
1,14.56931674914817,5.917533286201047,1,1,0,0,0
1,11.953272488392296,6.596073013929245,1,0,0,1,0
0,12.97681456368676,6.9821236242088265,1,0,0,1,0
0,13.01795501910024,6.827348326966587,1,0,0,1,0
1,12.468802065736009,5.125688659362666,1,0,1,1,0
1,14.083012101716402,6.3,1,0,0,0,0
1,12.908674358547223,6.721767521937035,1,1,0,0,0
1,14.343486096688668,5.861725025960397,1,0,1,0,0
0,11.524751394012426,6.975248605987575,0,1,1,0,0
1,12.092942950709729,5.114298915493804,1,1,1,0,0
0,12.809021471628029,6.896992842790658,1,0,0,1,0
0,13.078314843321834,6.914456771118778,1,0,0,1,0
0,13.285663255828558,6.776224496114295,1,0,0,1,0
1,14.125154304755638,6.249691390488725,1,0,1,0,0
1,12.23051968381582,5.270720114976065,1,0,1,1,0
1,12.451746506081282,5.182751164639572,1,0,1,1,0
1,11.809621159707302,5.380757680585397,0,1,1,1,0
1,12.420496307412511,6.990062038426564,1,0,0,1,0
1,14.565454843290068,5.462181282077876,1,0,1,0,0
0,13.387465943413336,6.674931886826673,0,0,0,1,0
1,11.741469786140833,6.850236256631002,1,0,0,1,0
0,12.2,5.8765263557806175,1,1,0,1,0
1,13.558302039585596,6.413899320138135,1,1,0,0,0
0,12.28763881420374,5.537083557388779,1,1,0,1,0
1,12.534668443691386,5.118370172923179,1,0,1,1,0
0,13.763668113437172,6.627266377312566,1,0,0,1,0
0,12.412620590179358,5.631390688542584,1,1,0,1,0
0,12.373644967709582,5.8,1,1,0,1,0
1,14.104755789988472,6.314267369965415,1,0,1,0,0
1,12.923947592886254,6.790131017784366,1,1,0,0,0
0,14.021136195022155,6.5757727609955685,1,0,0,1,0
0,13.949658788426127,6.014578181349033,0,0,1,1,0
1,12.418370481441336,6.971837048144134,1,0,0,1,0
0,11.947696443734689,6.410460711253062,0,1,1,1,0
0,14.323215748855969,5.94265791730224,0,0,1,1,0
1,11.70847097818768,5.4394112772654015,0,1,1,1,0
1,14.571147365129324,5.451934742767216,1,0,1,0,0
0,11.555793304183416,6.723173216733664,0,1,1,0,0
1,14.572764329489914,5.449024206918156,1,0,1,0,0
0,13.067417555164418,6.383708777582209,0,0,1,1,0
0,12.20185646122864,5.990717693856798,1,1,0,1,0
0,13.310553000146992,6.494723499926504,0,0,1,1,0
1,12.051872693976488,5.262031826505877,1,0,1,1,0
0,11.542663592325464,6.9573364076745365,0,1,1,0,0
1,14.145523893933731,6.4365716818012,1,0,1,0,0
1,12.413812166459811,5.171546958385046,1,0,1,1,0
1,14.069916768873108,6.469916768873107,1,1,0,0,0
0,12.7344120203518,6.921862659882734,1,0,0,1,0
1,14.09485915543473,6.3,1,0,0,0,0
0,13.984942862390444,6.130587298671975,0,0,1,1,0
1,12.15669023123461,5.29756718864196,1,0,1,1,0
1,11.897849073474497,5.232616357824832,1,0,1,1,0
1,12.28042621424761,5.1431424944996325,1,1,1,0,0
1,14.172179524178343,6.572179524178343,1,1,0,0,0
0,13.182694979207117,6.482694979207114,1,0,0,1,0
1,11.506624379107857,5.688959368153575,1,0,1,1,0
1,12.456010927176193,6.97560109271762,1,0,0,1,0
0,13.305969782227992,6.511939564455983,0,0,0,1,0
0,12.2,5.824159977191808,1,1,0,1,0
1,14.10917594766297,6.327527842988916,1,0,1,0,0
1,12.123296590490073,5.309710330730884,1,0,1,1,0
1,12.7,5.13566795886633,1,0,1,1,0
1,12.699232071072284,5.100085325436412,1,0,1,1,0
0,13.02797294365045,6.824009018783183,1,0,0,1,0
1,14.267430869020268,5.965138261959464,1,0,1,0,0
0,14.347498983408334,6.464999322272222,1,0,1,0,0
1,14.272997045843848,5.988605317481073,1,0,1,0,0
0,12.2,5.996342333989521,1,1,0,1,0
1,12.951756286697346,6.679297485321062,1,1,0,0,0
0,13.468514706526062,6.337029413052123,0,0,1,1,0
0,11.502428104492449,6.502428104492447,0,1,1,1,0
0,11.904383315394876,6.419123336921025,0,1,1,1,0
1,12.867676510054224,6.93080872486444,1,1,0,0,0
0,12.973264934780298,6.842245021739901,1,0,0,1,0
0,13.356562971580884,6.714479009473039,1,0,0,1,0
0,13.92801881153702,6.0331267329682685,0,0,1,1,0
1,11.57438349412344,7.02561650587656,1,0,0,1,0
0,12.483222024714236,5.8,1,1,0,1,0
1,13.15403883824464,6.6,1,1,0,0,0
1,13.08793424013362,6.570688586622127,1,1,0,0,0
0,14.177919610587118,6.475324401176347,0,0,1,1,0
0,14.163611750135036,6.342407833423358,1,0,1,0,0
1,12.024833697576216,7.069933479030485,0,1,1,0,0
0,13.39368923166957,6.453155384165215,0,0,1,1,0
0,12.2,5.851885683472095,1,1,0,1,0
0,12.242754333432012,5.671736999703964,1,1,0,1,0
0,13.452924261986324,6.423537869006839,0,0,1,1,0
1,14.442133398901795,5.684159881976769,1,0,1,0,0
0,12.045065593186958,6.974177598864493,0,1,1,0,0
1,12.078822236175627,5.289411118087814,0,1,1,1,0
0,13.437388485110436,6.2747769702208736,0,0,1,1,0
1,11.58385191939084,6.93229616121832,0,1,1,0,0
0,13.346438039048886,6.476780980475557,0,0,1,1,0
0,13.426005401794036,6.252010803588072,0,0,1,1,0
0,14.170090381404776,6.5459819237190455,1,0,0,1,0
1,12.39593660521786,7.052031697391071,1,0,0,1,0
1,12.320084588517378,7.089957705741311,1,0,0,1,0
1,13.985788203842636,6.385788203842634,1,1,0,0,0
1,14.191864880904792,6.5755946427143845,1,0,1,0,0
0,13.154753972844665,6.427376986422332,0,0,1,1,0
0,12.98071692928106,6.280716929281059,1,0,0,1,0
0,13.485098942068015,6.407450528965992,0,0,1,1,0
0,14.20897539047281,6.478775043385868,0,0,1,1,0
1,12.39194163436379,5.1342287072929125,1,0,1,1,0
1,12.927846991107453,6.69620401185673,1,1,0,0,0
0,12.998634995621437,6.833788334792855,1,0,0,1,0
1,11.976369880431488,5.147260239137026,1,1,1,0,0
1,12.9101394883833,6.689860511616699,1,1,0,0,0
1,12.892773092036927,6.710840361944609,1,1,1,0,0
1,14.040811135017218,6.3,1,0,0,0,0
1,12.794232523358698,6.629488348905799,1,1,1,0,0
1,12.28558492279695,5.146046119689228,1,0,1,1,0
1,11.578415809747597,6.943168380504811,0,1,1,0,0
0,13.59653673740375,6.66069265251925,1,0,0,1,0
0,12.90169426248835,6.866101912503884,1,0,0,1,0
1,14.253968965787896,5.992062068424214,1,0,1,0,0
0,13.360411643441116,6.620823286882231,0,0,0,1,0
0,13.77270409584544,6.166253632132481,0,0,1,1,0
0,12.011980853471584,6.968663475578597,0,1,1,0,0
0,14.18373367790618,6.020147956718788,0,0,1,1,0
1,12.01889836897799,5.175677959002446,1,0,1,1,0
0,11.539762449317193,6.659049797268763,0,1,1,0,0
1,12.39308806975164,5.2023039767494526,1,0,1,1,0
1,12.140717712863292,5.239820571784176,1,0,1,1,0
0,13.391840842247325,6.2244774732580295,0,0,1,1,0
1,14.030545523626904,6.3,1,0,0,0,0
0,11.574759589046751,6.925240410953248,0,1,1,0,0
1,11.837079946726412,6.735504063928304,1,0,0,1,0
1,12.922272804511389,6.677727195488613,1,1,0,0,0
1,11.72372689312536,5.420341383593302,0,1,1,1,0
1,14.004837689138864,6.240092749063505,1,1,0,0,0
1,11.9,5.652167974628154,0,1,1,1,0
0,13.06511654072479,6.923255639516808,1,0,0,1,0
1,12.100138172010158,7.033379390670053,1,0,0,1,0
0,13.344823463321708,6.589646926643414,0,0,0,1,0
1,14.126401176794698,6.379203530384093,1,0,1,0,0
0,12.2,5.897661918126356,1,1,0,1,0
1,14.175148109886951,6.149703780226097,1,0,1,0,0
1,12.96549552343615,6.6345044765638495,1,1,0,0,0
1,11.701246808900756,6.940498723560303,0,1,1,0,0
1,13.16640017023067,6.6,1,1,0,0,0
1,12.502867168437165,7.0,1,0,0,1,0
0,13.383819014111063,6.458090492944469,0,0,1,1,0
1,12.538394622961786,6.983839462296179,1,0,0,1,0
0,13.418088376630026,6.440955811684987,0,0,1,1,0
1,12.417059401311134,5.194313532896288,1,0,1,1,0
1,11.810811226954812,5.1987987525605766,1,0,1,1,0
1,12.812923603887786,7.04830558444886,1,1,1,0,0
1,12.7,5.66637984436476,1,0,1,1,0
1,13.928019821923368,6.3,1,0,0,0,0
1,12.7,5.539061568125792,1,0,1,1,0
0,12.594264434596097,5.720698325947072,1,1,0,1,0
1,11.787570159645146,6.7949158084258245,1,0,0,1,0
1,13.95266695542634,6.269904596899234,1,1,0,0,0
0,12.87099080251144,7.052672798325707,1,0,0,1,0
0,12.192365982706717,7.019274487030037,0,1,1,1,0
0,12.975965609165096,6.275965609165097,1,0,0,1,0
1,12.121412070089752,6.952676508761219,1,0,0,1,0
0,14.3501152800198,6.4667435200132,1,0,1,0,0
1,12.670239922189715,7.0,1,0,0,1,0
1,11.723119887529103,5.421100140588619,0,1,1,1,0
0,12.811267603612572,6.896244132129143,1,0,0,1,0
1,11.97218970549051,6.934023713186314,1,0,0,1,0
1,11.531637876075568,7.068362123924433,1,0,0,1,0
1,12.9,6.884789615556112,1,1,1,0,0
1,11.986744937734931,5.26224831257831,1,0,1,1,0
1,12.826336491576228,7.034158771059433,1,1,0,0,0
1,11.933731305105894,5.378643161779674,1,0,1,1,0
0,13.4386591298465,6.277318259692997,0,0,1,1,0
1,11.9,5.296298565634385,0,1,1,1,0
0,13.03415889410288,6.36707944705144,0,0,1,1,0
1,12.9,7.003539169408219,1,1,1,0,0
1,12.571099839019372,5.114322240108958,1,0,1,1,0
1,12.38281309217381,7.058593453913095,1,0,0,1,0
1,11.8816210954814,5.222973630648252,0,1,1,1,0
0,13.354015980249905,6.608031960499808,0,0,0,1,0
0,14.36105510579172,6.4740367371944805,1,0,1,0,0
0,11.912192436342634,6.952032072723773,0,1,1,0,0
0,12.525649573922651,5.986085470812944,1,1,0,1,0
0,13.03309564302888,6.33309564302888,1,0,0,1,0
1,12.67640607434449,5.107864641885169,1,0,1,1,0
0,14.128405737097404,6.5,0,0,1,1,0
0,13.227728666600704,6.527728666600704,1,0,0,1,0
1,14.066666595351684,6.3,1,0,0,0,0
1,12.54645856032442,7.0,1,0,0,1,0
0,14.309941976832574,5.950032235093015,0,0,1,1,0
0,14.367045053904365,6.506590989219127,1,0,0,1,0
0,13.45369504303678,6.307390086073557,0,0,1,1,0
0,12.96986074945528,6.33493037472764,0,0,1,1,0
1,13.921716331349476,6.3,1,0,0,0,0
1,11.864297813114032,5.244627733607461,0,1,1,1,0
0,13.350173274299925,6.600346548599849,0,0,0,1,0
1,12.674375173558918,7.0,1,0,0,1,0
0,12.39191009666286,5.568932572497145,1,1,0,1,0
1,14.175389131292444,6.149221737415114,1,0,1,0,0
0,11.505624693883584,6.505624693883584,0,1,1,1,0
0,11.520610990427476,6.515458242820608,0,1,1,1,0
0,13.38146140536274,6.255615783911785,0,0,1,1,0
1,13.908984920977716,6.294865759441305,1,1,0,0,0
1,11.769376264460169,6.908672033057521,1,0,0,1,0
0,11.572455338507202,6.789821354028812,0,1,1,0,0
0,13.83227915319468,6.5,0,0,1,1,0
1,11.834337817454491,5.234337817454493,1,0,1,1,0
1,11.973207617097115,5.153584765805768,1,1,1,0,0
1,12.552270064682896,7.0,1,0,0,1,0
0,12.721535024248553,6.92615499191715,1,0,0,1,0
0,13.25189478009998,6.551894780099982,1,0,0,1,0
0,13.67235341313346,6.645529317373308,1,0,0,1,0
0,13.387325482560264,6.456337258719869,0,0,1,1,0
1,14.022687333948149,6.22989295202963,1,1,0,0,0
1,12.237610187806215,5.268141749888648,1,0,1,1,0
1,13.955745897979334,6.268145201154666,1,1,0,0,0
1,12.320137424111897,6.96201374241119,1,0,0,1,0
0,14.173159749787658,6.545368050042469,1,0,0,1,0
0,11.507193964434943,6.9928060355650565,0,1,1,0,0
0,12.272017692739482,5.583946921781555,1,1,0,1,0
0,13.24961532909495,6.8002564472700335,1,0,0,1,0
1,12.95905332122686,6.702366696932849,1,1,0,0,0
0,13.471810120406708,6.414094939796646,0,0,1,1,0
0,11.557469004363286,6.942530995636713,0,1,1,0,0
0,13.318591702734372,6.444224891796879,0,0,1,1,0
1,12.13758992458377,6.374892090499476,1,0,0,1,0
1,12.153530174138927,6.956691271767366,1,0,0,1,0
1,14.253512461121026,6.023677569982153,1,0,1,0,0
0,13.55447403212356,6.369736648820245,0,0,1,1,0
0,13.15720100292701,6.78093299902433,1,0,0,1,0
0,11.586089172001705,6.844356688006819,0,1,1,0,0
1,12.05528323066968,6.94441040383371,1,0,0,1,0
1,12.116641983199484,6.400029620160619,1,0,0,1,0
1,12.912799608677096,6.687200391322905,1,1,0,0,0
1,11.851211842462453,5.217070614154151,1,0,1,1,0
0,12.280118602391996,5.599406988040023,1,1,0,1,0
1,13.10293864699835,6.565687117667217,1,1,0,0,0
0,12.297784188645643,5.506647434063072,1,1,0,1,0
0,13.310903136410236,6.521806272820469,0,0,0,1,0
0,12.916467663322951,7.022354891118032,1,0,0,1,0
1,12.69760668897426,6.56507112598284,1,1,1,0,0
0,13.407719011033468,6.4461404944832665,0,0,1,1,0
1,13.29507512637706,6.6,1,1,0,0,0
0,13.336116234593122,6.481941882703439,0,0,1,1,0
1,14.47102318030034,5.632158275459391,1,0,1,0,0
1,14.094488955543849,6.3,1,0,0,0,0
0,13.476447328802838,6.352894657605676,0,0,1,1,0
0,13.3481995221946,6.596399044389197,0,0,0,1,0
1,12.566231467364872,7.0,1,0,0,1,0
0,12.668685392266664,5.930132957644443,1,1,0,1,0
1,11.899594811659174,5.299594811659174,1,0,1,1,0
1,14.171021486671652,6.172161323991024,1,0,1,0,0
1,12.35394196056181,7.073029019719095,1,0,0,1,0
1,14.232086301832052,6.035827396335895,1,0,1,0,0
0,13.16449538566916,6.857003076220561,1,0,0,1,0
1,13.608405223641576,6.397198258786141,1,1,0,0,0
0,13.378392536810022,6.656785073620044,0,0,0,1,0
1,14.179047768559276,6.1577140165933,1,0,1,0,0
0,13.303741791656622,6.6037417916566215,1,0,0,1,0
1,12.48833958646376,7.00583020676812,1,0,0,1,0
1,12.83671438255055,6.794928426174175,1,1,1,0,0
1,14.024930465949886,6.228611162314351,1,1,0,0,0
1,13.50721240555032,6.430929198149893,1,1,0,0,0
1,12.070399197267983,6.937039919726799,1,0,0,1,0
0,12.948405791745042,6.324202895872521,0,0,1,1,0
0,13.327805039652548,6.555610079305095,0,0,0,1,0
0,14.204088959470328,6.478232106607814,0,0,1,1,0
1,11.830103025293218,6.743876369648138,1,0,0,1,0
1,13.926803046483275,6.3,1,0,0,0,0
1,11.52985141730996,7.040297165380082,0,1,1,0,0
1,11.56409633980868,6.971807320382639,0,1,1,0,0
1,11.885759493816074,5.217800632729908,0,1,1,1,0
0,13.3562300323017,6.47188498384915,0,0,1,1,0
1,12.062486592112355,6.465016089465173,1,0,0,1,0
0,13.382135221244164,6.664270442488329,0,0,0,1,0
0,11.515239339676873,6.984760660323127,0,1,1,0,0
1,12.678543127038452,6.552362084692302,1,1,1,0,0
1,12.98639772763863,6.61360227236137,1,1,0,0,0
1,12.768082979124772,6.612055319416515,1,1,1,0,0
0,11.679320506076673,6.464135898784666,0,1,1,1,0
0,11.68457953534308,5.8539716262992165,0,1,1,1,0
1,12.672144979696576,7.0,1,0,0,1,0
0,14.04225128612949,6.098749285483617,0,0,1,1,0
1,11.60037895661635,6.999621043383649,1,0,0,1,0
0,14.26445981807639,6.409639878717593,1,0,1,0,0
1,14.028163753201335,6.3,1,0,0,0,0
0,12.7853676803548,6.904877439881734,1,0,0,1,0
1,12.198270260417145,5.225432434895714,1,0,1,1,0
1,11.64639325746974,6.95360674253026,1,0,0,1,0
1,13.378646024813175,6.508541590074729,1,1,0,0,0
0,14.002398318194556,6.579520336361089,1,0,0,1,0
1,14.383142734562506,5.790343077787488,1,0,1,0,0
0,12.263900171016184,5.680499144919079,1,1,0,1,0
1,13.116458659035484,6.6,1,1,0,0,0
0,12.629689313164535,6.956770228945155,1,0,0,1,0
0,13.198865267509438,6.449432633754719,0,0,1,1,0
1,12.524276788419453,7.0,1,0,0,1,0
1,12.9,6.904797100077832,1,1,1,0,0
1,12.934076417241853,6.66592358275815,1,1,0,0,0
0,13.41989785274446,6.44005107362777,0,0,1,1,0
1,14.115720556217788,6.268558887564423,1,0,1,0,0
1,13.13083471787668,6.607666112849328,1,1,0,0,0
0,13.00155904383216,6.350779521916079,0,0,1,1,0
0,12.31703214792048,5.512774110940359,1,1,0,1,0
1,12.995317485119402,6.604682514880597,1,1,0,0,0
0,12.746522146786216,6.917825951071261,1,0,0,1,0
0,13.379245548498345,6.460377225750828,0,0,1,1,0
0,13.081466424460055,6.806177858513315,1,0,0,1,0
0,12.003594771945345,6.967265795324224,0,1,1,0,0
0,11.732882126683348,6.922147021113892,0,1,1,0,0
1,13.076721468323036,6.6,1,1,0,0,0
1,12.737136067495635,6.950485243339152,1,1,0,0,0
1,13.959503547006278,6.3,1,0,0,0,0
0,11.583080847720735,6.916919152279263,0,1,1,0,0
0,12.280003518080695,5.8,1,1,0,1,0
0,12.962407155509664,6.991728562993557,1,0,0,1,0
1,14.016380220135158,6.3,1,0,0,0,0
0,13.305500683104396,6.48349795068682,0,0,1,1,0
1,12.922354375560328,6.677645624439672,1,1,0,0,0
0,12.93270635929158,6.23270635929158,1,0,0,1,0
0,13.023994695818097,6.825335101393969,1,0,0,1,0
1,14.13268717651063,6.398061529531892,1,0,1,0,0
0,13.331350465118506,6.5627009302370105,0,0,0,1,0
1,13.292357791413126,6.502547402862291,1,1,0,0,0
0,12.2,6.0549055408369,1,1,0,1,0
1,12.995160828473356,6.604839171526644,1,1,0,0,0
1,11.629450651637384,6.970549348362616,1,0,0,1,0
0,13.879299250726408,6.442144361191823,0,0,1,1,0
0,12.848805322149015,6.170745898370867,1,1,0,1,0
1,12.7,5.660443095715418,1,0,1,1,0
1,14.071629797815078,6.471629797815077,1,1,0,0,0
0,12.2,6.035559891715994,1,1,0,1,0
1,12.155068721748451,6.956883590218556,1,0,0,1,0
0,13.424493842170277,6.248987684340554,0,0,1,1,0
0,11.53590078030618,6.964099219693822,0,1,1,0,0
1,11.98788829245384,5.12422341509232,1,1,1,0,0
1,12.170582140602018,6.947058214060202,1,0,0,1,0
1,11.568102572688929,7.03189742731107,1,0,0,1,0
1,14.271064356390385,5.957871287219235,1,0,1,0,0
1,12.76978138466832,6.906958153775572,1,1,0,0,0
1,12.294575501082027,5.235141499639323,1,0,1,1,0
1,12.565198091478704,7.0,1,0,0,1,0
1,13.06214758612601,6.6,1,1,0,0,0
1,12.9,7.087529255382867,1,1,1,0,0
0,13.595330209117895,6.410592245457544,0,0,1,1,0
1,11.886398185330426,5.286398185330426,1,0,1,1,0
0,13.18717683351384,6.487176833513841,1,0,0,1,0
1,12.919125391144537,6.680874608855466,1,1,0,0,0
0,12.2,5.873126086333604,1,1,0,1,0
0,13.304043924298291,6.5080878485965865,0,0,0,1,0
0,12.291800204565988,5.524599386302037,1,1,0,1,0
1,12.262189824448994,6.970273728056124,1,0,0,1,0
0,12.2937088820403,5.518873353879103,1,1,0,1,0
1,12.616114333946047,6.510742889297367,1,1,1,0,0
1,14.31554771066372,5.912014120805303,1,0,1,0,0
0,12.285978692918697,5.542063921243917,1,1,0,1,0
1,14.126224354483115,6.378673063449353,1,0,1,0,0
1,12.957158443342689,6.642841556657314,1,1,0,0,0
0,13.42256056965196,6.43871971517402,0,0,1,1,0
0,12.266524228423307,5.600427314730079,1,1,0,1,0
0,13.31523856964658,6.49238071517671,0,0,1,1,0
1,12.22699107580638,5.272003245161316,1,0,1,1,0
0,13.935630285304825,6.592873942939035,1,0,0,1,0
0,12.271605088949622,5.585184733151136,1,1,0,1,0
1,13.967408347534109,6.367408347534107,1,1,0,0,0
1,12.700300998570546,6.999548502144181,1,1,1,0,0
1,11.749827862505446,5.275258206241831,1,0,1,1,0
1,11.76246907767527,6.825037106789675,1,0,0,1,0
0,13.395416603224536,6.70305559785031,1,0,0,1,0
0,13.168002776135406,6.777332407954865,1,0,0,1,0
1,12.475650771410152,6.996956346426269,1,0,0,1,0
0,13.342537937013354,6.478731031493323,0,0,1,1,0
1,11.990875385806447,6.936359423225806,1,0,0,1,0
0,12.395383810124574,5.611281111812002,1,1,0,1,0
0,13.363020995329318,6.712326334890228,1,0,0,1,0
1,11.9,5.555937815479043,0,1,1,1,0
0,13.333140849939983,6.400577450180051,0,0,1,1,0
1,14.312351095843333,5.917768027482,1,0,1,0,0
1,11.912933909240998,5.386205851185092,1,0,1,1,0
1,11.821721740072553,5.221721740072551,1,0,1,1,0
1,14.0256770104435,6.3,1,0,0,0,0
1,12.153007106346603,5.16077698818371,1,0,1,1,0
0,13.440041280714793,6.6919917438570415,1,0,0,1,0
1,12.16318424142956,7.054394747143187,1,0,0,1,0
0,12.235748857717592,5.692753426847222,1,1,0,1,0
0,14.38480969493441,6.489873129956273,1,0,1,0,0
1,11.73885413387289,5.291718799190667,1,0,1,1,0
1,11.99121451909664,6.9364018148870805,1,0,0,1,0
1,12.323724334605693,7.088137832697154,1,0,0,1,0
1,12.054753376850933,5.209506753701864,1,1,1,0,0
0,12.48029646720195,5.8,1,1,0,1,0
1,14.159502700185074,6.180994599629852,1,0,1,0,0
1,13.99643952432461,6.3,1,0,0,0,0
0,14.134739377954944,6.323159585303297,1,0,1,0,0
1,11.703752814792406,5.462271703711853,1,0,1,1,0
1,13.195159737240113,6.534946754253296,1,1,0,0,0
0,13.32638900582325,6.486805497088375,0,0,1,1,0
1,14.051882289377376,6.3,1,0,0,0,0
0,13.33482539666876,6.634825396668759,1,0,0,1,0
1,12.086661125728556,5.273322251457114,1,1,1,0,0
1,12.572151100794429,7.0,1,0,0,1,0
1,12.603435476287704,7.0,1,0,0,1,0
1,12.945445908109065,6.672738789187916,1,1,0,0,0
1,14.111538475058389,6.276923049883223,1,0,1,0,0
0,12.654441692451366,6.948519435849544,1,0,0,1,0
1,11.765531107236669,5.251703339144999,1,0,1,1,0
0,11.556721243571198,6.301475647500808,0,1,1,1,0
1,11.9,5.200953460780135,0,1,1,1,0
0,13.307567300263218,6.515134600526434,0,0,0,1,0
0,12.86952127441361,6.87682624186213,1,0,0,1,0
1,12.101726408997122,5.317554033091955,1,0,1,1,0
0,13.473407017870707,6.413296491064647,0,0,1,1,0
1,14.17859354844104,6.535780645323125,1,0,1,0,0
1,12.19231728793446,5.28461189529656,1,0,1,1,0
1,11.588050962504004,7.011949037495998,1,0,0,1,0
0,12.2,5.950939732793941,1,1,0,1,0
1,12.534518986318526,7.0,1,0,0,1,0
1,11.78645670034233,5.341929124572088,0,1,1,1,0
1,11.893788307877028,6.667454030547567,1,0,0,1,0
1,14.031404552877424,6.431404552877424,1,1,0,0,0
0,13.336209827095068,6.572419654190136,0,0,0,1,0
1,12.270602797046294,5.1477108003281895,1,0,1,1,0
1,12.7,5.478586833422727,1,0,1,1,0
0,13.30178247450691,6.503564949013818,0,0,0,1,0
1,12.9,6.856881964329413,1,1,1,0,0
1,14.28288048876272,5.970815120227104,1,0,1,0,0
0,11.664631448998549,6.664631448998547,0,1,1,1,0
0,13.03746490653006,6.820845031156646,1,0,0,1,0
1,12.720643417179955,6.580428944786637,1,1,1,0,0
1,11.985843983554616,6.935730497944327,1,0,0,1,0
0,13.315303759040855,6.530607518081708,0,0,0,1,0
1,12.828752549012272,7.028118627469322,1,1,0,0,0
0,11.638352709116996,6.015765518090509,0,1,1,1,0
0,13.27586701672558,6.782755322182948,1,0,0,1,0
0,12.859693613817514,7.06020425745499,1,0,0,1,0
0,13.363915734797276,6.308252795608174,0,0,1,1,0
1,14.241844126098258,6.016311747803488,1,0,1,0,0
1,12.3874253733582,7.0562873133209,1,0,0,1,0
1,14.188701826905149,6.588701826905149,1,1,0,0,0
1,11.78545977196535,6.974183908786141,0,1,1,0,0
0,12.297596822859454,5.8,1,1,0,1,0
1,14.301063931588192,6.070820610521033,1,1,0,0,0
1,12.95005739311246,6.6799770427550165,1,1,0,0,0
0,12.287005700041028,5.53898289987692,1,1,0,1,0
1,12.7,5.175276125019723,1,0,1,1,0
1,13.02221486456055,6.592595045146483,1,1,0,0,0
1,14.53697140388727,5.513451473002914,1,0,1,0,0
1,11.9,5.222548396287476,0,1,1,1,0
1,12.58227192761078,6.988227192761078,1,0,0,1,0
1,12.259169239824974,5.210207690043756,1,0,1,1,0
0,13.871429221978504,6.5,0,0,1,1,0
0,14.30759395110456,6.5,0,0,1,1,0
1,12.123728242279595,5.309553366443782,1,0,1,1,0
0,11.566661797575676,6.266683708485129,0,1,1,1,0
0,11.524267304496506,6.597069217986028,0,1,1,0,0
0,14.209547356279568,6.373031570853045,1,0,1,0,0
1,11.768946410813664,5.504343781076084,1,1,1,0,0
0,11.800329227165667,6.439934154566867,0,1,1,1,0
0,13.390482905229732,6.680965810459467,0,0,0,1,0
0,12.2,5.961465151183949,1,1,0,1,0
0,13.424387683005264,6.248775366010528,0,0,1,1,0
1,12.511459555056533,7.0,1,0,0,1,0
1,12.9,7.035974912207871,1,1,1,0,0
0,13.239915994813003,6.806722670124665,1,0,0,1,0
1,14.126422891647763,6.37926867494329,1,0,1,0,0
0,13.309951684905585,6.495024157547208,0,0,1,1,0
0,12.877526046027862,6.87415798465738,1,0,0,1,0
0,13.334515106722405,6.569030213444804,0,0,0,1,0
1,11.799588148382655,6.933196049460886,1,0,0,1,0
0,14.046090209837034,6.460676689981892,0,0,1,1,0
0,13.314665918302422,6.728444693899193,1,0,0,1,0
1,11.580379144804844,5.599526068993944,0,1,1,1,0
0,11.567023198282918,6.932976801717083,0,1,1,0,0
0,12.211046637765644,5.8,1,1,0,1,0
0,12.2,5.81159789429654,1,1,0,1,0
1,14.020920101527436,6.3,1,0,0,0,0
1,12.9,7.078129260840115,1,1,1,0,0
0,12.2,6.024934223054808,1,1,0,1,0
1,11.73128060073956,5.537438798520879,0,1,1,1,0
0,13.461242106551492,6.687751578689701,1,0,0,1,0
0,13.46121165598619,6.322423311972382,0,0,1,1,0
1,14.085162186976795,6.19419303601326,1,1,0,0,0
0,11.614024479471505,6.614024479471503,0,1,1,1,0
0,13.291087530208795,6.736304156597068,1,0,0,1,0
0,11.59373420136954,6.874936805478156,0,1,1,0,0
1,11.965852775297243,5.232926387648622,0,1,1,1,0
0,13.47950358320614,6.684099283358773,1,0,0,1,0
1,12.924297932937016,6.675702067062985,1,1,0,0,0
0,13.836817820630754,6.612636435873849,1,0,0,1,0
1,12.893555042081443,6.741926610558075,1,1,0,0,0
1,14.07956428539403,6.479564285394029,1,1,0,0,0
0,13.780939729359709,6.431215525484412,0,0,1,1,0
0,14.381610133106816,6.487740088737877,1,0,1,0,0
0,13.369898032397288,6.639796064794576,0,0,0,1,0
1,12.7,5.174236424908411,1,0,1,1,0
0,13.355529858926964,6.333410423219108,0,0,1,1,0
0,12.9559041855988,6.3279520927994,0,0,1,1,0
1,13.745340972198226,6.351553009267257,1,1,0,0,0
1,12.332104521060074,7.083947739469963,1,0,0,1,0
1,11.85084200465853,6.915084200465853,1,0,0,1,0
0,13.366267286965668,6.632534573931333,0,0,0,1,0
1,14.454577931901133,5.661759722577961,1,0,1,0,0
1,11.985557789894196,5.128884420211611,1,1,1,0,0
1,12.87447270969524,6.913818225761901,1,1,0,0,0
1,11.9,5.741695951323521,0,1,1,1,0
0,14.318972200349744,6.44598146689983,1,0,1,0,0
1,12.094279797513993,5.297139898756996,0,1,1,1,0
0,14.157238228033622,6.473026469781513,0,0,1,1,0
1,14.511729557251014,5.950440252999421,1,1,0,0,0
1,12.318215297597028,5.227261567467656,1,0,1,1,0
1,12.120414804395349,5.164398355067183,1,0,1,1,0
0,13.399687459997551,6.200937620007341,0,0,1,1,0
0,13.44467419006595,6.2893483801319,0,0,1,1,0
0,12.24861623732171,5.756918813391456,1,1,0,1,0
1,12.622479837151705,7.0,1,0,0,1,0
1,14.160731760646716,6.190682830835911,1,0,1,0,0
1,12.303949668504831,7.098025165747584,1,0,0,1,0
1,14.525525693144209,5.534053752340427,1,0,1,0,0
0,12.78565138624709,6.90478287125097,1,0,0,1,0
0,13.937892548094863,6.448654727566096,0,0,1,1,0
1,11.797572867085307,5.204045221524486,1,0,1,1,0
0,12.706049086184182,6.93131697127194,1,0,0,1,0
1,13.772578172042412,6.350968731183034,1,1,0,0,0
1,11.914611058856892,6.921461105885689,1,0,0,1,0
1,14.213038753661118,6.096530243409986,1,0,1,0,0
1,12.952459140228909,6.718852149427729,1,1,0,0,0
1,12.800680837596214,6.865758883205047,1,1,0,0,0
0,13.378312320681584,6.4608438396592085,0,0,1,1,0
1,13.216145074964793,6.573541970014083,1,1,0,0,0
0,12.15808206241662,6.993561546812466,0,1,1,1,0
1,11.956102535918433,6.592676956897882,1,0,0,1,0
1,12.421017899977118,5.130998011113653,1,0,1,1,0
0,11.75855589717683,6.693916922882622,0,1,1,1,0
0,14.116314526554415,6.310876351036278,1,0,1,0,0
0,12.2,5.9897994421003125,1,1,0,1,0
0,14.154847211892209,6.33656480792814,1,0,1,0,0
0,14.34119145574093,6.493465717304548,0,0,1,1,0
1,13.941787947904883,6.3,1,0,0,0,0
1,14.181232158696233,6.581232158696233,1,1,0,0,0
1,14.176009779715512,6.528029339146539,1,0,1,0,0
0,14.34412859901538,6.511174280196924,1,0,0,1,0
1,12.560978362662466,5.150553322668194,1,0,1,1,0
1,14.175986844385491,6.527960533156482,1,0,1,0,0
0,12.200453353650348,6.097279878097915,1,1,0,1,0
0,11.578406464736643,6.484318707052671,0,1,1,1,0
0,12.2,5.888429010868799,1,1,0,1,0
0,14.380357287542084,5.910912618032176,0,0,1,1,0
1,12.973451014222848,6.666372464442881,1,1,0,0,0
0,11.597815544541763,6.902184455458235,0,1,1,0,0
0,13.306344863513123,6.480965409460632,0,0,1,1,0
0,13.100909715113964,6.400454857556982,0,0,1,1,0
1,14.392297436381597,5.773864614513124,1,0,1,0,0
0,13.343100416529634,6.586200833059266,0,0,0,1,0
1,11.938831691100289,7.035532676440115,0,1,1,0,0
1,14.41745403623795,5.728582734771687,1,0,1,0,0
0,13.308886718920956,6.5177734378419085,0,0,0,1,0
1,13.988470975928928,6.388470975928928,1,1,0,0,0
0,13.35449369489761,6.608987389795219,0,0,0,1,0
1,11.61276909288076,5.512051511865399,1,0,1,1,0
1,12.829130333925333,7.027174165186668,1,1,0,0,0
0,12.525854809157485,5.669391106868113,1,1,0,1,0
0,13.852977558928773,6.097447806632482,0,0,1,1,0
0,12.239815819381084,5.8611050837135,1,1,0,1,0
1,12.324965782584233,5.193758554353941,1,0,1,1,0
1,12.162479997231852,6.957809999653982,1,0,0,1,0
0,11.789988282815456,6.931664713802577,0,1,1,0,0
1,12.05517347112654,5.334482374135804,1,0,1,1,0
0,13.99923570139877,6.122646832556239,0,0,1,1,0
1,14.18436421387072,6.553092641612161,1,0,1,0,0
0,12.8659586250113,7.056027583325801,1,0,0,1,0
1,12.220489363305038,6.96506117041313,1,0,0,1,0
1,11.815035134371582,6.938345044790528,1,0,0,1,0
0,12.2,6.066365082652481,1,1,0,1,0
0,13.141055640885943,6.420527820442972,0,0,1,1,0
0,12.708222131430162,5.976259153335188,1,1,0,1,0
0,13.536532362124,6.404059151347111,0,0,1,1,0
1,13.296365716455297,6.6,1,1,0,0,0
1,12.9,6.878038674749018,1,1,1,0,0
1,12.7,5.462131617197284,1,0,1,1,0
1,14.150380390432264,6.209315297221927,1,0,1,0,0
1,11.82194443788881,5.22194443788881,1,0,1,1,0
0,13.885131048177842,6.186038306567866,0,0,1,1,0
1,14.100082063167475,6.299835873665045,1,0,1,0,0
0,12.609029582463045,6.033731189978882,1,1,0,1,0
1,12.037711301982345,5.175422603964688,1,1,1,0,0
1,11.64387189598787,6.95612810401213,1,0,0,1,0
1,12.987126003502317,6.612873996497683,1,1,0,0,0
1,14.044772622465176,6.3,1,0,0,0,0
1,14.175922821332366,6.527768463997099,1,0,1,0,0
0,11.662194486203829,6.662194486203829,0,1,1,1,0
1,14.05782969188966,6.3,1,0,0,0,0
1,12.388443629157416,7.055778185421293,1,0,0,1,0
0,13.35127538925311,6.34617383224067,0,0,1,1,0
1,12.0711554727566,5.110946995808708,1,1,1,0,0
0,13.341844398612327,6.719385200462558,1,0,0,1,0
1,11.79814276508317,6.912267845635397,1,0,0,1,0
1,11.97945367865982,6.934931709832478,1,0,0,1,0
0,13.376985494339891,6.653970988679783,0,0,0,1,0
0,14.008135232923143,6.578372953415371,1,0,0,1,0
0,14.025896226864324,5.949231805544864,0,0,1,1,0
1,11.7948240942393,5.207763858641052,1,0,1,1,0
0,13.320831912314288,6.541663824628573,0,0,0,1,0
0,11.51055378734707,6.542215149388274,0,1,1,0,0
1,12.9,7.01209102562663,1,1,1,0,0
1,14.551325349482276,5.4876143709319045,1,0,1,0,0
0,11.592298669133536,6.869194676534152,0,1,1,0,0
0,13.368009700649427,6.636019401298855,0,0,0,1,0
0,14.034103076455157,6.459344786272795,0,0,1,1,0
1,12.7,5.119215237684328,1,0,1,1,0
0,14.351273201236616,6.5,0,0,1,1,0
1,12.93068857151679,6.773278571208027,1,1,0,0,0
1,11.983227654418522,6.9944092181395074,1,0,0,1,0
0,13.23600082581448,6.53600082581448,1,0,0,1,0
1,11.999463092771135,5.249731546385568,0,1,1,1,0
0,13.415739972248783,6.696852005550244,1,0,0,1,0
0,13.332004583134315,6.403986250597055,0,0,1,1,0
1,14.088888500838287,6.3,1,0,0,0,0
1,11.9,5.263270244942119,0,1,1,1,0
0,13.453101267267852,6.306202534535704,0,0,1,1,0
0,13.322600792943286,6.545201585886571,0,0,0,1,0
0,13.45094003528228,6.424529982358861,0,0,1,1,0
1,13.484503554463162,6.466198578214735,1,1,0,0,0
1,12.311447887080964,6.976430985885121,1,0,0,1,0
1,14.195266247492627,6.585798742477885,1,0,1,0,0
1,11.587357386707104,5.55440435548816,1,0,1,1,0
1,11.952945047583404,5.194109904833191,1,1,1,0,0
0,13.465029198462917,6.417485400768542,0,0,1,1,0
0,11.574895510905122,6.574895510905122,0,1,1,1,0
1,11.9,5.515480138328746,0,1,1,1,0
1,11.965750193774491,5.255250064591498,1,0,1,1,0
0,11.682007292689454,5.862974475586908,0,1,1,1,0
1,11.58363002301317,7.01636997698683,1,0,0,1,0
1,11.943185940316797,5.213628119366408,1,1,1,0,0
1,13.075141565268828,6.574952811577057,1,1,0,0,0
1,11.956556537557235,6.985518845852412,1,0,0,1,0
1,12.996160987487183,6.609597531282035,1,1,0,0,0
0,13.182167489649183,6.482167489649184,1,0,0,1,0
0,13.045696793921824,6.818101068692726,1,0,0,1,0
0,13.209022470035238,6.763659176654921,1,0,0,1,0
0,13.497373812469386,6.401313093765308,0,0,1,1,0
1,11.671576229404838,6.9284237705951615,1,0,0,1,0
1,14.209040179979874,6.103727676036224,1,0,1,0,0
0,11.538912681002843,6.961087318997155,0,1,1,0,0
1,11.74349791127032,6.847802506475616,1,0,0,1,0
0,13.38204852977164,6.6640970595432805,0,0,0,1,0
0,13.484629732452264,6.407685133773868,0,0,1,1,0
1,11.861757508074184,6.920219688509273,1,0,0,1,0
1,11.9,5.444295075380294,0,1,1,1,0
1,14.482161438571586,5.612109410571145,1,0,1,0,0
1,12.174633720623929,6.959329215077991,1,0,0,1,0
0,13.901403166163572,6.599719366767286,1,0,0,1,0
1,12.608809853112737,5.13316005341355,1,0,1,1,0
1,12.026006372965515,6.5087923524413815,1,0,0,1,0
1,12.02161527101356,5.14323054202712,1,1,1,0,0
0,13.631593928166945,6.5,0,0,1,1,0
1,11.817792182078284,5.198023090880191,1,0,1,1,0
1,13.059940981723754,6.636023607310499,1,1,0,0,0
1,14.130248886855282,6.390746660565847,1,0,1,0,0
1,14.3927443797919,5.773060116374577,1,0,1,0,0
1,12.976339715748756,6.659150710628106,1,1,0,0,0
1,11.761488194010848,6.9076860242513565,1,0,0,1,0
0,13.325359491755234,6.487320254122383,0,0,1,1,0
1,11.9,5.625595551393078,0,1,1,1,0
1,14.175371629802752,6.164331066355045,1,0,1,0,0
0,12.2,5.813938244894106,1,1,0,1,0
1,13.2967335176608,6.5010888274464,1,1,0,0,0
0,14.062462560476089,6.462495840052899,0,0,1,1,0
1,12.97427510555814,6.62572489444186,1,1,0,0,0
1,13.480645336270992,6.439784887909669,1,1,0,0,0
1,14.283848834100468,5.932302331799066,1,0,1,0,0
1,12.88739770237041,6.750136396839452,1,1,0,0,0
1,11.56803173798606,7.031968262013941,1,0,0,1,0
1,14.093117790819097,6.3,1,0,0,0,0
1,14.138959099769728,6.4168772993091805,1,0,1,0,0
1,14.370601222007553,5.812917800386405,1,0,1,0,0
1,12.73139596356369,6.958138715248413,1,1,0,0,0
1,14.1823657688781,6.547097306634301,1,0,1,0,0
0,13.707406925596532,6.638518614880693,1,0,0,1,0
0,13.96799200496661,6.451999111662957,0,0,1,1,0
0,14.13284109390088,6.470315677100098,0,0,1,1,0
1,11.846143062508776,6.9182678828135975,1,0,0,1,0
1,11.796617140271955,6.932205713423986,1,0,0,1,0
0,13.086910806169184,6.908726129220544,1,0,0,1,0
0,11.860997667110723,6.943499611185121,0,1,1,0,0
0,13.52961903579039,6.40329100397671,0,0,1,1,0
0,13.325333550415287,6.487333224792357,0,0,1,1,0
1,12.4154080343721,5.203487987501054,1,0,1,1,0
1,11.534060886952243,7.065939113047755,1,0,0,1,0
0,11.559425775731736,6.559425775731737,0,1,1,1,0
1,14.153628130806492,6.192743738387015,1,0,1,0,0
0,13.331869583786087,6.563739167572173,0,0,0,1,0
0,14.029587766602944,6.105784574109476,0,0,1,1,0
0,13.071517151505343,6.371517151505342,1,0,0,1,0
1,14.108675705815012,6.282648588369976,1,0,1,0,0
0,11.65928900899477,6.65928900899477,0,1,1,1,0
0,14.070199166314945,6.565960166737011,1,0,0,1,0
0,14.11613788311832,6.310758588745546,1,0,1,0,0
0,13.471451087487058,6.685709782502589,1,0,0,1,0
1,11.933770704360128,5.185136588404431,1,0,1,1,0
1,12.439232764821885,5.194824449155678,1,0,1,1,0
1,14.227026597756408,6.045946804487185,1,0,1,0,0
1,14.314885752394122,5.913205645690581,1,0,1,0,0
0,13.413243704509467,6.2264874090189375,0,0,1,1,0
0,14.008084958558449,5.964498606949902,0,0,1,1,0
0,13.773781919170284,6.5,0,0,1,1,0
0,13.380347941992074,6.660695883984149,0,0,0,1,0
1,13.694063382147132,6.368645539284288,1,1,0,0,0
1,12.002483123170547,5.274379219207363,1,0,1,1,0
1,13.10471344025592,5.269955913885526,1,1,1,0,0
0,13.394769528189206,6.2156914154323815,0,0,1,1,0
0,13.499487700977465,6.400256149511268,0,0,1,1,0
0,11.797721607073475,6.440455678585304,0,1,1,1,0
0,11.510601633866177,6.989398366133823,0,1,1,0,0
1,12.002121239723722,6.937765154965465,1,0,0,1,0
1,12.548186441135783,7.0,1,0,0,1,0
1,11.821279061642391,5.298401172947008,0,1,1,1,0
1,12.799379905161702,6.867493459784395,1,1,0,0,0
1,13.826153799738464,6.324615400087178,1,1,0,0,0
0,11.998126445692709,6.966354407615452,0,1,1,0,0
1,13.970341894365184,6.3,1,0,0,0,0
0,13.36165771790004,6.623315435800076,0,0,0,1,0
0,13.452627912820963,6.423686043589518,0,0,1,1,0
0,14.325061590212496,6.450041060141665,1,0,1,0,0
1,12.381983381587402,5.1795041546031495,1,0,1,1,0
0,13.170422419078552,6.435211209539276,0,0,1,1,0
1,11.770511419024311,5.361860726219609,0,1,1,1,0
1,12.901196226295877,6.6988037737041255,1,1,0,0,0
1,12.286114233580202,5.145987307379977,1,0,1,1,0
1,13.39358869297784,6.502564522808864,1,1,0,0,0
0,13.952529564800422,6.5,0,0,1,1,0
0,14.04876452118577,6.095130821563462,0,0,1,1,0
0,13.338486012198356,6.480756993900823,0,0,1,1,0
1,14.49993608306805,5.5801150504775086,1,0,1,0,0
1,12.390549969790404,7.054725015104799,1,0,0,1,0
1,14.137806978367015,6.413420935101046,1,0,1,0,0
0,11.628723339954613,6.628723339954614,0,1,1,1,0
0,12.379213580074596,5.559410185055946,1,1,0,1,0
1,12.906667212728864,6.693332787271138,1,1,0,0,0
0,13.34779930079855,6.5955986015971,0,0,0,1,0
0,13.259491920640976,6.746836026453009,1,0,0,1,0
1,14.029409787545712,6.3,1,0,0,0,0
1,14.019881014577573,6.3,1,0,0,0,0
1,14.17880538069645,6.142389238607101,1,0,1,0,0
1,14.177918128693197,6.533754386079591,1,0,1,0,0
1,12.179059650820806,6.959882456352601,1,0,0,1,0
0,14.37136723827546,6.5,0,0,1,1,0
1,12.873216482260716,6.740175276608928,1,1,1,0,0
1,11.9,5.22324723352477,0,1,1,1,0
0,13.270117482026228,6.786588345315848,1,0,0,1,0
1,12.96762349561907,6.63237650438093,1,1,0,0,0
1,13.318617389623808,6.49379420345873,1,1,0,0,0
0,13.353987291544982,6.338038125365054,0,0,1,1,0
1,14.14783929062636,6.204321418747281,1,0,1,0,0
0,12.860136230110928,6.879954589963025,1,0,0,1,0
1,12.9,6.740146721876067,1,1,1,0,0
1,12.235463785043567,6.966932973130446,1,0,0,1,0
0,13.741289583359968,6.631742083328007,1,0,0,1,0
1,11.882943971066808,5.227647990355602,1,0,1,1,0
1,12.449439626710577,7.0252801866447125,1,0,0,1,0
0,13.468714382858993,6.337428765717985,0,0,1,1,0
0,14.29766458113297,6.43177638742198,1,0,1,0,0
0,14.033504059151964,6.5,0,0,1,1,0
0,14.030707988472791,5.945107438451891,0,0,1,1,0
0,13.92887046657106,6.447652274063451,0,0,1,1,0
0,12.276615073645386,5.57015477906384,1,1,0,1,0
1,12.533579881113289,5.118491124320745,1,0,1,1,0
0,12.35237092399528,5.561099411327826,1,1,0,1,0
1,12.220174503750126,7.0733915012500415,1,0,0,1,0
1,11.63739791388914,5.725204172221721,0,1,1,1,0
0,14.067725545854644,6.5,0,0,1,1,0
1,12.853601634963418,6.795197820048775,1,1,0,0,0
0,14.043508117455488,6.460389790828388,0,0,1,1,0
1,12.728026228016445,6.9626316959780725,1,1,0,0,0
0,13.058872764518618,6.813709078493794,1,0,0,1,0
0,12.852173525407403,6.144202446308638,1,1,0,1,0
1,11.50637606005061,5.69234872793927,1,1,1,0,0
1,13.784694243848854,6.338435252050382,1,1,0,0,0
1,11.580937824444518,6.938124351110964,0,1,1,0,0
0,13.40665666787191,6.446671666064045,0,0,1,1,0
1,13.186398236761857,6.6,1,1,0,0,0
0,13.40900024943275,6.445499875283625,0,0,1,1,0
1,13.237903434248905,6.6,1,1,0,0,0
1,13.365154470460585,6.478281843179805,1,1,0,0,0
1,12.635061324714604,7.0,1,0,0,1,0
1,12.994411440195064,6.607451413073249,1,1,0,0,0
0,12.972809212412471,6.984793858391686,1,0,0,1,0
0,13.326901947485675,6.553803894971354,0,0,0,1,0
0,13.311455438348329,6.494272280825837,0,0,1,1,0
0,12.97101645437922,6.271016454379221,1,0,0,1,0
1,11.866132200742172,6.955377400247391,1,0,0,1,0
1,11.801151464638991,5.2011514646389925,1,0,1,1,0
1,14.158535974380126,6.182928051239748,1,0,1,0,0
0,13.32222933898472,6.544458677969441,0,0,0,1,0
1,13.029205277438193,6.590264907520602,1,1,0,0,0
0,13.384645170032105,6.246064489903685,0,0,1,1,0
0,11.679800755924008,6.679800755924009,0,1,1,1,0
1,14.145732172331009,6.437196516993023,1,0,1,0,0
0,12.29789759131271,5.510512043436458,1,1,0,1,0
0,11.808248906773992,6.808248906773992,0,1,1,1,0
0,12.580105579163233,6.9732981402789225,1,0,0,1,0
1,14.081101816259258,6.3,1,0,0,0,0
1,12.463015378792353,5.178994873735882,1,0,1,1,0
0,13.414858006440763,6.442570996779619,0,0,1,1,0
1,12.250228034573995,6.96877850432175,1,0,0,1,0
1,14.17037978950099,6.570379789500991,1,1,0,0,0
0,12.969386753080462,6.334693376540231,0,0,1,1,0
1,14.07983013588204,6.4798301358820405,1,1,0,0,0
1,11.57154420532624,6.956911589347523,0,1,1,0,0
0,13.339458341564823,6.57891668312965,0,0,0,1,0
1,14.157500744094664,6.557500744094663,1,1,0,0,0
1,14.146256404900916,6.207487190198168,1,0,1,0,0
0,12.423117572244266,5.927495755568152,1,1,0,1,0
0,11.51225121571164,6.549004862846559,0,1,1,0,0
0,14.390303257509524,6.498922584167725,0,0,1,1,0
0,14.22331487844536,6.382209918963572,1,0,1,0,0
1,12.29043581071974,7.096811936906579,1,0,0,1,0
1,12.13879222808658,6.954849028510822,1,0,0,1,0
1,14.033531287545967,6.3,1,0,0,0,0
1,14.126373115804036,6.379119347412111,1,0,1,0,0
0,14.241514758171862,6.394343172114575,1,0,1,0,0
0,13.03159227900663,6.365796139503314,0,0,1,1,0
1,12.7,5.690788716933576,1,0,1,1,0
1,12.880909749962957,6.7286353750555685,1,1,1,0,0
1,11.900652810086504,5.219216627896195,1,1,1,0,0
0,13.39185825805759,6.705427827961606,1,0,0,1,0
1,12.041810039266863,5.173132217859237,1,0,1,1,0
1,12.19137843697738,5.2695405210075394,1,0,1,1,0
1,12.9,7.011569062324557,1,1,1,0,0
1,13.609073671599468,6.396975442800177,1,1,0,0,0
1,11.627072079441662,5.488213200930563,1,0,1,1,0
1,12.13635184822331,5.2878827172588965,1,0,1,1,0
0,13.566354262523545,6.343124917836964,0,0,1,1,0
1,12.182239346139085,5.229440163465228,1,0,1,1,0
1,13.063112990569612,6.578962336476796,1,1,0,0,0
1,12.7,5.683953112788397,1,0,1,1,0
0,13.444028199159506,6.2880563983190125,0,0,1,1,0
0,11.629203210829171,6.904867201804863,0,1,1,0,0
0,13.10191035167601,6.898726432215994,1,0,0,1,0
1,12.9,6.7877068161255405,1,1,1,0,0
1,11.785571632560671,5.221642551158991,1,0,1,1,0
0,13.809058976483248,6.228300568620419,0,0,1,1,0
0,12.783838764186555,6.133622150963747,1,1,0,1,0
0,13.364892509433844,6.629785018867687,0,0,0,1,0
0,13.645563725048392,6.4161737472276,0,0,1,1,0
0,13.370138355514028,6.670138355514028,1,0,0,1,0
1,11.541739832610144,7.058260167389856,1,0,0,1,0
0,11.746805152066107,6.4506389695867785,0,1,1,1,0
1,14.50141680362838,5.956333255069497,1,1,0,0,0
1,12.107549653644574,6.950943706705572,1,0,0,1,0
0,12.662664195750176,6.945778601416609,1,0,0,1,0
1,12.992883052092944,6.607116947907056,1,1,0,0,0
1,12.63586975805819,5.107125582437979,1,0,1,1,0
0,13.367355505876958,6.297933482369129,0,0,1,1,0
0,13.959463276579898,6.006174334360087,0,0,1,1,0
1,11.980750963090172,5.138498073819656,1,1,1,0,0
0,14.177245936078515,6.023752257734158,0,0,1,1,0
0,14.196558039547032,6.364372026364688,1,0,1,0,0
0,13.888247570210336,6.44313861891226,0,0,1,1,0
1,14.009360503579105,6.3,1,0,0,0,0
1,12.949313685576726,6.650686314423274,1,1,0,0,0
1,11.566088500870086,5.589852498549857,1,0,1,1,0
1,12.9442596144509,6.73935096387275,1,1,0,0,0
0,13.92849288968912,6.594301422062176,1,0,0,1,0
0,13.671296517037412,6.30483526831255,0,0,1,1,0
0,13.683431631430306,6.242772887345452,0,0,1,1,0
0,11.870939740873588,6.425812051825282,0,1,1,1,0
0,11.50673789742866,6.526951589714635,0,1,1,0,0
0,12.24773748277235,5.656787551682948,1,1,0,1,0
1,11.829513356424028,5.209837785474677,1,0,1,1,0
1,12.4148441128864,6.9893555141108,1,0,0,1,0
0,13.395490802808862,6.690981605617725,0,0,0,1,0
1,12.348473852775902,6.981059231596988,1,0,0,1,0
1,12.647934252189929,7.0,1,0,0,1,0
1,12.932496411117322,6.66750358888268,1,1,0,0,0
1,14.450496810327513,5.669105741410475,1,0,1,0,0
1,12.050463301766284,7.0168211005887615,1,0,0,1,0
1,12.909414230780325,6.690585769219677,1,1,0,0,0
1,12.530055218167634,7.0,1,0,0,1,0
0,13.33208383368377,6.483958083158115,0,0,1,1,0
1,11.567006637120262,6.965986725759476,0,1,1,0,0
0,13.445884136179616,6.291768272359228,0,0,1,1,0
1,12.49507159335786,6.999383949169733,1,0,0,1,0
1,14.190209911915169,6.570629735745506,1,0,1,0,0
1,12.098778571165973,5.299592857055324,1,0,1,1,0
1,13.76123726269422,6.346254245768593,1,1,0,0,0
1,12.516161046209811,5.120426550421132,1,0,1,1,0
0,11.785856030005505,6.930976005000917,0,1,1,0,0
1,13.906288372386012,6.3,1,0,0,0,0
0,13.446853627502623,6.293707255005246,0,0,1,1,0
1,12.7,5.463612506169623,1,0,1,1,0
0,13.236660834788562,6.8088927768076255,1,0,0,1,0
0,11.530271198208382,6.969728801791618,0,1,1,0,0
1,14.14246109877822,6.42738329633466,1,0,1,0,0
1,11.96589516427471,6.988631721424904,1,0,0,1,0
1,12.986628702841791,6.665348518863283,1,1,0,0,0
1,12.358823498635475,6.982352937329434,1,0,0,1,0
1,11.605137943829092,5.791008598299088,1,1,1,0,0
0,12.294419115542675,5.52790442228662,1,1,0,1,0
0,12.963173259624323,6.331586629812161,0,0,1,1,0
1,12.855361408055964,6.766957887916055,1,1,1,0,0
1,13.985810179611477,6.3,1,0,0,0,0
0,12.2,6.07237883406563,1,1,0,1,0
1,12.497268192323856,7.001365903838073,1,0,0,1,0
1,14.081203158776772,6.481203158776772,1,1,0,0,0
0,14.108583818382538,6.30572254558836,1,0,1,0,0
1,11.584772613459744,6.93045477308051,0,1,1,0,0
1,12.198853647979137,7.066284549326379,1,0,0,1,0
0,14.2907683353058,6.427178890203866,1,0,1,0,0
0,12.590043115130422,6.022881780074527,1,1,0,1,0
1,12.927558775467991,6.672441224532007,1,1,0,0,0
1,14.010855003041629,6.3,1,0,0,0,0
1,12.015528806247488,5.131057612494977,1,1,1,0,0
1,14.407898371246802,5.745782931755756,1,0,1,0,0
1,12.877067053059593,6.791731787761634,1,1,1,0,0
0,11.873277806548272,6.873277806548272,0,1,1,1,0
1,13.01848274268637,6.652606902925452,1,1,0,0,0
0,12.903202073470345,6.301601036735172,0,0,1,1,0
0,13.332948197768204,6.744701201487866,1,0,0,1,0
0,12.874389398209535,7.05040706786031,1,0,0,1,0
1,14.129336986139489,6.38801095841846,1,0,1,0,0
1,11.968795870639076,5.256265290213025,1,0,1,1,0
0,12.31272603349266,5.86441487628152,1,1,0,1,0
1,11.8693938854567,6.921174235682088,1,0,0,1,0
0,13.30164067602618,6.495077971921462,0,0,1,1,0
1,12.476291716939269,6.997036464617408,1,0,0,1,0
1,12.416812611121264,7.041593694439368,1,0,0,1,0
1,11.656327156217142,5.415509265674289,1,0,1,1,0
1,12.266120412886645,7.088706804295548,1,0,0,1,0
0,11.580419502588466,6.580419502588467,0,1,1,1,0
0,13.963285786337064,6.002897897425374,0,0,1,1,0
1,14.225295732099386,6.074467682221106,1,0,1,0,0
1,11.900903493635743,5.298193012728508,1,1,1,0,0
1,12.18327388592478,5.229181528518804,1,0,1,1,0
0,12.830094041116643,7.079937305922238,1,0,0,1,0
1,11.79590447420472,5.428762009380102,1,0,1,1,0
1,11.804728472267042,5.204728472267042,1,0,1,1,0
0,12.962544088109343,6.845818637296885,1,0,0,1,0
0,13.029751472224111,6.823416175925296,1,0,0,1,0
1,12.92527096695692,6.7868225826077,1,1,0,0,0
1,14.569566533507368,5.454780239686736,1,0,1,0,0
1,14.105543646461202,6.316630939383606,1,0,1,0,0
0,14.004454861691874,6.5,0,0,1,1,0
0,11.691464439011408,6.691464439011408,0,1,1,1,0
0,11.561517825292624,6.561517825292624,0,1,1,1,0
0,13.376715265068782,6.676715265068782,1,0,0,1,0
0,13.32205574809253,6.488972125953735,0,0,1,1,0
0,13.11286198138086,6.795712672873047,1,0,0,1,0
1,12.655182735137656,7.0,1,0,0,1,0
0,13.316937381022775,6.616937381022778,1,0,0,1,0
0,12.270179113038663,5.678925321768025,1,1,0,1,0
1,13.001213330356007,6.6,1,1,0,0,0
1,13.22767634839902,6.6,1,1,0,0,0
0,14.360235057448364,6.47349003829891,1,0,1,0,0
1,12.36711947189342,6.983389933986677,1,0,0,1,0
1,14.048370287361443,6.448370287361443,1,1,0,0,0
1,12.7,5.399040186811688,1,0,1,1,0
0,13.485933675893945,6.407033162053029,0,0,1,1,0
1,12.7,5.575061288681793,1,0,1,1,0
0,11.509046305060233,6.46833793228919,0,1,1,1,0
0,13.276330921474305,6.576330921474303,1,0,0,1,0
1,14.07469333101882,6.3,1,0,0,0,0
0,12.92466594972033,6.858444683426557,1,0,0,1,0
0,13.350044844646632,6.3498654660601055,0,0,1,1,0
1,14.192988956823257,6.578966870469768,1,0,1,0,0
1,12.007350649469329,5.176961038947852,1,0,1,1,0
1,14.0267224296632,6.227587183049599,1,1,0,0,0
0,12.255152965817407,5.724235170912955,1,1,0,1,0
0,12.979282810765422,6.980478126156385,1,0,0,1,0
1,11.9,5.294608985079409,0,1,1,1,0
1,13.434454099615,6.455181966795,1,1,0,0,0
1,12.683776531019122,5.105407822993625,1,0,1,1,0
1,11.685626910548772,5.3906218157520485,1,0,1,1,0
1,14.066182011436066,6.3,1,0,0,0,0
1,11.595099792883245,7.004900207116758,1,0,0,1,0
0,13.0120504105434,6.958633059637733,1,0,0,1,0
0,13.55123664792286,6.356082873208979,0,0,1,1,0
0,14.311702170840505,6.441134780560337,1,0,1,0,0
1,14.44417155127064,5.680491207712849,1,0,1,0,0
0,14.24210070380511,6.39473380253674,1,0,1,0,0
0,14.20013794238394,6.539972411523212,1,0,0,1,0
0,12.970794873058525,6.270794873058523,1,0,0,1,0
0,14.045901690726808,5.932084265091308,0,0,1,1,0
1,12.813289780732951,6.642193187155301,1,1,1,0,0
1,11.9,5.218289463694763,0,1,1,1,0
1,12.010585033686995,5.121170067373996,1,1,1,0,0
1,14.027582396392624,6.3,1,0,0,0,0
1,13.714786190896325,6.361737936367892,1,1,0,0,0
0,13.35188478751161,6.60376957502322,0,0,0,1,0
1,11.860382377059848,5.19329084699335,1,0,1,1,0
0,13.996352773419703,6.124248459211275,0,0,1,1,0
0,13.43874005673397,6.277480113467937,0,0,1,1,0
0,12.657675343142673,5.917287900333117,1,1,0,1,0
0,11.99200781583816,6.965334635973028,0,1,1,0,0
1,11.778712739853226,6.926237579951076,1,0,0,1,0
1,12.6273974076182,7.0,1,0,0,1,0
0,13.887148329566884,6.184917594685064,0,0,1,1,0
0,12.09756267905272,6.982927113175453,0,1,1,0,0
0,13.378545596861096,6.65709119372219,0,0,0,1,0
1,12.519985076036749,7.0,1,0,0,1,0
0,13.471460042255414,6.342920084510827,0,0,1,1,0
0,13.31923158730604,6.5384631746120805,0,0,0,1,0
0,13.01934600062201,6.319346000622009,1,0,0,1,0
0,13.005467045084034,6.3527335225420165,0,0,1,1,0
1,12.154290049077044,6.945429004907704,1,0,0,1,0
1,14.280618118285709,5.974887387085723,1,0,1,0,0
1,12.293264912821527,5.2479036680648985,1,0,1,1,0
1,12.9,6.888123526292967,1,1,1,0,0
1,11.524078701955675,7.05184259608865,0,1,1,0,0
0,13.399879161119411,6.700080559253724,1,0,0,1,0
1,12.771942926485089,6.892085610272369,1,1,1,0,0
0,13.26164033908989,6.792239773940073,1,0,0,1,0
0,11.51448368706768,6.985516312932321,0,1,1,0,0
0,13.364721918474205,6.467639040762899,0,0,1,1,0
0,11.63108428052618,6.0412050181583625,0,1,1,1,0
1,12.429249223994267,5.167687694001432,1,0,1,1,0
0,12.2,5.814901380147213,1,1,0,1,0
0,11.572783848350436,6.927216151649564,0,1,1,0,0
0,11.558742557347758,6.734970229391032,0,1,1,0,0
0,13.33177543689506,6.563550873790116,0,0,0,1,0
0,13.491075145561384,6.4044624272193085,0,0,1,1,0
0,13.41942550676469,6.440287246617656,0,0,1,1,0
0,13.13061669063904,6.41530834531952,0,0,1,1,0
1,14.135934111198544,6.228131777602912,1,0,1,0,0
1,11.9,5.450912879349496,0,1,1,1,0
0,14.21453415737514,6.003036579236033,0,0,1,1,0
0,12.713703371499763,6.928765542833412,1,0,0,1,0
0,13.419052364880926,6.238104729761853,0,0,1,1,0
1,14.07608753054616,6.476087530546161,1,1,0,0,0
1,14.031605104773606,6.3,1,0,0,0,0
0,13.394724432178846,6.703517045214103,1,0,0,1,0
1,14.163372654970551,6.173254690058893,1,0,1,0,0
1,14.16694457752292,6.500833732568767,1,0,1,0,0
1,12.304975542941833,7.097512228529084,1,0,0,1,0
0,13.76037829255818,6.255345393023234,0,0,1,1,0
0,12.975730984610378,6.3378654923051885,0,0,1,1,0
0,13.816261592849369,6.616747681430127,1,0,0,1,0
0,13.482356284347055,6.408821857826472,0,0,1,1,0
0,12.479715348369746,5.634786511277309,1,1,0,1,0
1,12.97301134379017,6.6269886562098295,1,1,0,0,0
0,14.30360739866838,6.4892897109631535,0,0,1,1,0
1,14.110637594342233,6.3319127830267,1,0,1,0,0
0,11.645925283016911,6.470814943396618,0,1,1,1,0
0,13.319670215177345,6.539340430354687,0,0,0,1,0
0,14.208695451284974,6.5,0,0,1,1,0
1,12.036193499900907,6.942024187487614,1,0,0,1,0
0,13.419628098295505,6.440185950852249,0,0,1,1,0
1,12.058877366016986,7.019625788672329,1,0,0,1,0
0,13.033983011914811,6.944011325390125,1,0,0,1,0
1,11.566795264145233,7.033204735854767,1,0,0,1,0
1,12.732135041455352,6.951797437816971,1,1,1,0,0
1,12.37006817955384,6.98375852244423,1,0,0,1,0
0,13.314741877335528,6.529483754671052,0,0,0,1,0
1,12.677555502815512,5.108161635339814,1,0,1,1,0
0,12.273401073513911,5.5797967794582615,1,1,0,1,0
0,13.4995489290361,6.5,0,0,1,1,0
1,11.534014436185045,7.03197112762991,0,1,1,0,0
0,13.154578995982998,6.781807001339001,1,0,0,1,0
1,12.102561581906874,6.95032019773836,1,0,0,1,0
0,13.80156843226034,6.141512772348279,0,0,1,1,0
0,13.341393330733888,6.582786661467775,0,0,0,1,0
1,12.945349890657786,6.736625273355536,1,1,0,0,0
1,12.7,5.521805348427527,1,0,1,1,0
1,12.748753211562796,6.926870182655805,1,1,1,0,0
1,14.148879115280735,6.20224176943853,1,0,1,0,0
1,11.581602063489958,7.018397936510041,1,0,0,1,0
0,11.545057786715176,6.954942213284825,0,1,1,0,0
1,12.7,5.311680131130928,1,0,1,1,0
1,11.825947922737846,5.208649307579282,1,0,1,1,0
1,12.425055148651728,5.191648283782757,1,0,1,1,0
0,12.214059367008469,5.808033924004838,1,1,0,1,0
0,13.365634769439517,6.303095691681457,0,0,1,1,0
1,12.036721405772733,5.173442811545462,1,1,1,0,0
1,14.295519139649764,6.073989063057278,1,1,0,0,0
1,11.650267844027574,5.512165194965533,0,1,1,1,0
0,11.650925597743353,6.613194198307514,0,1,1,1,0
0,14.09429112067198,6.466032346741331,0,0,1,1,0
1,12.7,5.689057241535064,1,0,1,1,0
1,11.815411289453513,5.305735888183112,0,1,1,1,0
1,12.159813626001071,6.957476703250134,1,0,0,1,0
0,13.96977057850281,6.139016345276216,0,0,1,1,0
0,13.418072924373403,6.440963537813298,0,0,1,1,0
1,12.400884349771744,5.174778912557064,1,0,1,1,0
1,11.790120832210842,6.791855001346988,1,0,0,1,0
1,12.7,5.452980069083807,1,0,1,1,0
0,13.3190536733094,6.538107346618801,0,0,0,1,0
1,11.90167854104195,5.188702384328672,1,0,1,1,0
1,14.189539892676898,6.134548632756059,1,1,0,0,0
0,11.598893087193138,6.8955723487725535,0,1,1,0,0
0,12.30180066295998,5.502100773453309,1,1,0,1,0
1,13.481218456682972,6.4395938477723424,1,1,0,0,0
1,11.699591683830608,5.46048997940327,1,1,1,0,0
0,13.385983194541431,6.24205041637571,0,0,1,1,0
0,13.248121573009904,6.750626142330032,1,0,0,1,0
0,12.255664646689448,5.766012119863316,1,1,0,1,0
0,11.597114363348652,6.902885636651348,0,1,1,0,0
1,12.7,5.224490491296637,1,0,1,1,0
1,14.008902808921842,6.3,1,0,0,0,0
0,11.550295010576187,6.949704989423811,0,1,1,0,0
1,12.171220961467228,7.057073653822409,1,0,0,1,0
1,11.753075820749816,5.383655224062732,0,1,1,1,0
0,12.40976491983112,5.919865668474926,1,1,0,1,0
0,12.962419590386462,6.331209795193231,0,0,1,1,0
1,14.197316044829456,6.105367910341092,1,0,1,0,0
1,12.9,6.759351316480591,1,1,1,0,0
0,12.501768248131135,5.651326186098352,1,1,0,1,0
1,12.931233940877227,6.668766059122773,1,1,0,0,0
1,14.067534760203996,6.467534760203996,1,1,0,0,0
0,14.20095831560072,6.539808336879856,1,0,0,1,0
0,14.236051195353904,6.390700796902602,1,0,1,0,0
1,13.99449166016522,6.394491660165218,1,1,0,0,0
0,13.117332158478463,6.417332158478463,1,0,0,1,0
1,11.9,5.20465595988242,0,1,1,1,0
1,11.781682064340185,6.972672825736074,0,1,1,0,0
0,13.682593021843704,6.42028811353819,0,0,1,1,0
0,14.309934447941789,6.518013110411642,1,0,0,1,0
1,12.7,5.408698943939657,1,0,1,1,0
1,12.89020916797005,6.739163328119799,1,1,1,0,0
0,13.92219037454506,6.038122536104235,0,0,1,1,0
0,13.425137203044974,6.437431398477513,0,0,1,1,0
0,13.361937482857348,6.6238749657146965,0,0,0,1,0
0,14.203481368503946,6.009177017497808,0,0,1,1,0
0,11.515381497716197,6.984618502283805,0,1,1,0,0
1,13.670965521311322,6.376344826229559,1,1,0,0,0
0,11.5243343293809,6.49513313412382,0,1,1,1,0
1,12.93468519526847,6.665314804731531,1,1,0,0,0
1,14.056386037149757,6.456386037149756,1,1,0,0,0
0,13.952436480295068,6.012197302604227,0,0,1,1,0
1,13.97524821741831,6.3,1,0,0,0,0
1,12.657950653766356,7.0,1,0,0,1,0
1,12.24240769101506,5.252530769661646,1,0,1,1,0
1,14.167237915507096,6.567237915507096,1,1,0,0,0
0,13.396658783692123,6.451670608153939,0,0,1,1,0
1,12.192565735902756,5.156381584899694,1,0,1,1,0
1,11.89758383410902,7.019033533643608,0,1,1,0,0
0,14.145141045360615,6.5,0,0,1,1,0
1,11.954464766444676,5.179686658721819,1,1,1,0,0
1,12.631659203042696,7.0,1,0,0,1,0
1,14.553639050033048,5.483449709940513,1,0,1,0,0
1,12.09470653712722,6.949338317140903,1,0,0,1,0
0,13.034364489010333,6.334364489010333,1,0,0,1,0
0,14.032755975023004,6.104024458320555,0,0,1,1,0
1,14.058470412541231,6.3,1,0,0,0,0
1,14.101228170445935,6.297789293197314,1,0,1,0,0
1,11.833897213262132,5.211299071087377,1,0,1,1,0
0,12.2,5.92658061530016,1,1,0,1,0
1,11.887672926691284,6.674792487970458,1,0,0,1,0
1,12.078484960986604,7.026161653662202,1,0,0,1,0
0,13.478239892434276,6.684352021513145,1,0,0,1,0
1,11.988827573465745,5.122344853068514,1,1,1,0,0
1,12.966558170240091,6.6733767319039625,1,1,0,0,0
0,12.973701718743031,6.842099427085657,1,0,0,1,0
1,12.45214240319276,5.1275397329785815,1,0,1,1,0
1,13.468171004034764,6.472731598386095,1,1,0,0,0
0,12.89441581267108,7.037056124885947,1,0,0,1,0
0,12.716085813123115,6.927971395625628,1,0,0,1,0
0,12.884941075450168,6.8716863081832775,1,0,0,1,0
1,11.584556643086463,5.559072261522562,1,0,1,1,0
1,14.264237354875233,6.004372761224581,1,0,1,0,0
0,13.052761740013375,6.815746086662208,1,0,0,1,0
0,13.531576310751989,6.403508478972444,0,0,1,1,0
1,11.770962987106328,6.908870373388291,1,0,0,1,0
0,13.534710575510806,6.380716346938441,0,0,1,1,0
1,11.673609741718224,6.929443896687291,0,1,1,0,0
0,13.376273953194351,6.271178140416949,0,0,1,1,0
0,13.95689740968384,6.008373648842423,0,0,1,1,0
1,14.011250481268002,6.3,1,0,0,0,0
0,12.974527035296685,6.9836486431355445,1,0,0,1,0
1,14.080002704694412,6.3,1,0,0,0,0
1,14.101694747384544,6.296949454707821,1,0,1,0,0
0,13.36581603046496,6.46709198476752,0,0,1,1,0
1,11.728700452139272,6.903587556517409,1,0,0,1,0
0,13.80567608761257,6.43396400973473,0,0,1,1,0
1,12.379551649048892,6.984943956131112,1,0,0,1,0
1,12.52156427552402,7.0,1,0,0,1,0
1,12.465078096988028,5.17830730100399,1,0,1,1,0
1,12.94928363135218,6.65071636864782,1,1,0,0,0
1,12.842559388729567,6.809920815027243,1,1,0,0,0
0,11.762075712912964,6.927012618818828,0,1,1,0,0
1,11.768491960712952,6.90856149508912,1,0,0,1,0
1,14.139751262983252,6.419253788949763,1,0,1,0,0
1,12.216370984135594,7.072123661378531,1,0,0,1,0
0,13.356420162514569,6.612840325029135,0,0,0,1,0
0,11.586956385583338,6.1956526504583165,0,1,1,1,0
0,14.128804354880383,6.050664247288675,0,0,1,1,0
1,12.988108699826723,6.615855066897701,1,1,0,0,0
1,11.512012782940491,7.0759744341190185,0,1,1,0,0
0,11.516824913525182,6.983175086474818,0,1,1,0,0
1,12.05138234245962,5.283794114153206,1,0,1,1,0
0,13.514401715011456,6.387655672847324,0,0,1,1,0
1,11.581613558807176,6.936772882385644,0,1,1,0,0
0,13.392599916235108,6.685199832470214,0,0,0,1,0
1,14.153588017889131,6.460764053667393,1,0,1,0,0
0,13.010277748107535,6.355138874053768,0,0,1,1,0
0,13.74627765580076,6.5,0,0,1,1,0
1,13.602317541519602,6.399227486160132,1,1,0,0,0
0,14.001617624050278,6.5,0,0,1,1,0
0,12.014595246000177,6.885946434500131,0,1,1,1,0
1,12.7,5.171885051873978,1,0,1,1,0
1,12.7,5.462747087090627,1,0,1,1,0
1,12.60266198710255,5.132446004299149,1,0,1,1,0
0,13.557716230277824,6.367935427623432,0,0,1,1,0
1,14.183057680735423,6.549173042206277,1,0,1,0,0
1,12.004984304517665,5.268328101505888,1,0,1,1,0
1,13.136910635464224,6.6,1,1,0,0,0
1,14.175460094091315,6.14259423194782,1,1,0,0,0
0,13.06911987275764,6.920586751494908,1,0,0,1,0
1,11.910551647676844,6.6473380227877845,1,0,0,1,0
1,13.943504250496735,6.343504250496735,1,1,0,0,0
1,14.208235917864195,6.105175347844447,1,0,1,0,0
1,14.144571314841796,6.5445713148417965,1,1,0,0,0
1,12.087747398474963,6.43470312183004,1,0,0,1,0
0,13.20845654344274,6.508456543442742,1,0,0,1,0
0,13.348680803741184,6.597361607482371,0,0,0,1,0
0,12.964548814183038,6.264548814183038,1,0,0,1,0
1,12.516856838046774,5.166597513437536,1,0,1,1,0
1,11.846219773721495,5.267225282848128,0,1,1,1,0
1,14.134224123707709,6.402672371123125,1,0,1,0,0
0,13.351720412767666,6.474139793616168,0,0,1,1,0
0,13.504694626509114,6.40052162516768,0,0,1,1,0
1,11.780461395393726,6.910057674424216,1,0,0,1,0
1,12.9,6.8179620464057775,1,1,1,0,0
1,13.104181234149486,6.6,1,1,0,0,0
1,12.03341053947638,5.342396167463134,1,0,1,1,0
0,12.105980764010123,6.984330127335021,0,1,1,0,0
0,13.894209055114912,6.180994969380605,0,0,1,1,0
1,12.991099883840644,6.611866821545809,1,1,0,0,0
0,13.359705446561502,6.619410893123003,0,0,0,1,0
0,12.149640247143717,6.991606707857287,0,1,1,0,0
0,14.33316557497151,6.5133668850056985,1,0,0,1,0
1,13.060152839605108,6.579949053464964,1,1,0,0,0
0,11.567028381403654,6.932971618596346,0,1,1,0,0
1,12.52184717283975,7.0,1,0,0,1,0
0,13.302652488408254,6.498673755795873,0,0,1,1,0
1,12.90966270908062,6.6903372909193815,1,1,0,0,0
1,12.3692216851919,7.06538915740405,1,0,0,1,0
1,12.96486676252014,6.635133237479859,1,1,0,0,0
1,14.064623999639023,6.464623999639025,1,1,0,0,0
1,14.12435070159513,6.37305210478539,1,0,1,0,0
1,13.912149439303697,6.3,1,0,0,0,0
0,14.256615128314122,6.528676974337176,1,0,0,1,0
0,13.317903324467112,6.446290026598663,0,0,1,1,0
1,13.88635040685019,6.304549864383271,1,1,0,0,0
0,14.36111806321578,6.474078708810519,1,0,1,0,0
1,11.935690597593297,5.228618804813412,1,1,1,0,0
0,12.976554352281498,6.982297098479002,1,0,0,1,0
0,12.815657368666637,7.089561754222244,1,0,0,1,0
0,13.386178929463863,6.672357858927731,0,0,0,1,0
0,13.501279910198049,6.5,0,0,1,1,0
1,14.329776223554372,5.886402797602129,1,0,1,0,0
1,11.641117461184724,5.523603173519094,0,1,1,1,0
0,12.294361823422864,5.528190882885694,1,1,0,1,0
0,12.461846017147638,5.8,1,1,0,1,0
1,12.7,5.461121574259905,1,0,1,1,0
1,14.159193981838555,6.477581945515674,1,0,1,0,0
1,14.202796237043414,6.094407525913173,1,0,1,0,0
0,11.530746002004411,6.62298400801765,0,1,1,0,0
0,13.906751828193345,6.5,0,0,1,1,0
0,12.118528874658326,6.986421479109721,0,1,1,0,0
1,12.577649202089452,5.140783599303515,1,0,1,1,0
0,13.365184255985591,6.630368511971183,0,0,0,1,0
1,11.647210160922526,6.952789839077473,1,0,0,1,0
1,14.047133162604805,6.3,1,0,0,0,0
0,13.48625138401912,6.40687430799044,0,0,1,1,0
1,12.974086151278089,6.625913848721911,1,1,0,0,0
1,12.9130770434964,6.694769182601441,1,1,0,0,0
1,12.235769329967605,5.151581185559155,1,0,1,1,0
0,13.14203049676716,6.442030496767158,1,0,0,1,0
0,13.387837176390343,6.708108549073104,1,0,0,1,0
1,11.928225647098616,6.626129223481661,1,0,0,1,0
0,13.045413373420203,6.345413373420206,1,0,0,1,0
0,13.471759512269577,6.343519024539154,0,0,1,1,0
1,14.18975182057446,6.569255461723383,1,0,1,0,0
0,14.253289565669393,6.402193043779596,1,0,1,0,0
1,13.545491641647562,6.418169452784146,1,1,0,0,0
1,12.325872327173366,7.087063836413317,1,0,0,1,0
0,12.6911473780331,6.080655644590342,1,1,0,1,0
0,13.341451094404434,6.375646716786704,0,0,1,1,0
1,14.07217742654922,6.3,1,0,0,0,0
1,12.086510278451769,5.113309273607964,1,1,1,0,0
0,12.210577965216462,5.7682661043506105,1,1,0,1,0
0,12.244428056762226,5.666715829713318,1,1,0,1,0
1,11.788376041289524,6.911047005161191,1,0,0,1,0
0,14.135126055040311,5.855606238536876,0,0,1,1,0
1,12.538385057329544,7.0,1,0,0,1,0
0,13.311093652251568,6.466719043245297,0,0,1,1,0
1,12.559012993264544,6.985901299326454,1,0,0,1,0
1,11.5106895951944,7.078620809611199,0,1,1,0,0
0,13.314408552456795,6.528817104913591,0,0,0,1,0
0,12.27841273527194,5.564761794184185,1,1,0,1,0
1,11.692949926208414,6.937179970483366,0,1,1,0,0
1,13.901234659484608,6.3,1,0,0,0,0
0,13.957525040574229,6.5,0,0,1,1,0
1,12.89350461434234,6.695669742894893,1,1,1,0,0
1,13.902199680214093,6.3,1,0,0,0,0
1,12.501380050125633,7.0,1,0,0,1,0
0,11.531717774816524,6.531717774816524,0,1,1,1,0
0,13.023968046230294,6.950687969179804,1,0,0,1,0
0,12.937008679748656,7.008660880167563,1,0,0,1,0
0,11.989500873781491,6.98950087378149,0,1,1,1,0
1,12.8019513158053,7.092194736778805,1,1,1,0,0
0,11.565162940160567,6.93483705983943,0,1,1,0,0
1,12.971714289388268,6.628285710611731,1,1,0,0,0
1,12.642665466902775,7.0,1,0,0,1,0
0,13.366313058315416,6.632626116630827,0,0,0,1,0
1,13.247350989116605,6.517549670294465,1,1,0,0,0
1,11.990814268599795,5.11837146280041,1,1,1,0,0
1,14.095380575338671,6.3,1,0,0,0,0
1,14.13532107790089,6.229357844198219,1,0,1,0,0
0,14.015126987642397,5.958462582020804,0,0,1,1,0
0,14.30632739385596,6.489591932650662,0,0,1,1,0
0,13.396623442277956,6.693246884555907,0,0,0,1,0
1,11.9,5.67870031063598,0,1,1,1,0
0,13.952535938389428,6.589492812322114,1,0,0,1,0
1,12.078154879638223,5.255461280090444,1,0,1,1,0
0,13.365881808859164,6.631763617718327,0,0,0,1,0
1,11.78412516984561,6.910515646230702,1,0,0,1,0
1,12.421382746918695,5.192872417693768,1,0,1,1,0
1,12.821486520616933,7.046283698457668,1,1,0,0,0
1,13.732391015712208,6.355869661429264,1,1,0,0,0
0,11.566749672573035,6.566749672573038,0,1,1,1,0
0,11.945338249894425,6.9575563749824045,0,1,1,0,0
1,13.12420217021893,6.6,1,1,0,0,0
0,13.00694521349157,6.962036524338954,1,0,0,1,0
0,13.024927109748443,6.950048593501038,1,0,0,1,0
1,12.815953264226918,6.643968842817946,1,1,1,0,0
1,11.691699198275456,5.639526403017953,1,1,1,0,0
1,12.728818694330608,6.961575074225856,1,1,0,0,0
0,11.697739914709231,5.807910298517686,0,1,1,1,0
0,11.81116716799082,6.437766566401836,0,1,1,1,0
0,12.374616550966408,5.555962413224806,1,1,0,1,0
0,13.750228714261691,6.1855182449185495,0,0,1,1,0
0,13.048822615770645,6.934118256152904,1,0,0,1,0
0,12.898442305699849,6.86718589810005,1,0,0,1,0
1,13.204168000399129,6.6,1,1,0,0,0
0,12.034876773715238,6.9724794622858735,0,1,1,0,0
1,13.476154475499424,6.469538209800231,1,1,0,0,0
0,14.169931388916773,6.3466209259445145,1,0,1,0,0
0,11.532342810499944,6.967657189500057,0,1,1,0,0
0,13.484528085539091,6.407735957230455,0,0,1,1,0
0,12.961114356418769,6.330557178209383,0,0,1,1,0
1,11.865316745368746,5.265316745368746,1,0,1,1,0
1,14.115324664224888,6.2724156043952,1,0,1,0,0
0,12.13548922613749,6.989248204356248,0,1,1,0,0
1,14.343182988856444,5.8622706200584025,1,0,1,0,0
1,12.085719049349615,5.271438098699236,1,1,1,0,0
1,11.690627269377496,5.618745461245008,0,1,1,1,0
0,13.38403260597044,6.668065211940877,0,0,0,1,0
1,12.9,7.072459687841528,1,1,1,0,0
0,14.107319512002377,6.30487967466825,1,0,1,0,0
0,13.433103815112528,6.4334480924437365,0,0,1,1,0
1,11.726972973600812,6.908990991200271,1,0,0,1,0
0,13.362205140791554,6.468897429604223,0,0,1,1,0
1,12.320675260723473,5.226441579758842,1,0,1,1,0
1,11.771348161115956,5.500140718047076,1,1,1,0,0
0,13.152398495574484,6.452398495574482,1,0,0,1,0
0,13.32080715356603,6.489596423216986,0,0,1,1,0
0,13.442315681789095,6.284631363578192,0,0,1,1,0
0,12.269332259473726,5.6840064431576405,1,1,0,1,0
0,11.903428610828051,6.41931427783439,0,1,1,1,0
1,12.837823059897032,6.793265410154452,1,1,1,0,0
1,11.8519261374446,5.251926137444599,1,0,1,1,0
0,13.475000225272357,6.350000450544712,0,0,1,1,0
0,12.2,5.842517899529919,1,1,0,1,0
0,13.49796638641978,6.401016806790111,0,0,1,1,0
0,13.373273226097568,6.673273226097567,1,0,0,1,0
0,14.18867721515294,6.017401547137257,0,0,1,1,0
0,13.125828780157136,6.791390406614288,1,0,0,1,0
1,14.169979298341618,6.160041403316763,1,0,1,0,0
1,12.853929087458967,6.965177281352578,1,1,0,0,0
0,14.245590229229624,5.985783205983543,0,0,1,1,0
1,12.920357025024924,6.679642974975074,1,1,0,0,0
1,13.083365206709177,6.6,1,1,0,0,0
1,14.133773083494184,6.232453833011631,1,0,1,0,0
1,14.476238196106166,5.6227712470089015,1,0,1,0,0
1,12.994755926235737,6.605244073764265,1,1,0,0,0
0,14.16673944781136,6.344492965207574,1,0,1,0,0
0,13.370657057014798,6.4646714714926015,0,0,1,1,0
1,12.687979271617907,7.0,1,0,0,1,0
0,13.398692357605237,6.203922927184299,0,0,1,1,0
1,12.09150900905886,6.948938626132358,1,0,0,1,0
0,13.375709390707218,6.272871827878348,0,0,1,1,0
1,12.225257064940136,5.258247645019955,1,0,1,1,0
0,13.243166791519386,6.80455547232041,1,0,0,1,0
0,13.185632641937572,6.842911572041618,1,0,0,1,0
1,11.955673656257275,5.18865268748545,1,1,1,0,0
1,14.02877979019508,6.3,1,0,0,0,0
0,13.308687342524298,6.517374685048593,0,0,0,1,0
1,12.935025172839916,6.762437067900211,1,1,0,0,0
1,14.215162767097947,6.092707019223692,1,0,1,0,0
1,13.94422687468304,6.3,1,0,0,0,0
1,12.95169584721637,6.720760381959073,1,1,0,0,0
1,14.04779341315906,6.3,1,0,0,0,0
1,11.987769705533276,5.278057573616682,1,0,1,1,0
0,13.364867938274172,6.629735876548344,0,0,0,1,0
0,13.37862339832708,6.26412980501876,0,0,1,1,0
1,12.869785365154744,6.925536587113141,1,1,0,0,0
1,12.187457962345189,5.270847345884937,1,0,1,1,0
1,12.368546829573734,7.065726585213133,1,0,0,1,0
1,13.282224658514815,6.6,1,1,0,0,0
1,12.779358156146982,6.894189125137357,1,1,0,0,0
1,11.52730307972678,5.667236304327863,1,1,1,0,0
1,11.93044470785738,6.928805588482173,1,0,0,1,0
1,14.100090876664218,6.300272629992654,1,0,1,0,0
0,13.04927543100769,6.34927543100769,1,0,0,1,0
1,14.05226770434146,6.3,1,0,0,0,0
1,11.721213156622456,5.434544212053053,1,1,1,0,0
1,12.87162668276764,6.7425599758485415,1,1,1,0,0
1,11.808545419892898,5.208545419892897,1,0,1,1,0
1,12.7,5.642980211232508,1,0,1,1,0
1,12.067560790810951,5.235121581621906,1,1,1,0,0
0,13.142002257290317,6.785999247569896,1,0,0,1,0
0,14.021666554770803,6.110185247349555,0,0,1,1,0
0,13.880802507837254,6.603839498432549,1,0,0,1,0
0,12.2,5.998038418786773,1,1,0,1,0
0,13.645544659086807,6.319141856062885,0,0,1,1,0
0,13.010209416612696,6.310209416612697,1,0,0,1,0
1,12.526969896299669,7.0,1,0,0,1,0
0,13.29055166590882,6.772965556060787,1,0,0,1,0
0,13.791369313915542,6.150254873786678,0,0,1,1,0
1,14.301612080675532,6.070507382471124,1,1,0,0,0
0,14.205765589305166,6.007908005941576,0,0,1,1,0
0,11.588621700261951,6.911378299738049,0,1,1,0,0
1,11.855830351672992,5.255830351672991,1,0,1,1,0
1,14.0715926863998,6.3,1,0,0,0,0
0,11.69519932608027,6.915866554346712,0,1,1,0,0
0,14.389737453894467,6.493158302596312,1,0,1,0,0
0,12.587576319869786,6.970807893376738,1,0,0,1,0
0,13.450832098534123,6.689833580293175,1,0,0,1,0
0,13.87451853351414,6.605096293297172,1,0,0,1,0
1,12.887501099871011,6.691667399914008,1,1,1,0,0
1,14.19289775964869,6.57869327894607,1,0,1,0,0
1,14.522281018996066,5.944410846287963,1,1,0,0,0
0,13.32176115853973,6.434716524380815,0,0,1,1,0
1,13.045948793547572,6.6,1,1,0,0,0
0,11.970375592709637,6.961729265451607,0,1,1,0,0
0,11.574482806554997,6.925517193445004,0,1,1,0,0
0,13.019451154758936,6.359725577379468,0,0,1,1,0
1,12.355286485942711,7.072356757028643,1,0,0,1,0
0,12.18610156917815,6.997683594863025,0,1,1,0,0
1,12.065424872603884,5.288474957534628,1,0,1,1,0
0,11.91611365972249,6.916113659722488,0,1,1,1,0
0,11.565767362345088,6.763069449380355,0,1,1,0,0
0,14.239236148113765,6.532152770377247,1,0,0,1,0
0,12.596316521358442,5.8,1,1,0,1,0
0,13.554193670681329,6.406021518964592,0,0,1,1,0
1,11.700517295767932,5.365804507053448,1,0,1,1,0
0,13.383218907921846,6.458390546039078,0,0,1,1,0
0,13.330063011939853,6.560126023879705,0,0,0,1,0
1,12.829502283002112,6.827330289330516,1,1,0,0,0
0,13.369931072543247,6.2902067823702525,0,0,1,1,0
1,11.808095872094428,5.383808255811148,0,1,1,1,0
0,13.499592056732617,6.399184113465235,0,0,1,1,0
1,12.538552404345827,7.0,1,0,0,1,0
1,11.53855425230624,7.02289149538752,0,1,1,0,0
0,13.026876765572036,6.363438382786018,0,0,1,1,0
1,12.385912668975232,7.057043665512384,1,0,0,1,0
1,12.732394117527935,6.951408823708098,1,1,1,0,0
0,13.789226180633634,6.152091845171172,0,0,1,1,0
1,14.16033852890164,6.179322942196719,1,0,1,0,0
0,13.617504066740446,6.656499186651911,1,0,0,1,0
1,13.334783974600851,6.488405341799716,1,1,0,0,0
1,11.996508474199572,5.248254237099786,0,1,1,1,0
1,14.149234477411134,6.211377940659957,1,0,1,0,0
0,12.2,5.908724021438954,1,1,0,1,0
0,13.3223682526906,6.544736505381199,0,0,0,1,0
1,12.965162648094282,6.687093379764295,1,1,0,0,0
0,13.441035083041427,6.429482458479287,0,0,1,1,0
1,14.569632397755225,5.4546616840406,1,0,1,0,0
1,14.105684460229254,6.317053380687763,1,0,1,0,0
0,11.56299207969564,6.75196831878256,0,1,1,0,0
1,12.222546405332231,5.273619488970097,1,0,1,1,0
0,13.428645257198298,6.435677371400852,0,0,1,1,0
0,13.228568235659475,6.814287842893682,1,0,0,1,0
1,11.791666523447963,6.790000171862443,1,0,0,1,0
0,12.2,6.071340781706798,1,1,0,1,0
1,12.246099489813435,6.96826243622668,1,0,0,1,0
1,13.282499136988822,5.297307559536741,1,1,1,0,0
1,12.044071680139451,5.1881433602789055,1,1,1,0,0
0,11.806013818597323,6.934335636432888,0,1,1,0,0
0,13.3259526614596,6.487023669270201,0,0,1,1,0
1,11.568786577573793,7.031213422426208,1,0,0,1,0
1,12.9216202842209,6.79594928944775,1,1,0,0,0
0,11.794914504035363,6.93248575067256,0,1,1,0,0
1,11.899747106263083,6.966582368754362,1,0,0,1,0
0,13.160258861094151,6.460258861094151,1,0,0,1,0
0,12.509493100873923,6.996835633042025,1,0,0,1,0
1,12.7,5.172206669961094,1,0,1,1,0
0,13.401437814040824,6.202875628081646,0,0,1,1,0
1,13.202403018356843,6.6,1,1,0,0,0
1,11.642631272817452,5.714737454365094,0,1,1,1,0
1,14.24561193487338,6.037898517227916,1,0,1,0,0
0,14.314737059908524,6.517052588018295,1,0,0,1,0
0,12.954803932516583,6.254803932516584,1,0,0,1,0
1,12.19358638295054,5.268804539016487,1,0,1,1,0
1,11.9,5.445331836251996,0,1,1,1,0
1,14.324474089043417,6.057443377689477,1,1,0,0,0
1,11.615879493773608,6.984120506226394,1,0,0,1,0
0,12.566738646139708,6.977753784620097,1,0,0,1,0
1,14.155708501783122,6.46712550534937,1,0,1,0,0
0,13.32958884942067,6.559177698841338,0,0,0,1,0
0,12.212341366658592,5.8,1,1,0,1,0
1,13.004275888725164,6.6,1,1,0,0,0
0,14.032092293222735,6.459121365913638,0,0,1,1,0
0,11.65537234284276,6.655372342842761,0,1,1,1,0
0,11.533395094118946,6.533395094118946,0,1,1,1,0
1,12.853845894292103,6.965385264269744,1,1,0,0,0
0,13.310983669386124,6.521967338772248,0,0,0,1,0
0,12.593821316176662,5.720365987132497,1,1,0,1,0
0,14.033002074094217,6.459222452677135,0,0,1,1,0
0,11.587456227471709,6.193903203849028,0,1,1,1,0
1,12.543232974061889,7.0,1,0,0,1,0
0,13.127731357836328,6.413865678918163,0,0,1,1,0
0,13.74904099569052,6.630191800861897,1,0,0,1,0
1,12.0074924740538,5.2537462370269,0,1,1,1,0
0,13.313001329235542,6.526002658471083,0,0,0,1,0
1,12.34157143618657,5.15254945172101,1,1,1,0,0
1,14.172265454485196,6.155469091029611,1,0,1,0,0
0,13.309404102113884,6.471787693658349,0,0,1,1,0
0,11.529841023841144,6.494031795231771,0,1,1,1,0
0,13.140116033651566,6.420058016825783,0,0,1,1,0
1,11.659589938222435,6.923835975288974,0,1,1,0,0
1,13.016525411841435,6.594491529386188,1,1,0,0,0
1,14.163321854211508,6.48996556263452,1,0,1,0,0
1,14.186643942083624,6.586643942083624,1,1,0,0,0
0,13.43828667607516,6.27657335215032,0,0,1,1,0
1,11.517154162738551,5.67140972876908,1,0,1,1,0
1,11.523197413660094,7.076802586339904,1,0,0,1,0
1,12.691810854967615,5.102047286258095,1,0,1,1,0
0,12.424684431380529,5.593513323535396,1,1,0,1,0
1,11.518071545085784,7.063856909828427,0,1,1,0,0
1,12.987975201411809,6.616033064784258,1,1,0,0,0
1,14.128631628555636,6.385894885666911,1,0,1,0,0
1,11.857304055772463,5.219101351924155,1,0,1,1,0
0,13.34866612929736,6.597332258594719,0,0,0,1,0
1,14.097401750061792,6.3,1,0,0,0,0
1,14.268959061676275,5.962081876647452,1,0,1,0,0
1,12.69583616792244,7.0,1,0,0,1,0
0,12.229327258025938,5.853363709870306,1,1,0,1,0
0,12.213683120816407,5.758950637550776,1,1,0,1,0
1,12.020464044009234,5.273488014669744,1,0,1,1,0
1,12.205701508828852,5.264766163723716,1,0,1,1,0
1,11.613068551931969,5.495247799297466,1,0,1,1,0
1,12.46609958703288,5.125988934774124,1,0,1,1,0
0,13.50864998809119,6.5,0,0,1,1,0
0,13.39289382545738,6.221318523627863,0,0,1,1,0
0,13.439984896575345,6.279969793150688,0,0,1,1,0
1,12.01661949098861,5.270845127252847,1,0,1,1,0
1,11.914655899068723,6.642412921117532,1,0,0,1,0
0,13.353183421700471,6.715605526099843,1,0,0,1,0
0,13.39058684997633,6.681173699952658,0,0,0,1,0
0,12.863613995416424,7.0575906697223845,1,0,0,1,0
1,12.7,5.643048929711752,1,0,1,1,0
1,12.19992239988383,5.266692533372057,1,0,1,1,0
0,13.473756343623169,6.347512687246339,0,0,1,1,0
0,11.51011583678092,6.540463347123677,0,1,1,0,0
1,12.975997358205309,6.660006604486733,1,1,0,0,0
1,12.882620037716658,6.769519849133368,1,1,1,0,0
1,12.048981283536994,5.172335412940334,1,0,1,1,0
0,14.05049998451394,6.569900003097212,1,0,0,1,0
1,13.928087338529048,6.3,1,0,0,0,0
0,12.322525206859064,5.870014403919465,1,1,0,1,0
1,14.039080653869004,6.439080653869003,1,1,0,0,0
1,12.828139759746971,6.807790360379542,1,1,1,0,0
0,12.2,5.926359323141235,1,1,0,1,0
1,12.913060904754277,6.686939095245724,1,1,0,0,0
0,13.296942092678968,6.734352635773678,1,0,0,1,0
0,12.051844795161056,6.975307465860176,0,1,1,0,0
1,13.577143046792544,6.407618984402486,1,1,0,0,0
0,13.38528352678825,6.244149419635251,0,0,1,1,0
0,14.095735414626244,6.069035880763198,0,0,1,1,0
1,11.53759022562408,5.637349623959866,1,0,1,1,0
1,12.376109036232872,7.061945481883564,1,0,0,1,0
0,13.346562018465674,6.593124036931348,0,0,0,1,0
0,13.871541814972488,6.5,0,0,1,1,0
1,12.9,6.885340437487548,1,1,1,0,0
1,12.16781655835865,5.293521251505945,1,0,1,1,0
1,12.017533579518458,6.518959704577848,1,0,0,1,0
1,12.017637839888316,6.93970472998604,1,0,0,1,0
1,12.921332813026767,6.691466874789294,1,1,0,0,0
1,14.020880566342171,6.3,1,0,0,0,0
1,13.097671883526212,6.567442705491263,1,1,0,0,0
0,13.380259352613308,6.680259352613308,1,0,0,1,0
1,14.021706161572244,6.3,1,0,0,0,0
0,14.161441288672275,6.032532617404292,0,0,1,1,0
0,13.43895707073206,6.277914141464119,0,0,1,1,0
1,12.523936606715452,7.0,1,0,0,1,0
1,12.9,6.71674528117286,1,1,1,0,0
1,12.415134110312565,6.989391763789071,1,0,0,1,0
0,12.85042754901681,7.066381633988793,1,0,0,1,0
1,12.350311183809742,5.187422204047564,1,0,1,1,0
0,14.26914683407081,6.412764556047206,1,0,1,0,0
0,11.50119538256178,6.504781530247117,0,1,1,0,0
0,14.155227725967404,6.035984596684775,0,0,1,1,0
1,12.572422389711411,5.142525870096196,1,0,1,1,0
1,13.224599778580444,6.570160088567823,1,1,0,0,0
0,11.534359914678646,6.637439658714581,0,1,1,0,0
0,13.470958489646383,6.341916979292769,0,0,1,1,0
1,12.981912510174276,6.618087489825725,1,1,0,0,0
0,12.747517778601049,6.91749407379965,1,0,0,1,0
0,13.49632696190636,6.392653923812719,0,0,1,1,0
1,12.001753359857936,5.250876679928968,0,1,1,1,0
0,13.484998686507971,6.369997373015941,0,0,1,1,0
0,11.52369950644329,6.97630049355671,0,1,1,0,0
1,12.563591015785509,6.986359101578551,1,0,0,1,0
0,13.39248947224903,6.222531583252913,0,0,1,1,0
1,12.688721819020987,7.0,1,0,0,1,0
0,13.787909890109338,6.431989987789927,0,0,1,1,0
1,13.013541910367003,6.595486029877665,1,1,0,0,0
0,13.901637392001328,6.5,0,0,1,1,0
1,13.289574945583176,6.503475018138941,1,1,0,0,0
0,13.4480301494502,6.425984925274901,0,0,1,1,0
1,14.042762405789947,6.3,1,0,0,0,0
1,11.921760893862013,5.256478212275973,1,1,1,0,0
1,14.095978194213068,6.3,1,0,0,0,0
0,13.44636396497705,6.426818017511476,0,0,1,1,0
0,11.592688127148625,6.870752508594505,0,1,1,0,0
1,12.636885287510726,5.122950804541554,1,0,1,1,0
0,11.620728719889978,6.077449480385071,0,1,1,1,0
1,12.687380689916528,7.0,1,0,0,1,0
0,13.026241551626248,6.326241551626247,1,0,0,1,0
1,12.495694439987638,7.002152780006181,1,0,0,1,0
0,13.415280267053106,6.230560534106212,0,0,1,1,0
1,13.073951468693975,6.6,1,1,0,0,0
1,12.7,5.416883475630154,1,0,1,1,0
1,11.9,5.375027496821889,0,1,1,1,0
1,12.939585812873617,6.684165674850554,1,1,0,0,0
1,12.891641073745925,6.870897315635192,1,1,0,0,0
1,12.250105077568124,6.968763134696015,1,0,0,1,0
0,13.380560800683696,6.258317597948915,0,0,1,1,0
1,12.651316474201613,5.112170881449596,1,0,1,1,0
1,14.161756861305555,6.176486277388891,1,0,1,0,0
0,13.015195423106002,6.956536384595998,1,0,0,1,0
0,13.773897662240447,6.430433073582272,0,0,1,1,0
0,13.451715878948209,6.303431757896418,0,0,1,1,0
1,13.123722640228484,6.6,1,1,0,0,0
1,11.82536443962216,6.749562672453405,1,0,0,1,0
0,12.711554684295278,6.929481771901574,1,0,0,1,0
1,12.510856685951318,7.0,1,0,0,1,0
1,12.663221688521888,7.0,1,0,0,1,0
1,12.7,5.51989024688285,1,0,1,1,0
1,13.339738378450845,6.486753873849718,1,1,0,0,0
0,13.374035417832824,6.462982291083588,0,0,1,1,0
0,13.854500011720411,6.609099997655918,1,0,0,1,0
1,13.225035467924402,6.6,1,1,0,0,0
0,13.59641445350087,6.317359039856398,0,0,1,1,0
0,11.605758511922838,6.90095975198714,0,1,1,0,0
1,12.30088217073446,5.199779457316384,1,0,1,1,0
1,12.7,5.661184325938791,1,0,1,1,0
1,13.019291596105283,6.6,1,1,0,0,0
1,14.275845740663376,5.983477666805921,1,0,1,0,0
0,14.186717551219784,6.5,0,0,1,1,0
1,11.729684074553662,5.452842154707759,1,0,1,1,0
0,13.103309284334012,6.4016546421670055,0,0,1,1,0
0,13.381386993389162,6.662773986778324,0,0,0,1,0
1,12.467331629918393,6.995916453739799,1,0,0,1,0
0,13.398783136563274,6.450608431718363,0,0,1,1,0
1,13.998772610057388,6.398772610057389,1,1,0,0,0
1,13.968706588916298,6.3,1,0,0,0,0
1,11.645648534217894,5.708702931564211,0,1,1,1,0
1,14.149695074024974,6.210548866755047,1,0,1,0,0
1,11.883759578484376,5.190693380168403,1,0,1,1,0
1,11.819833585526755,6.914979198190845,1,0,0,1,0
0,13.40694181827078,6.213883636541559,0,0,1,1,0
1,14.109522027511412,6.280955944977176,1,0,1,0,0
1,14.08111253304154,6.3,1,0,0,0,0
0,13.32073750985492,6.541475019709834,0,0,0,1,0
0,13.334488306986067,6.568976613972132,0,0,0,1,0
1,11.621412280979076,5.554305262825109,1,1,1,0,0
1,11.915993276034886,5.268013447930227,1,1,1,0,0
0,13.61351478132912,6.657297043734176,1,0,0,1,0
1,14.354979435575387,6.040011751099779,1,1,0,0,0
0,13.315754003759157,6.531508007518312,0,0,0,1,0
0,12.212564071506806,5.937179642465966,1,1,0,1,0
1,13.848882117611009,6.317039294129664,1,1,0,0,0
1,14.142053372072828,6.426160116218485,1,0,1,0,0
1,14.117695591071284,6.353086773213853,1,0,1,0,0
1,11.9,5.295859351371529,0,1,1,1,0
0,11.521523378873203,6.586093515492811,0,1,1,0,0
0,13.034319126842735,6.367159563421367,0,0,1,1,0
0,13.810054737208285,6.134238796678615,0,0,1,1,0
1,14.417147147100218,5.729135135219606,1,0,1,0,0
0,13.226275847992198,6.463137923996099,0,0,1,1,0
1,13.534447210638488,6.42185092978717,1,1,0,0,0
1,12.696061877172122,6.999606187717212,1,0,0,1,0
1,14.106144900502478,6.182202913998584,1,1,0,0,0
0,11.504489479703654,6.517957918814616,0,1,1,0,0
0,12.931160039949493,6.315580019974746,0,0,1,1,0
0,12.999294167476224,6.349647083738112,0,0,1,1,0
0,13.311236071943624,6.494381964028189,0,0,1,1,0
0,12.961038193883336,6.261038193883336,1,0,0,1,0
1,11.909499464822778,5.18783339279747,1,0,1,1,0
0,12.621814391944865,5.741360793958648,1,1,0,1,0
1,11.973200505785142,5.257733501928381,1,0,1,1,0
0,13.783328775392985,6.623334244921403,1,0,0,1,0
1,14.117795739357476,6.353387218072426,1,0,1,0,0
1,13.69498077512791,6.382007689948836,1,1,0,0,0
1,11.805095492006204,5.441082888989143,1,1,1,0,0
1,14.240066774891789,6.019866450216426,1,0,1,0,0
1,11.81795414782016,6.911795414782016,1,0,0,1,0
1,14.159830888537533,6.192304400632441,1,0,1,0,0
0,14.234192876696476,6.389461917797652,1,0,1,0,0
1,11.857600591097896,5.349198965578682,1,1,1,0,0
1,14.075791022258404,6.3,1,0,0,0,0
0,13.35816000155254,6.325519995342379,0,0,1,1,0
0,14.269135047234768,6.412756698156511,1,0,1,0,0
1,12.222310194313346,6.965288774289168,1,0,0,1,0
1,11.548428030301578,5.641886363638107,1,1,1,0,0
1,12.146323042059404,6.955790380257426,1,0,0,1,0
1,11.612627860468066,5.51228689921989,1,0,1,1,0
0,12.401301490548605,5.915029423170632,1,1,0,1,0
0,12.280749406685366,5.596252966573169,1,1,0,1,0
0,13.215167011252907,6.515167011252908,1,0,0,1,0
1,14.043278805647915,6.4432788056479176,1,1,0,0,0
1,13.936843679985778,6.3,1,0,0,0,0
1,12.977855835706883,6.62952555239082,1,1,0,0,0
0,12.36436871913945,5.575096838996023,1,1,0,1,0
1,12.7,5.659881772056489,1,0,1,1,0
0,14.244694911795584,6.531061017640884,1,0,0,1,0
1,13.3111885029157,6.4962704990281,1,1,0,0,0
1,13.923684138803656,6.3,1,0,0,0,0
1,14.046297400972309,6.3,1,0,0,0,0
1,11.920230117340228,7.028092046936091,0,1,1,0,0
1,11.81333885368464,5.213338853684641,1,0,1,1,0
1,12.966691563321351,6.633308436678647,1,1,0,0,0
0,13.346853742810724,6.476573128594639,0,0,1,1,0
1,11.513147152880524,7.073705694238951,0,1,1,0,0
1,11.757018924798242,6.962807569919297,0,1,1,0,0
1,12.386861893775237,5.204379368741588,1,0,1,1,0
1,13.963207341035382,6.3,1,0,0,0,0
1,14.00956799659617,6.23738971623076,1,1,0,0,0
0,13.097194346256678,6.397194346256678,1,0,0,1,0
0,14.121954213730048,6.314636142486698,1,0,1,0,0
0,12.291204291349702,5.526387125950896,1,1,0,1,0
0,13.390420611608238,6.680841223216476,0,0,0,1,0
1,12.402847937011575,6.987855992126447,1,0,0,1,0
0,11.509173503704003,6.536694014816016,0,1,1,0,0
1,11.880607708335402,5.308936510413045,1,1,1,0,0
0,11.58928873865542,6.91071126134458,0,1,1,0,0
1,12.103341637773047,5.316966677173436,1,0,1,1,0
1,11.827068996571525,5.227068996571521,1,0,1,1,0
1,12.006950335793778,5.113900671587558,1,1,1,0,0
1,13.746563622493536,6.351145459168821,1,1,0,0,0
0,11.54648834810916,6.68595339243664,0,1,1,0,0
1,13.904449552736375,6.304449552736374,1,1,0,0,0
1,12.875310774546463,6.911723063633843,1,1,0,0,0
0,12.989737992747116,6.9735080048352565,1,0,0,1,0
1,14.020376660493705,6.420376660493703,1,1,0,0,0
1,11.722384429137607,6.902238442913761,1,0,0,1,0
1,13.671017675282474,6.376327441572508,1,1,0,0,0
1,12.9,6.891856451589949,1,1,1,0,0
1,14.558023009479058,5.475558582937695,1,0,1,0,0
0,13.377856643993391,6.26643006801982,0,0,1,1,0
0,13.423130963483272,6.438434518258364,0,0,1,1,0
1,14.141901261651851,6.425703784955554,1,0,1,0,0
1,12.625216730474886,7.0,1,0,0,1,0
0,12.240936443420535,5.854381339476782,1,1,0,1,0
1,14.10804595520522,6.283908089589564,1,0,1,0,0
1,12.27808392521169,6.957808392521169,1,0,0,1,0
0,11.91070323930995,6.91070323930995,0,1,1,1,0
0,12.25639438893714,7.067295791702853,0,1,1,1,0
1,14.08564621362114,6.3,1,0,0,0,0
1,11.651175437696237,5.518589474764519,1,1,1,0,0
1,13.119461412268276,6.6,1,1,0,0,0
0,13.449868338190644,6.299736676381286,0,0,1,1,0
1,13.562162351643654,6.412612549452115,1,1,0,0,0
1,11.868822755511884,6.921102844438986,1,0,0,1,0
1,12.435666285208177,6.991958285651022,1,0,0,1,0
0,13.71777849666974,6.213332717140224,0,0,1,1,0
1,13.384915057282369,6.506033977087053,1,1,0,0,0
1,12.221994100680025,6.965249262585004,1,0,0,1,0
0,14.192824269766136,6.5,0,0,1,1,0
0,12.524527672620613,6.991824109126463,1,0,0,1,0
0,13.39688947277224,6.451555263613881,0,0,1,1,0
0,12.823968838452082,6.89201038718264,1,0,0,1,0
1,12.374905954916134,7.062547022541933,1,0,0,1,0
0,13.35895684183572,6.470521579082141,0,0,1,1,0
1,12.03363869686249,5.174040144793056,1,0,1,1,0
1,14.085732958934528,6.3,1,0,0,0,0
1,13.118389950769448,6.612644019692221,1,1,0,0,0
0,13.8822345058429,6.1876474967539465,0,0,1,1,0
0,13.428844633902209,6.435577683048896,0,0,1,1,0
0,12.209617391723906,5.9519130413804655,1,1,0,1,0
0,13.334137352877104,6.482931323561448,0,0,1,1,0
1,11.64949031185498,6.950509688145019,1,0,0,1,0
0,13.564010527977487,6.667197894404503,1,0,0,1,0
0,13.379278079831016,6.706907306722995,1,0,0,1,0
0,12.922467801373047,6.222467801373047,1,0,0,1,0
0,13.090421602150489,6.803192799283171,1,0,0,1,0
1,12.002550956815982,5.251275478407991,0,1,1,1,0
0,14.312548996189928,5.948583891005597,0,0,1,1,0
0,13.316257571731024,6.53251514346205,0,0,0,1,0
1,11.857848729256151,5.406236825725036,1,0,1,1,0
1,11.637370228594277,6.914948091437711,0,1,1,0,0
0,11.579661447721648,6.920338552278352,0,1,1,0,0
0,13.460642077451675,6.687871584509665,1,0,0,1,0
0,13.333074145701044,6.566148291402087,0,0,0,1,0
1,14.193368703755182,6.580106111265545,1,0,1,0,0
1,11.602118819201918,5.795762361596164,0,1,1,1,0
0,13.40150737101091,6.203014742021819,0,0,1,1,0
1,14.188525447551372,6.588525447551372,1,1,0,0,0
1,12.45447277025659,5.18184240991447,1,0,1,1,0
1,12.44877925348559,6.993597406685699,1,0,0,1,0
1,12.822682459981612,6.836423386691183,1,1,0,0,0
1,12.7,5.54738657681536,1,0,1,1,0
0,13.423775006644492,6.438112496677754,0,0,1,1,0
0,13.056228869723856,6.356228869723855,1,0,0,1,0
1,12.029442964583868,6.932944296458387,1,0,0,1,0
1,14.173284208155064,6.519852624465192,1,0,1,0,0
1,12.60256299082132,7.0,1,0,0,1,0
1,12.350681876799554,5.138813124800049,1,0,1,1,0
0,13.614275707275931,6.336513495957815,0,0,1,1,0
0,13.87067802867676,6.082275975419919,0,0,1,1,0
1,13.478320168563531,6.440559943812155,1,1,0,0,0
1,13.283692509011615,6.6,1,1,0,0,0
1,13.88001100105511,6.307995599577956,1,1,0,0,0
0,13.699945851694665,6.288918971280742,0,0,1,1,0
0,13.396103692806676,6.211688921579973,0,0,1,1,0
1,12.558008861581838,7.0,1,0,0,1,0
1,12.833770608573404,6.964917565706389,1,1,1,0,0
0,13.319305413751753,6.442083758744747,0,0,1,1,0
1,13.235417994773092,6.521527335075636,1,1,0,0,0
1,14.153693329546105,6.461079988638312,1,0,1,0,0
0,13.209917757785856,6.763360747404715,1,0,0,1,0
1,14.158364412753595,6.183271174492811,1,0,1,0,0
0,12.72690706769314,6.924364310768953,1,0,0,1,0
1,14.590341407642246,5.417385466243957,1,0,1,0,0
0,11.834345215723348,6.43313095685533,0,1,1,1,0
0,12.751137581023714,6.11493576058498,1,1,0,1,0
0,12.036495860173355,6.902371895130018,0,1,1,1,0
1,14.194143268107473,6.582429804322417,1,0,1,0,0
1,12.65518997708033,7.0,1,0,0,1,0
0,13.265361758244625,6.565361758244625,1,0,0,1,0
1,14.33308828576031,5.880441085631444,1,0,1,0,0
1,12.567372599608944,5.133156850097763,1,0,1,1,0
0,14.192217032763349,6.0154349817981405,0,0,1,1,0
0,13.659321071860107,6.2634390812627645,0,0,1,1,0
1,13.087005650945736,6.6,1,1,0,0,0
1,13.040556189979265,6.586481270006911,1,1,0,0,0
1,11.591125609929524,6.917748780140954,0,1,1,0,0
0,13.456356872133776,6.421821563933113,0,0,1,1,0
0,13.352141697810868,6.343574906567397,0,0,1,1,0
0,12.2,5.892894638566432,1,1,0,1,0
0,13.372079497141163,6.463960251429419,0,0,1,1,0
0,13.06447826920986,6.923681153860094,1,0,0,1,0
1,12.074563426156203,6.450523888612553,1,0,0,1,0
0,12.250920053724624,5.64723983882613,1,1,0,1,0
0,13.461423482809384,6.322846965618767,0,0,1,1,0
1,13.738492496436775,6.353835834521075,1,1,0,0,0
1,11.896132146665764,6.664641424001082,1,0,0,1,0
0,14.011254506422755,6.577749098715449,1,0,0,1,0
0,14.388671405039345,6.492447603359563,1,0,1,0,0
0,13.332130694936083,6.403607915191751,0,0,1,1,0
1,11.553865459668136,6.992269080663728,0,1,1,0,0
1,11.885484108170136,6.677419070195835,1,0,0,1,0
0,13.24194550924893,6.541945509248929,1,0,0,1,0
1,14.13786224264834,6.413586727945017,1,0,1,0,0
0,11.56105511903738,6.744220476149516,0,1,1,0,0
1,12.784551007531334,6.62303400502089,1,1,1,0,0
0,11.611393038486648,6.611393038486649,0,1,1,1,0
1,13.717890737656932,6.372843704937226,1,1,0,0,0
1,13.998617553105326,6.3,1,0,0,0,0
1,12.415187575957244,7.042406212021378,1,0,0,1,0
1,13.969782364524333,6.3,1,0,0,0,0
1,14.033441000003522,6.433441000003522,1,1,0,0,0
0,13.02851859406434,6.36425929703217,0,0,1,1,0
0,12.743295442788844,6.918901519070385,1,0,0,1,0
0,11.814408422157332,6.935734737026222,0,1,1,0,0
0,12.939984251674334,6.239984251674335,1,0,0,1,0
0,14.39793482397343,6.498623215982287,1,0,1,0,0
1,12.093784696485743,6.427458364217107,1,0,0,1,0
0,14.250346892059692,6.5,0,0,1,1,0
1,12.667691967706212,7.0,1,0,0,1,0
1,11.52610874588957,5.6686695049325175,1,1,1,0,0
0,13.372527091975838,6.645054183951677,0,0,0,1,0
0,14.039441155920708,6.459937906213412,0,0,1,1,0
1,14.116228286953378,6.348684860860135,1,0,1,0,0
0,13.458293706228636,6.316587412457273,0,0,1,1,0
1,14.196933314075904,6.590799942227713,1,0,1,0,0
1,12.59620576062074,5.125948559844814,1,0,1,1,0
0,13.373671668569594,6.5,0,0,1,1,0
0,14.150422060805973,5.842495376452023,0,0,1,1,0
0,13.804929219940428,6.6190141560119145,1,0,0,1,0
1,12.877831682819284,6.762891089574288,1,1,0,0,0
1,13.078758878876156,6.573747040374614,1,1,0,0,0
1,11.577597075100815,6.94480584979837,0,1,1,0,0
1,14.507214367394765,5.567014138689423,1,0,1,0,0
1,12.50342490796467,7.0,1,0,0,1,0
0,12.313857987869376,5.865061707353929,1,1,0,1,0
1,12.35616669847689,5.185958325380777,1,0,1,1,0
1,12.057090753540228,7.019030251180076,1,0,0,1,0
1,12.09535777595644,5.167182469338173,1,0,1,1,0
0,13.054388907032637,6.815203697655788,1,0,0,1,0
0,12.969953535208251,6.334976767604125,0,0,1,1,0
0,13.68055811717284,6.643888376565433,1,0,0,1,0
0,12.80629696157038,6.897901012809873,1,0,0,1,0
0,13.240897423293486,6.470448711646743,0,0,1,1,0
0,13.486821983901615,6.406589008049192,0,0,1,1,0
1,12.820541485897936,7.01783405640825,1,1,1,0,0
1,14.355938554272658,5.839310602309215,1,0,1,0,0
1,14.14903588334912,6.211735409971583,1,0,1,0,0
1,14.19339281794553,6.58017845383659,1,0,1,0,0
1,12.744683507791024,6.932974738313461,1,1,1,0,0
1,12.582602104651968,5.139132631782678,1,0,1,1,0
0,12.2,5.8074657554290985,1,1,0,1,0
0,13.58044845319031,6.355306414894272,0,0,1,1,0
0,13.098732697177937,6.399366348588968,0,0,1,1,0
0,13.3524460600901,6.342661819729706,0,0,1,1,0
1,11.511917933070364,7.07616413385927,0,1,1,0,0
1,12.565100180571228,7.0,1,0,0,1,0
1,11.938714018214837,5.246238006071612,1,0,1,1,0
1,12.23068002851352,5.270661807813266,1,0,1,1,0
0,13.300583436770648,6.501166873541293,0,0,0,1,0
0,14.277493859017348,6.4183292393448985,1,0,1,0,0
1,12.826891986532916,7.032770033667708,1,1,0,0,0
0,13.333478857302042,6.483260571348979,0,0,1,1,0
0,13.042916705880094,6.371458352940047,0,0,1,1,0
1,12.9,6.897825948083859,1,1,1,0,0
0,14.122574484899031,6.315049656599356,1,0,1,0,0
1,12.7,5.535026437546183,1,0,1,1,0
1,13.973063963776577,6.373063963776577,1,1,0,0,0
0,14.18108170846842,6.354054472312279,1,0,1,0,0
1,14.424646565023943,5.715636182956903,1,0,1,0,0
0,13.849751098749286,6.438861233194365,0,0,1,1,0
0,13.377442557683352,6.461278721158324,0,0,1,1,0
1,12.741647849539923,6.937528225690115,1,1,1,0,0
0,14.237117164196851,6.5,0,0,1,1,0
1,11.9,5.246753482277811,0,1,1,1,0
0,12.964350677735895,6.845216440754702,1,0,0,1,0
1,12.801195145776646,6.63413009718443,1,1,1,0,0
1,14.241881208168111,6.016237583663778,1,0,1,0,0
0,13.399661470404528,6.699322940809053,0,0,0,1,0
1,12.414030949468486,5.203988745647822,1,0,1,1,0
0,14.164458582733769,6.342972388489178,1,0,1,0,0
0,13.42247898690608,6.43876050654696,0,0,1,1,0
0,11.933359954831449,6.955559992471908,0,1,1,0,0
1,11.66662049052291,5.475774367082578,1,0,1,1,0
1,14.297419725035873,5.905160549928262,1,0,1,0,0
0,13.29460618302281,6.594606183022808,1,0,0,1,0
1,12.211021210678414,5.277810468844213,1,0,1,1,0
0,13.238139975198155,6.469069987599077,0,0,1,1,0
1,12.928944794155216,6.671055205844785,1,1,0,0,0
1,12.006557412991476,5.101008832767919,1,1,1,0,0
1,14.188844721347744,6.566534164043235,1,0,1,0,0
0,14.27804705666423,6.486449672962692,0,0,1,1,0
1,13.202884690433931,6.6,1,1,0,0,0
0,12.2,5.9506907388905415,1,1,0,1,0
1,11.975271786936494,5.258423928978831,1,0,1,1,0
1,11.51738224571762,7.08261775428238,1,0,0,1,0
0,13.395276372631027,6.690552745262058,0,0,0,1,0
0,14.38529382384342,6.490195882562279,1,0,1,0,0
0,13.59645093337262,6.660709813325476,1,0,0,1,0
1,11.929569972528109,5.380156373626143,1,0,1,1,0
0,13.924883401172648,6.5,0,0,1,1,0
1,11.976392613831452,5.238196306915726,0,1,1,1,0
1,11.947126873395002,5.183652569622778,1,0,1,1,0
0,11.917498985283649,6.416500202943271,0,1,1,1,0
1,12.06771755163981,5.283858775819905,0,1,1,1,0
1,12.071810676875542,5.243621353751083,1,1,1,0,0
0,13.319974332069556,6.53994866413911,0,0,0,1,0
1,14.179216348642845,6.141567302714311,1,0,1,0,0
1,14.266985462270672,5.999426167912792,1,0,1,0,0
1,11.884366600708308,5.284366600708307,1,0,1,1,0
1,14.066266612315708,6.3,1,0,0,0,0
0,12.806510053599997,7.095659964266669,1,0,0,1,0
0,12.762481004771328,6.9125063317428905,1,0,0,1,0
1,12.978176650707663,6.629097799056448,1,1,0,0,0
1,14.173282318743247,6.153435362513503,1,0,1,0,0
0,13.34852170147322,6.354434895580344,0,0,1,1,0
1,12.187975630318222,5.270674789893926,1,0,1,1,0
1,14.101978235608025,6.305934706824071,1,0,1,0,0
0,13.20138358013617,6.501383580136171,1,0,0,1,0
1,12.066507125868736,5.233014251737474,1,1,1,0,0
0,13.159374358814214,6.459374358814214,1,0,0,1,0
1,13.081520320397814,6.6,1,1,0,0,0
0,13.327793160034522,6.416620519896433,0,0,1,1,0
1,13.591688777849669,6.402770407383444,1,1,0,0,0
1,12.228178815978689,6.952817881597869,1,0,0,1,0
0,13.567136789184335,6.666572642163133,1,0,0,1,0
1,11.632742123177964,5.450886815233052,1,0,1,1,0
1,12.328876696913868,5.141235922565126,1,0,1,1,0
1,14.030000893367136,6.3,1,0,0,0,0
0,12.891760173100812,7.038826551266125,1,0,0,1,0
0,11.54126562486939,6.665062499477555,0,1,1,0,0
0,13.373276568109342,6.6465531362186825,0,0,0,1,0
0,12.93895123427984,6.31947561713992,0,0,1,1,0
1,11.933176797584215,5.291705800603946,1,0,1,1,0
1,14.159767004239397,6.192419392369089,1,0,1,0,0
1,13.263224144964031,6.554710342014387,1,1,0,0,0
0,12.55299894216716,5.795165432528351,1,1,0,1,0
0,12.980482115988288,6.979678589341142,1,0,0,1,0
0,13.384021470253844,6.457989264873078,0,0,1,1,0
0,13.830592223314431,6.116635237159056,0,0,1,1,0
1,14.133326495964278,6.2400123072643,1,0,1,0,0
1,12.068947746606955,7.087579098642783,0,1,1,0,0
1,11.9,5.208600389773473,0,1,1,1,0
1,13.211600429054515,6.529466523648495,1,1,0,0,0
1,14.270230891424024,5.9935843954367565,1,0,1,0,0
0,14.0857331015525,6.5628533796895,1,0,0,1,0
0,13.1972788091819,6.448639404590949,0,0,1,1,0
1,11.914046243931082,6.643144507282701,1,0,0,1,0
1,11.95144697021044,6.931430871276305,1,0,0,1,0
1,12.7,5.287043119585031,1,0,1,1,0
1,12.974235976997685,6.634352030669754,1,1,0,0,0
1,12.10868984238192,7.036229947460639,1,0,0,1,0
1,14.16549285066028,6.496478551980845,1,0,1,0,0
1,12.24842205417184,6.954842205417184,1,0,0,1,0
0,13.718285153116469,6.636342969376707,1,0,0,1,0
0,14.345722650581283,6.463815100387523,1,0,1,0,0
0,13.392574026160723,6.685148052321447,0,0,0,1,0
1,13.989507201004626,6.3,1,0,0,0,0
0,11.551445029898888,6.948554970101112,0,1,1,0,0
0,11.650641853781147,5.972753511765982,0,1,1,1,0
1,11.870581022513187,5.270581022513186,1,0,1,1,0
1,11.96308407060546,6.932885508825683,1,0,0,1,0
1,14.18321999477912,6.583219994779118,1,1,0,0,0
0,12.901800734050264,6.201800734050264,1,0,0,1,0
1,14.127555184195597,6.3826655525867935,1,0,1,0,0
0,11.532308793311714,6.629235173246856,0,1,1,0,0
1,12.74077950116615,6.945627331778466,1,1,0,0,0
0,13.307824649294623,6.515649298589245,0,0,0,1,0
1,12.060020951813076,5.220041903626154,1,1,1,0,0
1,11.964687247231913,5.170625505536176,1,1,1,0,0
0,13.38883073854588,6.703723087151373,1,0,0,1,0
0,12.964919224050991,6.990053850632672,1,0,0,1,0
0,14.16187113395374,6.547625773209252,1,0,0,1,0
1,13.05480355626242,6.6,1,1,0,0,0
1,11.93581109693325,5.1770266836801,1,1,1,0,0
1,11.674691669411107,5.387962495883337,1,0,1,1,0
1,12.088109275668623,5.322505717938681,1,0,1,1,0
1,12.734146850928788,6.954470865428281,1,1,0,0,0
1,12.532891295684864,5.155702901438378,1,0,1,1,0
0,13.480635129643082,6.361270259286162,0,0,1,1,0
0,12.94304869035953,6.24304869035953,1,0,0,1,0
1,12.578045239573155,7.0,1,0,0,1,0
1,11.714440050846244,6.90180500635578,1,0,0,1,0
1,11.987229428316937,6.935903678539617,1,0,0,1,0
1,12.441885772164278,5.167982426486812,1,1,1,0,0
1,12.04114773322862,5.10633042049671,1,1,1,0,0
1,12.556956306959547,7.0,1,0,0,1,0
1,13.09902827194624,6.6,1,1,0,0,0
0,14.144131848818189,6.471570205424243,0,0,1,1,0
0,13.330183546154032,6.484908226922984,0,0,1,1,0
0,12.56868544063318,5.813466347405376,1,1,0,1,0
1,12.991634828849945,6.608365171150058,1,1,0,0,0
0,12.410170474401047,5.582627855800785,1,1,0,1,0
0,12.996979681967083,6.348489840983542,0,0,1,1,0
1,14.048811227709365,6.3,1,0,0,0,0
0,13.879032651536914,6.5,0,0,1,1,0
0,12.30722135316321,5.505416014872408,1,1,0,1,0
0,13.772410689340497,6.166505123422431,0,0,1,1,0
0,13.145581732641627,6.869612178238914,1,0,0,1,0
1,13.283825501323204,6.505391499558932,1,1,0,0,0
0,12.281982550312367,5.554052349062902,1,1,0,1,0
0,12.68255516695711,5.946314361449962,1,1,0,1,0
1,11.505055043412712,7.089889913174575,0,1,1,0,0
1,13.999964940179456,6.3,1,0,0,0,0
1,12.449679670612564,7.025160164693718,1,0,0,1,0
0,13.357622825322048,6.615245650644096,0,0,0,1,0
1,11.825994843138805,5.292506446076495,0,1,1,1,0
1,11.584085647775812,6.931828704448372,0,1,1,0,0
0,13.056615277126593,6.928923148582272,1,0,0,1,0
0,13.666859640968816,6.418539960107647,0,0,1,1,0
1,14.192083290178031,6.134250077679544,1,0,1,0,0
1,11.809628491205972,5.380743017588056,0,1,1,1,0
0,13.343259206469648,6.586518412939296,0,0,0,1,0
0,13.489157402271683,6.378314804543367,0,0,1,1,0
1,14.255282515233642,6.020491472579446,1,0,1,0,0
1,12.437093533775064,5.165726616556234,1,0,1,1,0
1,11.527546811118896,7.072453188881103,1,0,0,1,0
0,13.169481893738247,6.434740946869124,0,0,1,1,0
0,11.746022006553272,6.684516504914953,0,1,1,1,0
1,14.28918106567492,5.921637868650159,1,0,1,0,0
1,12.99974552766104,6.600636180847397,1,1,0,0,0
1,14.046763340943802,6.3,1,0,0,0,0
1,13.913970684221486,6.3,1,0,0,0,0
1,13.045440940915896,6.6,1,1,0,0,0
0,13.123117407843043,6.792294197385653,1,0,0,1,0
1,12.278991054523718,5.142921700695957,1,1,1,0,0
1,14.18542417430718,6.585424174307181,1,1,0,0,0
1,13.238568098840204,5.290548938283108,1,1,1,0,0
0,12.292191065195189,5.523426804414441,1,1,0,1,0
0,13.341556381037854,6.5831127620757055,0,0,0,1,0
1,13.906590835022929,6.3,1,0,0,0,0
0,11.566443050041377,6.267449324855182,0,1,1,1,0
1,12.489825403642245,5.123352732928639,1,0,1,1,0
0,11.565747021090946,6.934252978909054,0,1,1,0,0
0,13.900248710468116,6.056929676741614,0,0,1,1,0
1,14.21459565193191,6.0708086961361785,1,0,1,0,0
0,13.117142090820698,6.888571939452868,1,0,0,1,0
1,12.016682776158303,7.066673110463322,0,1,1,0,0
1,12.7,5.207339923439627,1,0,1,1,0
1,12.138939482441035,5.304022006385078,1,0,1,1,0
0,13.52071306511176,6.402301451679085,0,0,1,1,0
1,14.092313394716095,6.3,1,0,0,0,0
1,12.586548316570935,7.0,1,0,0,1,0
0,13.263714165290793,6.563714165290793,1,0,0,1,0
1,14.312479251031872,6.064297570838931,1,1,0,0,0
1,14.155620166211706,6.46686049863512,1,0,1,0,0
0,13.316204131119475,6.4513876066415765,0,0,1,1,0
1,12.7,5.250457759429569,1,0,1,1,0
0,14.066774842494205,6.5,0,0,1,1,0
1,13.980388830443475,6.3,1,0,0,0,0
1,11.520642616775236,7.058714766449529,0,1,1,0,0
0,13.704649510332828,6.422738834481425,0,0,1,1,0
0,13.34297491090347,6.478512544548265,0,0,1,1,0
1,13.859596197063022,6.313467934312326,1,1,0,0,0
1,13.831750694314753,6.327299722274099,1,1,0,0,0
0,14.397705617325755,6.498470411550504,1,0,1,0,0
0,13.32892263168332,6.557845263366641,0,0,0,1,0
0,14.28612938463443,6.424086256422953,1,0,1,0,0
1,13.122101834710412,6.559299388429863,1,1,0,0,0
1,11.96476433161758,5.170471336764838,1,1,1,0,0
1,11.9263337231682,5.185962919647978,1,0,1,1,0
1,13.983858625998591,6.3,1,0,0,0,0
1,12.037122650037286,5.279040883345762,1,0,1,1,0
0,14.264669663804916,6.409779775869944,1,0,1,0,0
0,13.79510666395064,6.147051430899452,0,0,1,1,0
0,13.37717149378806,6.654342987576119,0,0,0,1,0
0,11.51999596766221,6.98000403233779,0,1,1,0,0
1,14.1354143811373,6.229171237725398,1,0,1,0,0
0,14.160210522192491,6.547957895561502,1,0,0,1,0
0,12.2,5.952567927413841,1,1,0,1,0
1,12.31385034692364,7.093074826538181,1,0,0,1,0
0,11.502561803140614,6.997438196859386,0,1,1,0,0
1,13.007144659436545,6.6,1,1,0,0,0
1,12.062962433420584,5.225924866841169,1,1,1,0,0
0,13.41142198242083,6.444289008789585,0,0,1,1,0
1,12.665549184041945,5.111483605319351,1,0,1,1,0
1,12.91798690718216,6.709350790423786,1,1,0,0,0
1,14.12331212295417,6.25337575409166,1,0,1,0,0
1,12.122055968972289,6.952756996121536,1,0,0,1,0
1,12.443780554894946,5.185406481701684,1,0,1,1,0
1,11.539766584205884,7.020466831588232,0,1,1,0,0
1,12.05323429235978,6.944154286544973,1,0,0,1,0
0,13.402975983994452,6.448512008002775,0,0,1,1,0
1,11.975185714403745,5.149628571192511,1,1,1,0,0
0,14.007743674171424,5.964791136424493,0,0,1,1,0
1,14.11430221460954,6.271395570780919,1,0,1,0,0
0,13.085169841936082,6.385169841936083,1,0,0,1,0
1,14.175189414248685,6.575189414248683,1,1,0,0,0
1,12.086891861167071,5.273783722334142,1,1,1,0,0
1,12.506766954840073,7.0,1,0,0,1,0
0,14.391422300085493,5.904765388841394,0,0,1,1,0
0,13.37083735906072,6.28748792281784,0,0,1,1,0
1,13.837728353722614,6.320757215425795,1,1,0,0,0
1,13.829477198601204,6.328209120559518,1,1,0,0,0
0,13.949826596716637,6.5,0,0,1,1,0
1,13.815230345201392,6.333907861919443,1,1,0,0,0
1,13.976303972061196,6.3,1,0,0,0,0
1,11.751729909049171,6.9051729909049175,1,0,0,1,0
0,13.052127455236125,6.3521274552361255,1,0,0,1,0
0,13.36893743618401,6.293187691447972,0,0,1,1,0
1,12.459201458517756,7.020399270741122,1,0,0,1,0
1,14.14072681600572,6.422180448017163,1,0,1,0,0
1,12.908038005582226,6.829904986044436,1,1,0,0,0
0,13.63500930502345,6.415001033891495,0,0,1,1,0
0,13.31935678048492,6.441929658545239,0,0,1,1,0
1,11.90785804234702,6.920785804234702,1,0,0,1,0
1,11.642453809913166,5.725705832651959,1,1,1,0,0
0,14.10216459416269,6.301443062775127,1,0,1,0,0
1,11.704711409234536,5.358814317942443,1,0,1,1,0
0,13.221606295448936,6.460803147724468,0,0,1,1,0
0,14.186232863938423,6.35748857595895,1,0,1,0,0
1,12.9,7.0377305857308485,1,1,1,0,0
1,12.954794509609895,6.645205490390103,1,1,0,0,0
0,12.04164672220918,7.041646722209181,0,1,1,1,0
1,12.08355218729546,5.29177609364773,0,1,1,1,0
1,14.138006802621778,6.414020407865333,1,0,1,0,0
1,14.189401111735274,6.121197776529453,1,0,1,0,0
0,13.385372344796256,6.457313827601872,0,0,1,1,0
1,13.976147611976078,6.3,1,0,0,0,0
1,12.293424933094666,5.1451750074339255,1,0,1,1,0
1,14.10575018618841,6.3172505585652265,1,0,1,0,0
1,14.151705221725296,6.455115665175888,1,0,1,0,0
1,12.561711984904903,7.0,1,0,0,1,0
0,12.29069315390284,5.8,1,1,0,1,0
1,14.014530821085136,6.3,1,0,0,0,0
1,14.083299617611374,6.3,1,0,0,0,0
1,13.935775752314864,6.3,1,0,0,0,0
1,11.724392827028357,5.419508966214554,0,1,1,1,0
0,13.043625037441796,6.937583308372137,1,0,0,1,0
1,12.713854914470463,6.979217628294304,1,1,1,0,0
0,11.83720266031856,6.432559467936288,0,1,1,1,0
0,13.053267547904364,6.815577484031878,1,0,0,1,0
0,11.874880044158264,6.425023991168348,0,1,1,1,0
1,13.177593919242016,6.540802026919327,1,1,0,0,0
0,12.2994465429087,5.5027672854565095,1,1,0,1,0
1,14.476264050188808,5.622724709660146,1,0,1,0,0
0,12.123785297875452,6.987297549645909,0,1,1,0,0
1,12.464366506216052,5.178544497927982,1,0,1,1,0
1,11.717956285783114,6.901795628578312,1,0,0,1,0
0,13.86181273577918,6.08987479790356,0,0,1,1,0
1,11.630059184626507,5.739881630746986,0,1,1,1,0
1,12.95485241118628,6.660196785084958,1,1,0,0,0
0,11.96510862884381,6.848831471632858,0,1,1,1,0
1,12.7,5.532766069732944,1,0,1,1,0
1,12.329808044240837,7.085095977879583,1,0,0,1,0
0,13.162084202499354,6.462084202499355,1,0,0,1,0
1,12.44351042324295,5.128498841861894,1,0,1,1,0
1,13.834612397992696,6.321795867335768,1,1,0,0,0
1,12.98275283364682,6.643117915882947,1,1,0,0,0
1,13.982674182405876,6.3,1,0,0,0,0
0,13.350984360243238,6.650984360243237,1,0,0,1,0
0,13.1047176418063,6.896854905462468,1,0,0,1,0
0,13.81625058483256,6.1289280701435205,0,0,1,1,0
1,11.994056240241957,5.11188751951609,1,1,1,0,0
1,13.815527803437728,6.333788878624909,1,1,0,0,0
0,13.31142973264602,6.5,0,0,1,1,0
1,12.846249937548386,6.664166625032257,1,1,1,0,0
1,14.242169421805084,6.015661156389833,1,0,1,0,0
1,12.684655250022526,7.0,1,0,0,1,0
1,12.397753335270622,5.20990787808341,1,0,1,1,0
0,13.489193299088354,6.378386598176708,0,0,1,1,0
0,13.398222109589357,6.6964442191787095,0,0,0,1,0
0,13.478324556108015,6.684335088778397,1,0,0,1,0
1,14.18743230255409,6.125135394891821,1,0,1,0,0
0,12.694521660807762,6.935159446397413,1,0,0,1,0
1,11.81284110816363,6.93761370272121,1,0,0,1,0
0,13.42002986784291,6.439985066078545,0,0,1,1,0
0,13.344189762312716,6.58837952462543,0,0,0,1,0
1,14.137037078416512,6.537037078416513,1,1,0,0,0
1,12.959633370846262,6.640366629153738,1,1,0,0,0
0,13.31933658653371,6.441990240398871,0,0,1,1,0
1,11.60670231193535,6.993297688064648,1,0,0,1,0
1,14.122819361058973,6.258925150093852,1,0,1,0,0
0,14.37278962332451,6.481859748883005,1,0,1,0,0
0,14.392351294681486,5.904249280732508,0,0,1,1,0
0,11.889365626505787,6.948227604417632,0,1,1,0,0
0,14.369147180958246,6.506170563808351,1,0,0,1,0
0,13.027002379277832,6.948665080481446,1,0,0,1,0
0,12.20646390425712,5.967680478714393,1,1,0,1,0
0,13.358184281065515,6.470907859467243,0,0,1,1,0
1,13.222452777974455,6.6,1,1,0,0,0
1,12.265369961525924,6.970671245190741,1,0,0,1,0
0,13.333633663216984,6.744244224522012,1,0,0,1,0
1,12.7,5.6587063535457975,1,0,1,1,0
1,14.074080906239091,6.3,1,0,0,0,0
0,11.583822076952403,6.835288307809614,0,1,1,0,0
1,12.109384374456466,6.40873875065224,1,0,0,1,0
1,12.676052655825572,5.105986836043607,1,0,1,1,0
1,11.852010847129993,5.194221016985557,1,0,1,1,0
0,13.340304611367149,6.640304611367146,1,0,0,1,0
1,14.183871009132837,6.5516130273985045,1,0,1,0,0
0,13.422891834215706,6.438554082892147,0,0,1,1,0
1,11.861442812872207,5.261442812872207,1,0,1,1,0
0,12.488982977874551,5.720480140853643,1,1,0,1,0
1,12.851263391860412,6.97184152034897,1,1,0,0,0
0,13.148670697176993,6.783776434274336,1,0,0,1,0
0,13.360995293483615,6.621990586967232,0,0,0,1,0
1,12.415872313244863,7.042063843377568,1,0,0,1,0
1,12.577004707740798,6.98770047077408,1,0,0,1,0
1,13.150600645155622,6.549799784948125,1,1,0,0,0
1,11.84116732009121,5.195425853323199,1,0,1,1,0
1,14.128866396131285,6.386599188393848,1,0,1,0,0
0,13.422827759438189,6.245655518876378,0,0,1,1,0
0,13.49307036780422,6.3861407356084365,0,0,1,1,0
1,14.3709061573024,5.8123689168556805,1,0,1,0,0
1,14.184784179745307,6.55435253923593,1,0,1,0,0
1,12.82803771247153,6.829283050037958,1,1,0,0,0
1,12.810817721238225,7.056729115047113,1,1,1,0,0
0,14.293098380653568,6.428732253769046,1,0,1,0,0
1,14.485647312184875,5.965344393037213,1,1,0,0,0
1,12.7,5.562798579363308,1,0,1,1,0
0,11.629574402391466,6.904929067065245,0,1,1,0,0
0,12.232724409234942,5.701826772295174,1,1,0,1,0
1,11.76954867457845,6.9086935843223065,1,0,0,1,0
1,13.919878024918274,6.319878024918273,1,1,0,0,0
0,14.337728699218829,6.4584857994792175,1,0,1,0,0
0,13.44659251535766,6.29318503071532,0,0,1,1,0
0,13.48707021150243,6.406464894248785,0,0,1,1,0
0,14.1678004552381,6.028999747089945,0,0,1,1,0
0,11.57704880855461,6.808195234218442,0,1,1,0,0
1,13.135255133780902,6.554914955406366,1,1,0,0,0
0,13.3933048821655,6.686609764331,0,0,0,1,0
1,11.774389465174908,6.909298683146864,1,0,0,1,0
0,13.3864285922999,6.672857184599799,0,0,0,1,0
0,14.354403095032923,6.469602063355284,1,0,1,0,0
1,11.90965620403774,5.204828102018871,0,1,1,1,0
0,13.37466588171394,6.276002354858183,0,0,1,1,0
1,12.91416486341685,6.68583513658315,1,1,0,0,0
1,12.02515285048377,6.509816579419475,1,0,0,1,0
0,13.137335433865896,6.437335433865897,1,0,0,1,0
1,12.99597212892908,6.604027871070921,1,1,0,0,0
0,11.524907582762676,6.599630331050708,0,1,1,0,0
0,13.703053444058057,6.422561493784229,0,0,1,1,0
1,12.94660502824543,6.733487429386424,1,1,0,0,0
0,13.489238643852527,6.378477287705058,0,0,1,1,0
0,13.335042894103458,6.570085788206913,0,0,0,1,0
1,12.397745033927333,7.051127483036334,1,0,0,1,0
1,14.1604105406336,6.179178918732801,1,0,1,0,0
1,12.80813564402143,7.067457423914281,1,1,1,0,0
0,13.52733585100706,6.384813416107189,0,0,1,1,0
0,14.030249707535615,6.573950058492877,1,0,0,1,0
0,13.97344998622652,6.585310002754696,1,0,0,1,0
1,13.931043767996131,6.331043767996132,1,1,0,0,0
0,13.20696060640914,6.764346464530287,1,0,0,1,0
0,13.933561750046175,6.028375642817561,0,0,1,1,0
1,12.175697109061003,6.959462138632626,1,0,0,1,0
1,13.267926889432964,6.552829244226814,1,1,0,0,0
0,13.468483343157642,6.415758328421179,0,0,1,1,0
0,14.023196109398556,6.5,0,0,1,1,0
0,13.27474756543652,6.574747565436521,1,0,0,1,0
0,13.4269044256445,6.5,0,0,1,1,0
1,12.503317665454595,5.171520848925601,1,0,1,1,0
1,14.266811278469133,5.9997396987555645,1,0,1,0,0
1,11.9,5.276503993135834,0,1,1,1,0
1,13.976302446145484,6.3,1,0,0,0,0
0,13.060197823892404,6.3800989119462015,0,0,1,1,0
1,13.38536549823359,6.471544833922136,1,1,0,0,0
0,13.78867667241964,6.152562852211737,0,0,1,1,0
0,13.476335429689549,6.411832285155226,0,0,1,1,0
1,11.692649981065774,5.614700037868452,0,1,1,1,0
1,12.212088928754955,6.96401111609437,1,0,0,1,0
1,14.201494401296957,6.09701119740609,1,0,1,0,0
0,13.451265166813128,6.302530333626256,0,0,1,1,0
0,12.262964872320673,5.7222107660759765,1,1,0,1,0
1,14.041503674212263,6.3,1,0,0,0,0
0,13.234260882833595,6.467130441416797,0,0,1,1,0
1,11.842688840658848,6.728773391209382,1,0,0,1,0
1,12.181863886416618,6.321763336300057,1,0,0,1,0
0,13.271724985373533,6.742758338208823,1,0,0,1,0
0,12.549113006214837,5.8,1,1,0,1,0
0,11.931461204181913,6.931461204181912,0,1,1,1,0
1,14.156183851699137,6.556183851699136,1,1,0,0,0
0,11.58137484565997,6.825499382639883,0,1,1,0,0
0,13.30179862023298,6.732733793255673,1,0,0,1,0
1,14.182416302466688,6.547248907400064,1,0,1,0,0
0,13.707793847382916,6.638441230523417,1,0,0,1,0
1,14.083574167542608,6.483574167542607,1,1,0,0,0
1,14.081608374455088,6.3,1,0,0,0,0
0,12.2,5.984048988899904,1,1,0,1,0
1,14.233655093394807,6.032689813210387,1,0,1,0,0
1,13.603288383642887,6.398903872119037,1,1,0,0,0
1,14.109769973501905,6.280460052996194,1,0,1,0,0
1,13.95478049421379,6.3,1,0,0,0,0
0,13.539771727184108,6.5,0,0,1,1,0
0,12.806907712979696,7.095394858013536,1,0,0,1,0
0,14.262463877611587,6.408309251741058,1,0,1,0,0
0,12.93725800002929,7.00849466664714,1,0,0,1,0
0,14.199177437500689,5.800705053570839,0,0,1,1,0
0,12.971256221388131,6.271256221388133,1,0,0,1,0
1,12.951671318207596,6.720821704481007,1,1,0,0,0
1,13.803591293420906,6.332136235526365,1,1,0,0,0
1,11.626616417499912,6.973383582500088,1,0,0,1,0
0,13.300477025617813,6.500954051235625,0,0,0,1,0
0,11.533470626180945,6.633882504723782,0,1,1,0,0
1,11.986011367225627,5.127977265548742,1,1,1,0,0
1,11.622228922717136,5.491916755375587,1,0,1,1,0
1,14.006158999876073,6.3,1,0,0,0,0
0,13.36102159732452,6.31693520802644,0,0,1,1,0
0,13.481943967609906,6.363887935219812,0,0,1,1,0
0,11.875963890758948,6.781972918069211,0,1,1,1,0
1,14.19873411834044,6.59873411834044,1,1,0,0,0
1,13.96106603685324,6.3610660368532415,1,1,0,0,0
1,14.06988594794353,6.3,1,0,0,0,0
1,11.554776595359508,5.608705674400822,1,0,1,1,0
0,14.100786379775569,6.3005242531837125,1,0,1,0,0
1,12.45287561502798,5.161781096243004,1,0,1,1,0
1,11.554206189650314,6.991587620699371,0,1,1,0,0
0,13.329035798762376,6.558071597524752,0,0,0,1,0
1,11.760925426768685,6.906092542676869,1,0,0,1,0
0,12.822813007853131,6.892395664048957,1,0,0,1,0
0,13.36889482309044,6.63778964618088,0,0,0,1,0
0,12.94104128555102,6.320520642775509,0,0,1,1,0
1,11.9,5.241440064773633,0,1,1,1,0
0,12.2,5.831318452041287,1,1,0,1,0
0,13.490665430432887,6.404667284783557,0,0,1,1,0
0,13.366723903018018,6.299828290945949,0,0,1,1,0
1,11.77333032033644,5.240004519495338,1,0,1,1,0
0,12.2,5.932705068109701,1,1,0,1,0
0,13.367007817895646,6.634015635791291,0,0,0,1,0
0,12.80691751612284,6.146810009213052,1,1,0,1,0
0,13.189980284563044,6.4449901422815215,0,0,1,1,0
0,13.248841216069328,6.750386261310225,1,0,0,1,0
1,11.761544280176793,6.907693035022099,1,0,0,1,0
1,12.798521116188976,6.852218325716536,1,1,1,0,0
1,13.104287632649749,6.6,1,1,0,0,0
1,11.905972454568053,5.235324151522684,1,0,1,1,0
1,14.287622263329633,5.924755473340735,1,0,1,0,0
0,13.328020560683608,6.41593831794918,0,0,1,1,0
0,13.33269746700732,6.483651266496341,0,0,1,1,0
0,13.37972941161006,6.260811765169818,0,0,1,1,0
0,13.22926639516352,6.464633197581759,0,0,1,1,0
0,13.153051618814866,6.782316127061712,1,0,0,1,0
1,12.569192411240316,5.143602529586561,1,0,1,1,0
1,11.820518458812096,6.755377849425485,1,0,0,1,0
1,14.042087161648174,6.3,1,0,0,0,0
0,13.07291032048297,6.37291032048297,1,0,0,1,0
0,13.62611463023562,6.654777073952876,1,0,0,1,0
0,12.667159747294308,5.8,1,1,0,1,0
1,11.92021669232902,6.635739969205177,1,0,0,1,0
0,11.593026508263817,6.872106033055271,0,1,1,0,0
1,12.059205395805522,5.171199400466053,1,0,1,1,0
0,13.478391965021515,6.356783930043029,0,0,1,1,0
1,12.623004177806097,7.0,1,0,0,1,0
0,14.247421854892792,5.984765636170671,0,0,1,1,0
0,11.902645596974033,6.9504409328290055,0,1,1,0,0
0,11.60229384744794,6.602293847447941,0,1,1,1,0
1,12.968970668756276,6.641372441658298,1,1,0,0,0
0,12.04470799563382,7.04470799563382,0,1,1,1,0
0,12.501656762014816,6.999447745995061,1,0,0,1,0
0,11.894824623224425,6.894824623224426,0,1,1,1,0
1,11.912929283924996,5.206464641962498,0,1,1,1,0
1,11.545150100304983,7.009699799390034,0,1,1,0,0
1,13.934439457379982,6.334439457379983,1,1,0,0,0
1,14.167722558140564,6.178099395346984,1,0,1,0,0
1,13.94463864393514,6.3,1,0,0,0,0
0,12.856029710779062,6.148701329242239,1,1,0,1,0
0,13.31623047593903,6.491884762030486,0,0,1,1,0
1,14.303320250578404,6.0695312853837695,1,1,0,0,0
1,11.596809012430253,6.906381975139495,0,1,1,0,0
1,12.21392195179843,5.154008672022397,1,0,1,1,0
1,14.178005928313556,6.143988143372891,1,0,1,0,0
1,11.776929324509547,5.23845112581742,1,0,1,1,0
0,13.330829658212464,6.561659316424931,0,0,0,1,0
0,13.48675820471544,6.406620897642281,0,0,1,1,0
1,12.978446071319755,6.6215539286802425,1,1,0,0,0
0,13.359172745944049,6.322481762167854,0,0,1,1,0
0,12.257416492451368,5.712917537743163,1,1,0,1,0
0,11.597578519446806,6.890314077787228,0,1,1,0,0
0,14.316877029017228,6.444584686011485,1,0,1,0,0
1,12.916806590251891,6.693277363899244,1,1,0,0,0
0,13.601082295602414,6.313358032340789,0,0,1,1,0
1,13.419439232277494,6.460186922574168,1,1,0,0,0
0,13.328292250249955,6.5565845004999135,0,0,0,1,0
0,12.334917500224549,5.8,1,1,0,1,0
0,11.52816998195802,6.612679927832077,0,1,1,0,0
0,14.087470920690144,6.5,0,0,1,1,0
1,12.358375769637508,7.070812115181246,1,0,0,1,0
0,13.37730385947647,6.5,0,0,1,1,0
1,12.820316093531533,7.018735625873875,1,1,1,0,0
1,12.44454201932644,7.0277289903367794,1,0,0,1,0
0,13.144005175492294,6.870663216338471,1,0,0,1,0
0,13.77610912917767,6.624778174164466,1,0,0,1,0
0,13.304245543572536,6.508491087145073,0,0,0,1,0
1,11.971862170785563,5.257287390261855,1,0,1,1,0
1,12.306708635555209,6.975838579444401,1,0,0,1,0
1,14.104878181759872,6.314634545279616,1,0,1,0,0
1,12.88618897040579,6.751748039458946,1,1,0,0,0
0,13.838372529323935,6.109966403436626,0,0,1,1,0
0,13.76171054875953,6.42907894986217,0,0,1,1,0
0,13.20077541558216,6.45038770779108,0,0,1,1,0
0,12.348363916588246,5.556424569352953,1,1,0,1,0
0,13.333586947778892,6.633586947778893,1,0,0,1,0
1,12.588946730084334,7.0,1,0,0,1,0
0,13.85969029216129,6.608061941567742,1,0,0,1,0
0,13.358437779007645,6.61687555801529,0,0,0,1,0
0,12.930625541861762,6.3153127709308805,0,0,1,1,0
1,11.991954931614655,5.11609013677069,1,1,1,0,0
1,12.057229874938017,6.47132415007438,1,0,0,1,0
1,14.108643743594197,6.325931230782588,1,0,1,0,0
1,13.084883962185438,6.571705345938187,1,1,0,0,0
1,13.400440989845212,6.499823604061916,1,1,0,0,0
1,12.105647575648328,6.940564757564833,1,0,0,1,0
1,12.055840068892646,5.211680137785293,1,1,1,0,0
0,13.488428925824424,6.405785537087788,0,0,1,1,0
1,11.782453746678916,5.4807059433118965,1,1,1,0,0
0,14.193337221927957,6.541332555614409,1,0,0,1,0
0,13.74404375972484,6.264420133486199,0,0,1,1,0
0,11.58794318383166,6.85177273532664,0,1,1,0,0
1,11.905259273196776,5.289481453606449,1,1,1,0,0
1,12.159293222392334,5.160078530845296,1,0,1,1,0
0,13.383381771567658,6.666763543135317,0,0,0,1,0
1,11.958545897722834,6.9323182372153545,1,0,0,1,0
0,12.964886141273109,6.845037952908965,1,0,0,1,0
0,14.238652773430204,6.5,0,0,1,1,0
1,12.560431310884764,7.0,1,0,0,1,0
1,12.552145456641965,5.136963635839509,1,0,1,1,0
0,14.027488876640133,6.574502224671973,1,0,0,1,0
0,12.245612764444006,5.771936177779967,1,1,0,1,0
1,11.804640456513717,5.441879201100998,1,1,1,0,0
1,12.855321424306096,6.792904767591871,1,1,0,0,0
1,11.61581226828582,5.76837546342836,0,1,1,1,0
1,12.98475321526447,6.615246784735528,1,1,0,0,0
0,14.263672526957476,6.40911501797165,1,0,1,0,0
0,11.590783715830169,6.909216284169832,0,1,1,0,0
1,12.259583416738588,5.139935910267474,1,1,1,0,0
0,13.390016755827958,6.703327748057348,1,0,0,1,0
1,11.868924720752084,7.007569888300834,0,1,1,0,0
1,12.687626907801162,7.0,1,0,0,1,0
1,11.9,5.403070785392902,0,1,1,1,0
1,14.411251089891262,5.739748038195726,1,0,1,0,0
0,13.579444629536116,6.408827181059569,0,0,1,1,0
0,12.2,5.937861463057794,1,1,0,1,0
1,12.068185342142865,5.329750784675322,1,0,1,1,0
1,12.269567283259017,5.207608179185246,1,0,1,1,0
0,13.34780682328704,6.7173977255709865,1,0,0,1,0
1,11.971506552384533,6.574192137138559,1,0,0,1,0
0,14.09973451895474,6.5,0,0,1,1,0
0,12.241412032127393,5.851527807235657,1,1,0,1,0
0,12.09445368996946,7.094453689969462,0,1,1,1,0
0,14.373837733508784,6.482558489005855,1,0,1,0,0
1,12.20390091485352,7.06796697161784,1,0,0,1,0
0,12.2,6.05450954407466,1,1,0,1,0
1,11.980707843116893,6.563150588259729,1,0,0,1,0
1,12.528469794131034,7.0,1,0,0,1,0
1,12.968577136726667,6.678557158183329,1,1,0,0,0
0,11.654737361107898,6.654737361107898,0,1,1,1,0
1,13.98529254016748,6.3,1,0,0,0,0
1,14.16197113400129,6.485913402003872,1,0,1,0,0
0,13.533420553215445,6.673315889356912,1,0,0,1,0
0,13.348517837607496,6.475741081196253,0,0,1,1,0
0,12.73305183949823,6.005227146081269,1,1,0,1,0
0,12.940879748857224,6.240879748857223,1,0,0,1,0
1,12.041644145970752,6.934164414597076,1,0,0,1,0
1,12.896014160539796,6.738647785946938,1,1,0,0,0
0,13.331976380371689,6.563952760743378,0,0,0,1,0
1,13.456539600266376,6.447820133244542,1,1,0,0,0
1,12.08095792473563,5.168782452807152,1,0,1,1,0
0,14.25772810720832,6.405152071472214,1,0,1,0,0
0,12.221635639167358,5.735093082497921,1,1,0,1,0
0,13.818851793678352,6.435427977075372,0,0,1,1,0
1,13.271117041432314,6.551553183427075,1,1,0,0,0
1,12.056327668879918,5.285442556293306,1,0,1,1,0
1,12.177740058719786,5.158028882364468,1,0,1,1,0
0,13.37110358971196,6.70963213676268,1,0,0,1,0
1,13.990505258102337,6.390505258102336,1,1,0,0,0
0,14.22404596583712,6.38269731055808,1,0,1,0,0
1,12.7,5.688161886399592,1,0,1,1,0
1,13.909313482302824,6.3,1,0,0,0,0
1,12.23745415487187,5.254181948376044,1,0,1,1,0
0,12.23326775052233,5.900393496866016,1,1,0,1,0
1,14.251981524904965,6.026433255171063,1,0,1,0,0
1,12.667699780390594,5.110766739869802,1,0,1,1,0
1,14.084393703859352,6.484393703859351,1,1,0,0,0
0,13.35102809357136,6.47448595321432,0,0,1,1,0
1,14.057300906117428,6.3,1,0,0,0,0
0,11.506982813772474,6.527931255089899,0,1,1,0,0
0,11.54173574534138,6.666942981365525,0,1,1,0,0
0,13.473191167276807,6.413404416361597,0,0,1,1,0
0,12.9807314051012,6.280731405101201,1,0,0,1,0
0,13.348318088170778,6.475840955914611,0,0,1,1,0
0,13.163892770926635,6.778702409691121,1,0,0,1,0
0,11.663500418916753,5.927748533791365,0,1,1,1,0
0,13.413735219395324,6.443132390302338,0,0,1,1,0
1,13.815299185318684,6.333880325872526,1,1,0,0,0
1,11.660398257701376,6.939601742298622,1,0,0,1,0
0,11.506863061198484,6.993136938801515,0,1,1,0,0
1,13.25396342911164,6.515345523629453,1,1,0,0,0
1,12.93970017520102,6.7507495619974485,1,1,0,0,0
1,14.124399979130338,6.251200041739325,1,0,1,0,0
0,11.58974192603797,6.185903258867107,0,1,1,1,0
1,12.047430635916616,6.943428829489577,1,0,0,1,0
0,13.486086969606925,6.406956515196538,0,0,1,1,0
0,13.383959232195716,6.248122303412853,0,0,1,1,0
1,14.113179463490862,6.2736410730182754,1,0,1,0,0
0,13.249179076774984,6.549179076774982,1,0,0,1,0
0,13.31228588775562,6.49385705612219,0,0,1,1,0
0,13.489026250328898,6.378052500657796,0,0,1,1,0
1,14.106324424142702,6.318973272428105,1,0,1,0,0
0,12.622872010636032,5.876684012408704,1,1,0,1,0
1,12.0829661532092,5.112764023570646,1,1,1,0,0
0,13.846393756163694,6.207559024353504,0,0,1,1,0
1,12.9,7.023273505013062,1,1,1,0,0
0,13.686068942298506,6.642786211540299,1,0,0,1,0
1,11.790154763547251,5.351814283743297,1,1,1,0,0
1,12.96757217621514,6.681069559462151,1,1,0,0,0
1,12.7,5.685561208109937,1,0,1,1,0
1,11.868309166306604,5.268309166306604,1,0,1,1,0
0,13.398970826839744,6.697941653679487,0,0,0,1,0
0,11.825999144824957,6.4348001710350085,0,1,1,1,0
1,11.683456495919357,5.374815256120967,1,0,1,1,0
1,13.136128239360636,6.6,1,1,0,0,0
0,13.207698835631444,6.764100388122852,1,0,0,1,0
0,12.2,5.993065108439327,1,1,0,1,0
1,11.60630435432314,5.78739129135372,0,1,1,1,0
1,12.323416218489731,5.14184264239003,1,0,1,1,0
0,11.548118792334876,6.951881207665122,0,1,1,0,0
0,14.176768408509645,6.544646318298071,1,0,0,1,0
0,13.589954931610572,6.409994992401175,0,0,1,1,0
0,13.880917675908654,6.603816464818269,1,0,0,1,0
1,12.74036951853791,6.939445722193135,1,1,1,0,0
0,13.37977236683598,6.260682899492063,0,0,1,1,0
1,12.332525946443123,5.222491351185625,1,0,1,1,0
0,11.700541450293557,6.700541450293557,0,1,1,1,0
1,14.10546980018628,6.316409400558845,1,0,1,0,0
1,11.694138405882947,5.63525778970484,1,1,1,0,0
1,12.012657353648224,6.939082169206029,1,0,0,1,0
1,12.699390218392482,7.0,1,0,0,1,0
0,13.35109085630764,6.47445457184618,0,0,1,1,0
1,13.96243774735446,6.3,1,0,0,0,0
1,12.909142593728577,6.690857406271425,1,1,0,0,0
1,11.59449768963994,6.911004620720118,0,1,1,0,0
1,11.853573465195169,5.194047392756093,1,0,1,1,0
1,14.166187747217466,6.498563241652399,1,0,1,0,0
0,13.02119739480207,6.360598697401034,0,0,1,1,0
0,11.85430249093235,6.942383748488725,0,1,1,0,0
0,13.451966760619095,6.303933521238192,0,0,1,1,0
1,11.9,5.2630580282620105,0,1,1,1,0
0,13.31778857603068,6.535577152061361,0,0,0,1,0
1,11.789705418764877,5.337868226543904,0,1,1,1,0
1,11.51354826844533,7.07290346310934,0,1,1,0,0
1,14.176426554599868,6.147146890800265,1,0,1,0,0
1,12.153213989575631,6.35614321250924,1,0,0,1,0
0,12.96445937206594,6.264459372065938,1,0,0,1,0
1,13.91171002997007,6.3,1,0,0,0,0
1,13.276824350541249,6.6,1,1,0,0,0
1,11.657695380441345,6.942304619558655,1,0,0,1,0
0,13.045635090696774,6.3456350906967725,1,0,0,1,0
0,12.226107377035458,5.869463114822709,1,1,0,1,0
1,11.507715024680383,7.092284975319616,1,0,0,1,0
1,14.228262291820656,6.043475416358687,1,0,1,0,0
0,12.47767102489458,5.707282862377009,1,1,0,1,0
1,13.908717463565509,6.3087174635655066,1,1,0,0,0
1,11.564113521904584,7.035886478095417,1,0,0,1,0
1,11.818579952138617,5.362840095722771,0,1,1,1,0
1,12.688775690321917,7.0,1,0,0,1,0
1,11.922334904505606,5.255330190988789,1,1,1,0,0
0,11.879042685407573,6.784282014055679,0,1,1,1,0
1,12.628057019915664,7.0,1,0,0,1,0
0,11.540216249987193,6.660864999948767,0,1,1,0,0
1,11.92382124889338,7.029528499557352,0,1,1,0,0
0,12.83859528003742,6.887134906654193,1,0,0,1,0
0,12.2,5.891482185815409,1,1,0,1,0
0,12.243048104884371,5.784759475578137,1,1,0,1,0
1,12.241296322839304,5.150967075240077,1,0,1,1,0
0,13.191937744307491,6.445968872153746,0,0,1,1,0
0,14.308076877120566,6.438717918080377,1,0,1,0,0
1,13.920073972145516,6.3,1,0,0,0,0
1,11.679445618738216,5.400923968769642,1,0,1,1,0
1,14.05129047862842,6.3,1,0,0,0,0
0,14.247985459928246,6.53040290801435,1,0,0,1,0
0,12.2,5.87221616217243,1,1,0,1,0
1,12.800820583045398,6.865572555939467,1,1,0,0,0
0,14.328449836944252,6.514310032611149,1,0,0,1,0
1,13.988807732608077,6.3,1,0,0,0,0
0,13.04065879958554,6.939560800276306,1,0,0,1,0
1,11.603163076778074,6.90126523071123,0,1,1,0,0
1,12.939981581974145,6.684007367210342,1,1,0,0,0
1,11.67079489572501,5.393807656412484,1,0,1,1,0
0,12.871059023189677,6.876313658936775,1,0,0,1,0
0,14.227629329450131,6.480847703272237,0,0,1,1,0
0,13.489765449533609,6.405117275233196,0,0,1,1,0
0,12.729112759730622,6.923629080089793,1,0,0,1,0
1,14.037060383504548,6.3,1,0,0,0,0
0,13.306072310410045,6.731309229863318,1,0,0,1,0
0,13.37203884542444,6.5,0,0,1,1,0
1,13.971241126734236,6.3,1,0,0,0,0
1,11.710613855509251,5.606425752858808,1,1,1,0,0
1,12.75787216317648,6.922837115764692,1,1,0,0,0
1,14.12379389300006,6.371381679000183,1,0,1,0,0
1,11.838375857173286,6.946125285724429,1,0,0,1,0
1,12.970895225486826,6.6291047745131735,1,1,0,0,0
1,12.730978338523828,6.587318892349218,1,1,1,0,0
0,12.799484976052756,6.900171674649082,1,0,0,1,0
0,13.962257511492922,6.451361945721436,0,0,1,1,0
1,14.2657989459775,6.090972030870001,1,1,0,0,0
0,13.33012230526382,6.56024461052764,0,0,0,1,0
1,12.374747039184934,7.062626480407533,1,0,0,1,0
0,12.834890179369587,6.124038542597851,1,1,0,1,0
0,13.27310594147062,6.742298019509794,1,0,0,1,0
1,12.61057292956764,7.0,1,0,0,1,0
0,12.227786716860225,5.716639849419329,1,1,0,1,0
1,13.217210046840709,6.6,1,1,0,0,0
1,14.44257519995418,5.989957028597612,1,1,0,0,0
1,12.896321681686777,6.859195795783062,1,1,0,0,0
0,13.911263866555888,6.047488114380669,0,0,1,1,0
1,12.653429268281611,6.535619512187743,1,1,1,0,0
0,12.994892081898817,6.2948920818988165,1,0,0,1,0
0,12.967743368680315,6.333871684340158,0,0,1,1,0
1,13.31639922655624,6.533440309377505,1,1,0,0,0
0,13.354107284509064,6.654107284509063,1,0,0,1,0
0,12.766469405792805,6.911176864735731,1,0,0,1,0
0,11.535618118081546,6.964381881918453,0,1,1,0,0
1,13.94257141829486,6.27567347526008,1,1,0,0,0
1,13.61930352291956,6.412278590832176,1,1,0,0,0
1,12.7,5.4589523356214285,1,0,1,1,0
0,13.005061207095684,6.352530603547842,0,0,1,1,0
1,13.036592900230728,6.6,1,1,0,0,0
0,13.848804366686569,6.101024828554371,0,0,1,1,0
0,13.03804595497295,6.369022977486475,0,0,1,1,0
0,14.2687017063192,6.4854113007021335,0,0,1,1,0
1,12.787332446711476,6.883556737718031,1,1,0,0,0
1,12.798201374949429,6.632134249966284,1,1,1,0,0
1,11.75393053807456,6.90674131725932,1,0,0,1,0
1,13.623796136029828,6.392067954656723,1,1,0,0,0
1,14.082126034360764,6.482126034360765,1,1,0,0,0
0,14.180685213175323,6.475631690352814,0,0,1,1,0
0,14.23863090674221,6.392420604494807,1,0,1,0,0
0,13.308440624698232,6.516881249396464,0,0,0,1,0
0,13.63867910687438,6.652264178625124,1,0,0,1,0
1,12.695525003967743,6.563683335978496,1,1,1,0,0
0,11.594164879296132,6.481167024140774,0,1,1,1,0
0,11.547246561776165,6.9527534382238345,0,1,1,0,0
1,14.142765722205809,6.214468555588383,1,0,1,0,0
0,13.34572552805425,6.591451056108501,0,0,0,1,0
1,14.199711930103478,6.100576139793045,1,0,1,0,0
1,14.104056824611908,6.183396100221767,1,1,0,0,0
0,11.504932864193714,6.995067135806285,0,1,1,0,0
1,11.705283420071542,5.342074869892687,1,0,1,1,0
0,12.673097730058643,5.779823297543983,1,1,0,1,0
0,12.200509874865327,5.997450625673357,1,1,0,1,0
1,12.989298320821163,6.626754197947086,1,1,0,0,0
0,11.642351893668764,6.907058648944794,0,1,1,0,0
0,13.366774568181064,6.633549136362124,0,0,0,1,0
1,11.9,5.27131347533722,0,1,1,1,0
1,12.065175250187348,7.086070100074939,0,1,1,0,0
1,12.226510807040365,5.257829730986545,1,0,1,1,0
1,12.041739503496212,6.489912595804546,1,0,0,1,0
0,13.077048270169616,6.377048270169617,1,0,0,1,0
0,12.34542376778712,5.883099295878354,1,1,0,1,0
1,14.490316542303107,5.597430223854408,1,0,1,0,0
1,11.889582284891455,6.672501258130253,1,0,0,1,0
1,12.32179041461477,7.089104792692615,1,0,0,1,0
1,12.80494102242476,7.08023591030096,1,1,1,0,0
1,12.31399477735074,7.093002611324629,1,0,0,1,0
0,11.532156137440396,6.62862454976158,0,1,1,0,0
0,13.223948255074893,6.461974127537446,0,0,1,1,0
0,12.2,5.971668611666335,1,1,0,1,0
1,11.916145025503797,5.26770994899241,1,1,1,0,0
1,12.03188238643718,6.501741136275383,1,0,0,1,0
1,12.7,5.6528484171105005,1,0,1,1,0
1,12.338689075475148,7.080655462262427,1,0,0,1,0
0,12.158068939567029,6.993011489927838,0,1,1,0,0
0,12.647886180264614,5.905867210308716,1,1,0,1,0
1,11.763043989890043,6.965217595956018,0,1,1,0,0
1,12.246281123248172,7.08209370774939,1,0,0,1,0
1,14.090783060773012,6.3,1,0,0,0,0
0,13.100560980755818,6.400560980755817,1,0,0,1,0
0,11.596268091297343,6.596268091297344,0,1,1,1,0
0,11.82709699678534,6.82709699678534,0,1,1,1,0
0,13.369316613782194,6.292050158653418,0,0,1,1,0
0,11.569692463316638,6.778769853266553,0,1,1,0,0
0,13.434295458364575,6.268590916729152,0,0,1,1,0
1,12.960500529962212,6.652665960050384,1,1,0,0,0
1,11.520251603259494,7.059496793481012,0,1,1,0,0
1,11.943179160059008,5.221589580029503,0,1,1,1,0
1,12.088521427963064,5.294260713981532,0,1,1,1,0
0,12.184962152285763,7.0137216142143215,0,1,1,1,0
0,12.944767479495937,7.00348834700271,1,0,0,1,0
1,12.900855197664711,6.732193069780384,1,1,0,0,0
0,12.38828188150253,5.566211411126897,1,1,0,1,0
1,12.68541996270048,5.104860012433173,1,0,1,1,0
1,11.893346366476091,5.208317041904884,0,1,1,1,0
1,14.361867080360977,6.0360759540794415,1,1,0,0,0
0,13.697130812955145,6.640573837408971,1,0,0,1,0
0,13.42941086289254,6.5,0,0,1,1,0
0,13.36817449858768,6.2954765042369605,0,0,1,1,0
0,13.33395853593035,6.567917071860699,0,0,0,1,0
1,13.043634238985389,6.6,1,1,0,0,0
1,12.647751677952968,7.0,1,0,0,1,0
1,12.157479138440625,6.351025033871249,1,0,0,1,0
0,13.364409331791435,6.628818663582873,0,0,0,1,0
0,13.404357353998602,6.208714707997205,0,0,1,1,0
1,14.08177172359466,6.481771723594661,1,1,0,0,0
0,13.764077093711858,6.173648205389835,0,0,1,1,0
1,12.894065347181437,6.696043564787622,1,1,1,0,0
1,11.9,5.2224056663045975,0,1,1,1,0
0,11.93507637886244,6.826307284146829,0,1,1,1,0
1,12.944100476648943,6.655899523351056,1,1,0,0,0
1,11.965539420851128,5.232769710425564,0,1,1,1,0
1,12.828631895428606,6.828490806095193,1,1,0,0,0
0,13.4349843554209,6.43250782228955,0,0,1,1,0
1,14.16537092367296,6.565370923672962,1,1,0,0,0
0,12.030930097094494,6.971821682849082,0,1,1,0,0
1,11.837370910450645,5.237370910450643,1,0,1,1,0
1,12.13986862332426,5.240032844168934,1,0,1,1,0
0,12.474241990342668,5.8,1,1,0,1,0
0,13.482007961937898,6.408996019031052,0,0,1,1,0
1,11.860413132022272,6.953471044007425,1,0,0,1,0
1,14.139914477358364,6.539914477358366,1,1,0,0,0
0,12.284304691904216,5.578476540478921,1,1,0,1,0
1,12.211720655309662,6.963965081913708,1,0,0,1,0
0,14.183152238104448,6.3554348254029644,1,0,1,0,0
0,14.182037370828818,6.354691580552545,1,0,1,0,0
0,11.5418386803288,6.353564618849198,0,1,1,1,0
0,13.308545387014949,6.517090774029896,0,0,0,1,0
1,13.916593670029824,6.290517902840101,1,1,0,0,0
0,11.675365286788615,6.675365286788617,0,1,1,1,0
1,12.939303152665504,5.244508177333154,1,1,1,0,0
1,11.869315755837436,5.269315755837437,1,0,1,1,0
0,13.375811535201722,6.651623070403443,0,0,0,1,0
1,11.633408523562762,5.533239345546547,0,1,1,1,0
0,11.505266392292793,6.481567626975223,0,1,1,1,0
1,13.08253536218966,6.6,1,1,0,0,0
1,11.52934776406138,5.6510870598977005,1,0,1,1,0
0,11.559055383548843,6.940944616451158,0,1,1,0,0
0,13.353310288465314,6.715563237178229,1,0,0,1,0
0,13.346510472628298,6.360468582115109,0,0,1,1,0
1,11.587849930882507,7.012150069117492,1,0,0,1,0
0,12.46398399629943,5.8,1,1,0,1,0
0,13.3897412979971,6.230776106008703,0,0,1,1,0
1,12.427258877104132,7.036370561447933,1,0,0,1,0
0,13.376309438996364,6.4618452805018185,0,0,1,1,0
0,11.581581632084571,6.826326528338296,0,1,1,0,0
1,11.642964245072532,5.435553632391203,1,0,1,1,0
0,13.600889952485517,6.343950026396937,0,0,1,1,0
1,14.132697412336498,6.398092237009493,1,0,1,0,0
1,13.721572528885046,6.359475823704985,1,1,0,0,0
0,12.435985816686962,5.658650119468121,1,1,0,1,0
1,12.042394939894248,5.184789879788496,1,1,1,0,0
1,12.341214361120487,5.1398650709866125,1,0,1,1,0
0,12.971721603906104,6.335860801953052,0,0,1,1,0
1,12.7,5.521345988214848,1,0,1,1,0
1,11.614923132277148,6.985076867722852,1,0,0,1,0
1,12.11018761754566,5.247453095613585,1,0,1,1,0
1,14.576693779850345,5.441951196269382,1,0,1,0,0
0,14.392908192052111,6.501418361589577,1,0,0,1,0
1,12.555921254104856,7.0,1,0,0,1,0
0,13.388543432159656,6.455728283920172,0,0,1,1,0
0,13.564364413015957,6.344830503129181,0,0,1,1,0
1,12.08563426267074,5.2712685253414815,1,1,1,0,0
1,12.92769617471638,6.7807595632090525,1,1,0,0,0
1,11.859103013147363,5.405780722491867,1,0,1,1,0
0,13.464390154661432,6.328780309322863,0,0,1,1,0
1,14.541675259959352,5.504984532073165,1,0,1,0,0
1,13.96775449914528,6.3,1,0,0,0,0
0,14.21211860780187,6.004378551221184,0,0,1,1,0
1,12.002018422459058,5.267339474153019,1,0,1,1,0
0,13.344410953838238,6.588821907676477,0,0,0,1,0
1,11.726756200301592,5.546487599396814,0,1,1,1,0
0,12.2,5.888851494886751,1,1,0,1,0
0,12.82988622980156,7.080075846798959,1,0,0,1,0
0,14.143082947381698,6.328721964921132,1,0,1,0,0
1,12.675237626448306,7.0,1,0,0,1,0
0,13.076318956681286,6.388159478340643,0,0,1,1,0
0,11.504655150211262,6.504655150211262,0,1,1,1,0
1,13.165933761752193,6.6,1,1,0,0,0
0,11.577757531802783,6.811030127211141,0,1,1,0,0
0,11.71752721663392,6.71752721663392,0,1,1,1,0
1,11.935631470972382,5.2126449257983305,1,1,1,0,0
1,14.111693689278958,6.17903217755488,1,1,0,0,0
0,13.069344574975304,6.369344574975304,1,0,0,1,0
1,12.236313172126724,5.151520758652586,1,0,1,1,0
1,11.82687370399132,5.197014032889854,1,0,1,1,0
0,13.405805031461886,6.447097484269057,0,0,1,1,0
1,11.93611512480098,6.616661850238821,1,0,0,1,0
1,12.42871036360449,6.991088795450561,1,0,0,1,0
1,11.889242145823037,5.289242145823037,1,0,1,1,0
1,12.707653476294691,6.989795364940411,1,1,0,0,0
1,14.005693667901577,6.3,1,0,0,0,0
0,13.378699611876664,6.657399223753326,0,0,0,1,0
1,12.903936194174213,6.696063805825787,1,1,0,0,0
0,11.875518549068012,6.945919758178002,0,1,1,0,0
0,12.063534655203906,6.9772557758673175,0,1,1,0,0
1,11.959766979243344,5.180466041513316,1,1,1,0,0
1,13.100341758018653,6.6,1,1,0,0,0
0,12.28249061071504,5.552528167854879,1,1,0,1,0
0,11.50476394385756,6.995236056142441,0,1,1,0,0
0,14.047536668271194,6.5704926663457615,1,0,0,1,0
0,13.657368729878234,6.648526254024353,1,0,0,1,0
0,14.3355681707661,6.51288636584678,1,0,0,1,0
1,12.011852211601251,6.931185221160125,1,0,0,1,0
0,12.906471277111676,6.864509574296108,1,0,0,1,0
1,13.081908363018504,6.6,1,1,0,0,0
1,12.816112075391874,7.0597198115203135,1,1,0,0,0
1,12.447232406737674,6.9934040508422095,1,0,0,1,0
1,11.516355710628954,7.067288578742093,0,1,1,0,0
1,14.166006713207183,6.498020139621557,1,0,1,0,0
1,13.939440668992336,6.3,1,0,0,0,0
0,12.345094217389589,5.53382066304219,1,1,0,1,0
1,12.392096106824024,5.202634631058658,1,0,1,1,0
1,11.713868001269717,6.883358398476342,1,0,0,1,0
1,12.23497461471236,5.255008461762546,1,0,1,1,0
0,11.8049802337239,6.934163372287317,0,1,1,0,0
0,14.26092563980292,6.407283759868613,1,0,1,0,0
0,12.212715192802603,6.023708843184375,1,1,0,1,0
0,14.223524032576472,6.382349355050981,1,0,1,0,0
0,13.6775453571858,6.247818265269314,0,0,1,1,0
1,11.706617632642187,6.892058840829372,1,0,0,1,0
1,12.84200091936534,6.786998620951991,1,1,1,0,0
1,12.847892729016904,6.980268177457739,1,1,0,0,0
0,11.600303656446258,6.479939268710749,0,1,1,1,0
0,13.375818360959626,6.272544917121123,0,0,1,1,0
0,12.433206630425303,5.655407735496187,1,1,0,1,0
0,13.75010796064501,6.261051132974995,0,0,1,1,0
0,14.378891290370271,6.5,0,0,1,1,0
0,13.363316461819815,6.468341769090093,0,0,1,1,0
1,14.181255958242293,6.137488083515417,1,0,1,0,0
0,11.928276428266765,6.954712738044461,0,1,1,0,0
0,13.023095238395214,6.361547619197607,0,0,1,1,0
1,12.345270346894033,5.188682413276491,1,0,1,1,0
0,11.553366798428112,6.713467193712456,0,1,1,0,0
1,12.7,5.376094535539052,1,0,1,1,0
1,12.436701818338614,6.992087727292327,1,0,0,1,0
1,12.015646849873336,7.066258739949333,0,1,1,0,0
1,13.709813473089808,6.376074610764077,1,1,0,0,0
0,14.26107717597577,6.407384783983845,1,0,1,0,0
0,11.592728579042069,6.481454284191586,0,1,1,1,0
1,13.15274329778715,6.6,1,1,0,0,0
0,13.345144415569967,6.645144415569968,1,0,0,1,0
1,14.2128924926583,6.0742150146834,1,0,1,0,0
0,12.98909524459435,6.344547622297175,0,0,1,1,0
1,11.847183076421326,5.247183076421325,1,0,1,1,0
0,11.508959393503089,6.508959393503086,0,1,1,1,0
1,14.224222195708638,6.051555608582725,1,0,1,0,0
1,13.944572378506392,6.3,1,0,0,0,0
0,13.486701681557518,6.373403363115036,0,0,1,1,0
0,11.582048039945702,6.917951960054298,0,1,1,0,0
1,12.7,5.407865758112633,1,0,1,1,0
1,14.514246737683468,5.949001864180876,1,1,0,0,0
1,12.620191622489829,6.992019162248983,1,0,0,1,0
0,12.093210410030782,6.98220173500513,0,1,1,0,0
0,14.134227236146574,6.5,0,0,1,1,0
0,12.868500530251788,6.182000303001021,1,1,0,1,0
1,11.873772226267146,5.273772226267145,1,0,1,1,0
1,12.819296643573477,7.051758391066313,1,1,0,0,0
1,11.910584486160666,6.970194828720222,1,0,0,1,0
1,11.515019581758269,5.681225522802166,0,1,1,1,0
0,12.238573082722208,5.868561503666752,1,1,0,1,0
0,11.54698780910102,6.54698780910102,0,1,1,1,0
1,14.162997546251576,6.488992638754732,1,0,1,0,0
1,13.543290898752067,6.418903033749311,1,1,0,0,0
1,12.05097548742916,6.943871935928645,1,0,0,1,0
1,11.747008320489888,5.505983359020225,0,1,1,1,0
0,11.679003517803642,6.913167252967274,0,1,1,0,0
1,12.644868087565852,7.0,1,0,0,1,0
1,11.791640706951222,6.911455088368903,1,0,0,1,0
1,12.03180945756954,6.933180945756955,1,0,0,1,0
1,11.548754996116651,7.002490007766692,0,1,1,0,0
1,11.760781257447764,6.906078125744777,1,0,0,1,0
0,13.577472947810566,6.356959473438574,0,0,1,1,0
1,11.742722841193585,6.957089136477434,0,1,1,0,0
0,14.09504787569927,6.560990424860146,1,0,0,1,0
0,14.364415618946346,6.476277079297564,1,0,1,0,0
1,12.440198227551196,7.029900886224402,1,0,0,1,0
0,13.682801733377786,6.243312799961898,0,0,1,1,0
1,11.886596338248678,5.286596338248677,1,0,1,1,0
0,13.287771701079471,6.77481886594702,1,0,0,1,0
1,12.33365116192588,5.22211627935804,1,0,1,1,0
0,12.616842073063845,5.737631554797883,1,1,0,1,0
0,13.530473458499076,6.5,0,0,1,1,0
0,13.364890449855984,6.629780899711967,0,0,0,1,0
1,11.729623279061911,5.317294534896814,1,0,1,1,0
1,12.632661449116284,5.116834637720928,1,0,1,1,0
1,11.672945350413713,5.654109299172575,0,1,1,1,0
1,12.003800134777562,5.107600269555125,1,1,1,0,0
1,12.691383074722808,6.560922049815206,1,1,1,0,0
1,11.506413646029282,5.692303624764862,1,1,1,0,0
0,13.223162548294908,6.758945817235031,1,0,0,1,0
1,12.916664018775233,6.683335981224768,1,1,0,0,0
0,13.362018556733451,6.468990721633275,0,0,1,1,0
1,13.506294577070996,6.457482169171602,1,1,0,0,0
1,12.98956307388844,6.610436926111561,1,1,0,0,0
0,13.437863589743609,6.431068205128197,0,0,1,1,0
0,13.376676731588104,6.653353463176211,0,0,0,1,0
0,14.27049050896268,6.4136603393084535,1,0,1,0,0
0,12.840236722818124,6.165849555896071,1,1,0,1,0
0,13.371912349555563,6.464043825222219,0,0,1,1,0
0,13.0344504889711,6.36722524448555,0,0,1,1,0
1,14.268734085254916,5.962531829490168,1,0,1,0,0
1,12.945190793364374,6.654809206635626,1,1,0,0,0
0,13.569613195228955,6.361326002650579,0,0,1,1,0
1,13.96797970725956,6.261154452994536,1,1,0,0,0
0,12.57386077924015,5.819504242446841,1,1,0,1,0
0,13.33428877979405,6.72190374006865,1,0,0,1,0
0,13.70617026613291,6.285460963259495,0,0,1,1,0
0,13.309326975728917,6.495336512135543,0,0,1,1,0
1,12.008248039849194,6.938531004981149,1,0,0,1,0
1,11.54403339590348,7.011933208193039,0,1,1,0,0
1,11.972056466603169,5.133532240076199,1,1,1,0,0
0,13.296838186321816,6.498419093160908,0,0,1,1,0
1,11.964129384392956,5.254709794797652,1,0,1,1,0
0,13.5869865492043,6.32544010068203,0,0,1,1,0
0,13.321439810645463,6.489280094677268,0,0,1,1,0
1,11.81557912405388,6.911557912405389,1,0,0,1,0
0,12.629059270737816,5.746794453053362,1,1,0,1,0
1,11.534096577703307,5.6590841067560325,1,1,1,0,0
1,11.6914896405358,5.617020718928398,0,1,1,1,0
1,12.080633234047822,5.168818529550242,1,0,1,1,0
0,13.492102377141846,6.681579524571631,1,0,0,1,0
1,12.50503462594112,7.0,1,0,0,1,0
0,13.459765018310456,6.420117490844772,0,0,1,1,0
0,11.867027346586957,6.944504557764493,0,1,1,0,0
0,12.7926477381433,6.902450753952233,1,0,0,1,0
1,14.341471952735647,5.865350485075831,1,0,1,0,0
0,12.82322328731545,7.084517808456367,1,0,0,1,0
0,14.067660523127357,6.566467895374529,1,0,0,1,0
0,14.26221668190596,6.408144454603975,1,0,1,0,0
0,12.2,5.84171135447302,1,1,0,1,0
1,11.56587835140301,5.617652060746239,0,1,1,1,0
0,13.234386741852518,6.534386741852519,1,0,0,1,0
1,14.129997695939943,6.389993087819834,1,0,1,0,0
0,13.142419642641515,6.785860119119495,1,0,0,1,0
1,12.688137673265157,7.0,1,0,0,1,0
1,12.010062245446417,7.003354081815472,1,0,0,1,0
0,12.82974371022192,7.080170859852054,1,0,0,1,0
1,11.747139111085266,6.9058923888856585,1,0,0,1,0
0,14.332662583190483,6.455108388793656,1,0,1,0,0
1,11.847147637414269,6.918393454676783,1,0,0,1,0
0,11.595290440363469,6.595290440363469,0,1,1,1,0
0,12.751148893696255,6.916283702101248,1,0,0,1,0
0,13.3062463919816,6.481260824055204,0,0,1,1,0
0,13.488740926897131,6.377481853794267,0,0,1,1,0
1,13.982149206867016,6.3,1,0,0,0,0
1,14.420420376437276,5.723243322412903,1,0,1,0,0
0,13.493518727187476,6.403240636406263,0,0,1,1,0
0,12.999759069048928,6.966827287300715,1,0,0,1,0
1,13.943959679880766,6.3,1,0,0,0,0
1,12.574444204505696,7.0,1,0,0,1,0
0,12.802329135942134,6.899223621352622,1,0,0,1,0
0,14.144608143199736,6.329738762133157,1,0,1,0,0
1,13.00325426881612,6.6,1,1,0,0,0
1,12.226166867615202,5.272302957230836,1,0,1,1,0
0,12.2,5.899856449341499,1,1,0,1,0
1,11.9,5.267235072630036,0,1,1,1,0
0,14.141174356132986,5.85042198045744,0,0,1,1,0
0,13.403088772373035,6.206177544746072,0,0,1,1,0
1,14.26502990150356,6.002946177293592,1,0,1,0,0
1,11.9,5.225588721396086,0,1,1,1,0
1,13.086875907543446,5.267211678083607,1,1,1,0,0
0,12.203493666139064,5.789519001582807,1,1,0,1,0
1,12.294608431226898,5.201347892193275,1,0,1,1,0
0,12.563353722779686,5.6975152920847645,1,1,0,1,0
1,14.257579683847986,5.984840632304028,1,0,1,0,0
0,13.382925968158323,6.705691343947226,1,0,0,1,0
1,14.030611181599014,6.3,1,0,0,0,0
0,13.304163112410349,6.487510662768964,0,0,1,1,0
0,14.324557748066873,6.449705165377915,1,0,1,0,0
1,12.335437766292754,7.082281116853623,1,0,0,1,0
1,14.10264300951916,6.307929028557482,1,0,1,0,0
0,12.702859200012176,6.932380266662608,1,0,0,1,0
1,13.929681479984712,6.3,1,0,0,0,0
1,14.16567126291752,6.181791726748464,1,0,1,0,0
1,14.350037950248138,5.849931689553349,1,0,1,0,0
0,13.98203434722496,6.583593130555008,1,0,0,1,0
1,12.939283507296182,6.660716492703819,1,1,0,0,0
1,14.339135105606116,5.869556809908992,1,0,1,0,0
0,14.127292653820774,6.318195102547183,1,0,1,0,0
1,14.040680671882551,6.440680671882551,1,1,0,0,0
1,12.588137536246371,7.0,1,0,0,1,0
1,11.656013383263456,5.415979925104817,1,0,1,1,0
1,14.13693486953845,6.2261302609231,1,0,1,0,0
1,14.157268227479992,6.196917190536014,1,0,1,0,0
1,12.303634191170676,7.098182904414662,1,0,0,1,0
0,14.05183406433894,6.093425519811701,0,0,1,1,0
0,13.446853745764718,6.293707491529438,0,0,1,1,0
1,14.149179782136033,6.201640435727934,1,0,1,0,0
1,14.271099665621644,5.957800668756712,1,0,1,0,0
0,11.656468772095309,6.65646877209531,0,1,1,1,0
1,12.586508287272002,5.137830570909332,1,0,1,1,0
0,13.83255311768745,6.114954470553615,0,0,1,1,0
0,13.330421137725471,6.560842275450946,0,0,0,1,0
1,13.126743204547244,6.557752265150918,1,1,0,0,0
0,12.88945729351021,6.870180902163264,1,0,0,1,0
1,14.171366970916598,6.157266058166805,1,0,1,0,0
0,13.336955008508836,6.389134974473494,0,0,1,1,0
0,14.31542690567562,6.516914618864876,1,0,0,1,0
1,12.08456864929781,6.948071081162226,1,0,0,1,0
0,12.631006741644756,5.886174531918882,1,1,0,1,0
1,11.93411659105976,5.21705829552988,0,1,1,1,0
1,14.278527882324028,5.978649811816752,1,0,1,0,0
0,13.053485165550816,6.353485165550816,1,0,0,1,0
1,11.503269332503582,7.096730667496417,1,0,0,1,0
1,12.34171264041338,6.980214080051673,1,0,0,1,0
1,12.50670344795818,5.164432184013939,1,0,1,1,0
1,14.14320307913122,6.429609237393655,1,0,1,0,0
0,13.307385034017788,6.477844897946641,0,0,1,1,0
0,14.210135787303908,6.373423858202605,1,0,1,0,0
0,13.939110471505195,6.5,0,0,1,1,0
0,14.31776718307932,6.445178122052879,1,0,1,0,0
0,13.36831399390022,6.465843003049891,0,0,1,1,0
1,12.890207455001445,6.739170179994232,1,1,1,0,0
0,13.490229208681424,6.404885395659288,0,0,1,1,0
1,12.73690125535181,6.9446481169722825,1,1,1,0,0
0,13.398391749485478,6.696783498970954,0,0,0,1,0
1,11.59444115332112,6.911117693357758,0,1,1,0,0
1,14.594079303624891,5.410657253475194,1,0,1,0,0
1,14.13893252262224,6.416797567866727,1,0,1,0,0
1,12.829184789661776,6.806222815507336,1,1,1,0,0
1,12.39832058088245,5.2005598063725165,1,0,1,1,0
0,13.399239776133554,6.450380111933224,0,0,1,1,0
1,14.205493956410905,6.089012087178194,1,0,1,0,0
1,12.895472235314251,6.706791647028624,1,1,1,0,0
1,13.679698481805314,6.373433839398229,1,1,0,0,0
1,12.7,5.244859115518485,1,0,1,1,0
0,12.307918889054887,5.8,1,1,0,1,0
1,14.202293538869222,6.095412922261557,1,0,1,0,0
1,14.399485307345266,5.760926446778521,1,0,1,0,0
0,13.942389945483908,6.449154438387101,0,0,1,1,0
0,13.359190786369531,6.61838157273906,0,0,0,1,0
1,11.889437263596388,6.96314575453213,1,0,0,1,0
1,13.928532812265518,6.328532812265517,1,1,0,0,0
1,11.806272173321236,5.206272173321235,1,0,1,1,0
1,14.0083019034453,6.4083019034453,1,1,0,0,0
1,14.382623725481748,5.791277294132851,1,0,1,0,0
1,14.15069338065972,6.452080141979158,1,0,1,0,0
1,12.268338403149274,6.971042300393659,1,0,0,1,0
0,13.592234069314776,6.320942226301621,0,0,1,1,0
0,12.825160717783708,6.157234695876404,1,1,0,1,0
1,12.7,5.675277984503744,1,0,1,1,0
1,13.49414789466498,6.462340842134008,1,1,0,0,0
1,13.981505284615723,6.3,1,0,0,0,0
1,11.99521463049492,5.109570739010157,1,1,1,0,0
1,14.04719498822008,6.3,1,0,0,0,0
0,13.477769260265106,6.411115369867448,0,0,1,1,0
0,11.63309958699454,6.599824690245906,0,1,1,1,0
0,13.311330930668325,6.522661861336642,0,0,0,1,0
0,14.329147350899577,5.939362582833569,0,0,1,1,0
1,13.928449784145762,6.3284497841457625,1,1,0,0,0
0,11.523555423606574,6.417556017376992,0,1,1,1,0
0,13.66821512276051,6.646356975447898,1,0,0,1,0
1,14.114722050571812,6.344166151715435,1,0,1,0,0
1,14.190276580124316,6.570829740372953,1,0,1,0,0
1,12.369752113114904,7.065123943442548,1,0,0,1,0
1,11.804322792852671,6.934774264284225,1,0,0,1,0
1,13.651432339066996,6.382855886977668,1,1,0,0,0
0,12.610828808821548,5.862633610291805,1,1,0,1,0
0,11.51729091479718,6.569163659188721,0,1,1,0,0
1,13.332364301118092,6.489211899627303,1,1,0,0,0
0,11.862494306222963,6.943749051037161,0,1,1,0,0
1,11.60061773121862,5.4990734031720665,1,0,1,1,0
1,13.958235633580074,6.3,1,0,0,0,0
0,14.339313628540143,6.4595424190267625,1,0,1,0,0
1,12.300893138798244,6.9751116423497805,1,0,0,1,0
0,12.309151650590154,5.8,1,1,0,1,0
0,11.55078000218806,6.949219997811942,0,1,1,0,0
1,11.877385737183172,5.277385737183172,1,0,1,1,0
0,12.263322971709906,5.72006216974057,1,1,0,1,0
0,13.0607601835698,6.3803800917849,0,0,1,1,0
0,14.15282996146662,5.840431461600041,0,0,1,1,0
1,12.118936376957569,7.039645458985856,1,0,0,1,0
0,11.648536071242232,5.980123750652182,0,1,1,1,0
0,13.478303382179464,6.356606764358933,0,0,1,1,0
1,13.072745830325012,6.6,1,1,0,0,0
1,12.99468045241893,6.60531954758107,1,1,0,0,0
0,12.2869597098527,5.539120870441905,1,1,0,1,0
1,12.203676503280688,6.962959562910086,1,0,0,1,0
0,13.165822325251016,6.432911162625508,0,0,1,1,0
0,11.509458293325066,6.990541706674935,0,1,1,0,0
0,12.924081282291596,6.224081282291596,1,0,0,1,0
1,13.979322314216786,6.379322314216785,1,1,0,0,0
0,13.307401873026343,6.730866042324552,1,0,0,1,0
1,13.93088776189794,6.3,1,0,0,0,0
0,11.550645186926284,6.949354813073716,0,1,1,0,0
0,13.364310349969504,6.307068950091488,0,0,1,1,0
0,11.992947139951012,6.401410572009798,0,1,1,1,0
1,12.853355124253357,6.795526500995524,1,1,0,0,0
1,11.77009284223118,5.502337526095437,1,1,1,0,0
0,13.332837942307808,6.56567588461561,0,0,0,1,0
1,14.033979097329643,6.3,1,0,0,0,0
1,11.849337175253044,6.918667146906631,1,0,0,1,0
1,12.522650521625634,7.0,1,0,0,1,0
0,14.260455416095988,6.527908916780802,1,0,0,1,0
0,13.318755600670595,6.5,0,0,1,1,0
1,12.421596197766702,7.039201901116649,1,0,0,1,0
0,11.598100873679185,6.901899126320817,0,1,1,0,0
0,13.302686354475492,6.602686354475492,1,0,0,1,0
1,12.144173104379073,5.12218047759678,1,1,1,0,0
0,13.243488098522088,6.543488098522087,1,0,0,1,0
1,14.165739480763166,6.168521038473667,1,0,1,0,0
1,12.1614789686976,5.279507010434132,1,0,1,1,0
1,13.594529433173182,6.401823522275606,1,1,0,0,0
0,11.586989869734955,6.1955354559276525,0,1,1,1,0
0,13.668309101759018,6.306494943467213,0,0,1,1,0
1,12.0636093505276,7.021203116842533,1,0,0,1,0
0,11.52998383642045,6.619935345681804,0,1,1,0,0
1,12.7,5.687609726201472,1,0,1,1,0
0,13.499490749817737,6.400254625091132,0,0,1,1,0
0,13.754708008211542,6.258495550993588,0,0,1,1,0
1,14.314233272280193,5.914380109895653,1,0,1,0,0
0,13.255399556254496,6.555399556254498,1,0,0,1,0
1,11.88056939319305,6.960189797731016,1,0,0,1,0
1,11.643756559915388,5.43436516012692,1,0,1,1,0
0,13.698263403444985,6.289853664752787,0,0,1,1,0
0,11.55485337348568,6.489029325302864,0,1,1,1,0
0,14.013946754557775,5.959474210379048,0,0,1,1,0
0,14.34060586042408,6.511878827915185,1,0,0,1,0
1,13.251142701966169,6.6,1,1,0,0,0
1,14.09303813295625,6.189692495453572,1,1,0,0,0
0,11.527033490238288,6.972966509761712,0,1,1,0,0
0,13.333028668598324,6.633028668598325,1,0,0,1,0
0,12.959338020098356,6.259338020098356,1,0,0,1,0
0,13.616789148086095,6.335117139952168,0,0,1,1,0
0,11.984249224249606,6.863186918187204,0,1,1,1,0
1,13.315803159506329,6.494732280164557,1,1,0,0,0
1,12.742425224189311,6.943433034414252,1,1,0,0,0
1,12.47815571772768,5.173948094090772,1,0,1,1,0
1,12.900005552355015,6.849986119112458,1,1,0,0,0
0,13.481282361981412,6.5,0,0,1,1,0
0,13.212530312833623,6.456265156416812,0,0,1,1,0
0,13.344608044202236,6.644608044202236,1,0,0,1,0
0,12.105999692872755,6.984333282145459,0,1,1,0,0
1,14.043975039489272,6.443975039489271,1,1,0,0,0
1,12.904375170000677,6.695624829999325,1,1,0,0,0
1,12.910462152688527,6.689537847311472,1,1,0,0,0
0,12.519556462461669,6.993481179179445,1,0,0,1,0
1,12.433438663558276,7.033280668220861,1,0,0,1,0
1,12.076664025380454,6.448003169543453,1,0,0,1,0
1,12.178572375637003,5.289610045222908,1,0,1,1,0
0,12.018033963932364,6.969672327322061,0,1,1,0,0
0,13.451362363848473,6.424318818075765,0,0,1,1,0
0,11.672986828074055,5.8945461017408025,0,1,1,1,0
0,13.516766359820336,6.676646728035933,1,0,0,1,0
0,11.995191802076764,6.965865300346128,0,1,1,0,0
1,11.563887625221788,7.036112374778212,1,0,0,1,0
0,13.302404041814308,6.504808083628614,0,0,0,1,0
1,11.67785460143885,5.6637544474820105,1,1,1,0,0
1,14.055090646071257,6.3,1,0,0,0,0
0,13.942507295059132,6.449167477228793,0,0,1,1,0
1,14.185233301924567,6.555699905773703,1,0,1,0,0
1,14.250063106866,5.999873786268001,1,0,1,0,0
1,12.890031469982455,6.714952795026318,1,1,1,0,0
0,14.333880925483673,6.455920616989115,1,0,1,0,0
1,12.215878346548296,7.071959448849432,1,0,0,1,0
1,12.7,5.424033094153521,1,0,1,1,0
0,13.3095719163338,6.519143832667599,0,0,0,1,0
1,11.504844003422734,5.691926660962109,1,0,1,1,0
1,14.16477548052162,6.183404135061084,1,0,1,0,0
1,13.1397876410376,6.6,1,1,0,0,0
1,11.97305751342391,5.147149351508157,1,1,1,0,0
0,13.42199814576301,6.439000927118495,0,0,1,1,0
1,11.805471391538976,6.935157130512993,1,0,0,1,0
0,12.977951990071716,6.338975995035858,0,0,1,1,0
1,11.562430478075278,6.9751390438494445,0,1,1,0,0
0,12.788416266781542,6.0698189779118,1,1,0,1,0
0,13.218803273993094,6.518803273993095,1,0,0,1,0
1,11.635556453835823,6.964443546164175,1,0,0,1,0
1,12.32403882511118,5.193990293722205,1,0,1,1,0
0,12.759509656305545,6.119719803603168,1,1,0,1,0
0,13.438423729913726,6.430788135043137,0,0,1,1,0
1,14.19221709828502,6.576651294855055,1,0,1,0,0
1,12.847858888091306,6.980352779771738,1,1,0,0,0
1,12.446836381957642,7.026581809021179,1,0,0,1,0
1,12.929651026330724,6.6703489736692765,1,1,0,0,0
0,12.294232392638236,5.517302822085296,1,1,0,1,0
0,13.455821554100767,6.311643108201539,0,0,1,1,0
0,12.985924997915593,6.285924997915593,1,0,0,1,0
1,11.730414135573186,6.903801766946649,1,0,0,1,0
1,12.755751745001428,6.916372382497858,1,1,1,0,0
0,12.774656865089677,6.908447711636774,1,0,0,1,0
1,12.956390405060588,6.643609594939414,1,1,0,0,0
0,13.354915645628244,6.335253063115273,0,0,1,1,0
0,12.066316987059798,6.9777194978433,0,1,1,0,0
0,13.448086938162986,6.425956530918508,0,0,1,1,0
1,14.170857678723628,6.145224183586498,1,1,0,0,0
1,12.889680377290366,6.71547943406445,1,1,1,0,0
1,11.657875118549182,6.942124881450818,1,0,0,1,0
0,13.403040817884696,6.20608163576939,0,0,1,1,0
0,13.846152875260678,6.43846143058452,0,0,1,1,0
1,12.479323975226045,6.997415496903256,1,0,0,1,0
1,11.68107609231817,6.918923907681829,1,0,0,1,0
1,12.282540119867647,6.972817514983456,1,0,0,1,0
0,11.562779474787618,6.751117899150475,0,1,1,0,0
1,14.12804913563244,6.243901728735116,1,0,1,0,0
1,12.64355285602003,6.529035237346687,1,1,1,0,0
1,13.902162113285286,6.3,1,0,0,0,0
1,11.804470037815651,5.319412452730434,0,1,1,1,0
1,11.81618207516085,5.421388336305146,1,0,1,1,0
1,14.213752632769026,6.072494734461947,1,0,1,0,0
1,12.023813791271548,5.175131800969829,1,0,1,1,0
0,14.04965772523782,6.5,0,0,1,1,0
0,12.137173313788642,6.98952888563144,0,1,1,0,0
0,13.325710096070797,6.487144951964603,0,0,1,1,0
0,13.267609990547031,6.744130003150989,1,0,0,1,0
0,12.815459077304682,6.894846974231773,1,0,0,1,0
0,12.820429010471887,6.893190329842705,1,0,0,1,0
0,11.546884537756991,6.68753815102797,0,1,1,0,0
1,11.79942438280399,6.780690740635212,1,0,0,1,0
0,13.321689054699748,6.543378109399495,0,0,0,1,0
1,11.529934776601944,7.040130446796115,0,1,1,0,0
1,12.822570891560554,7.043572771098618,1,1,0,0,0
0,13.420062945924762,6.439968527037619,0,0,1,1,0
1,12.0884328122633,5.294216406131651,0,1,1,1,0
0,13.323137049074282,6.546274098148563,0,0,0,1,0
0,13.155479116399798,6.781506961200067,1,0,0,1,0
0,12.45888682993542,5.8,1,1,0,1,0
0,13.356628037277986,6.613256074555969,0,0,0,1,0
0,12.65381348529026,6.948728838236581,1,0,0,1,0
0,12.076282366709362,6.932211775032021,0,1,1,1,0
1,12.310990733627325,5.229669755457558,1,0,1,1,0
1,11.501242499541515,5.698509000550182,1,1,1,0,0
0,13.385505893236,6.671011786471997,0,0,0,1,0
1,12.851052164458585,6.7734217533121255,1,1,1,0,0
1,14.023626890261216,6.3,1,0,0,0,0
1,12.035741570240797,6.9419676962801,1,0,0,1,0
0,13.304573451740456,6.763617698839696,1,0,0,1,0
1,14.179241795259829,6.141516409480343,1,0,1,0,0
0,13.346740822970736,6.4766295885146326,0,0,1,1,0
1,11.9998884485775,7.059955379431001,0,1,1,0,0
1,11.933820647101918,6.619415223477699,1,0,0,1,0
1,14.521116363627131,5.541990545471163,1,0,1,0,0
0,13.379740825685587,6.460129587157207,0,0,1,1,0
1,14.26677683708687,5.999801693243636,1,0,1,0,0
0,11.59353889101054,6.593538891010539,0,1,1,1,0
0,13.460770770711822,6.321541541423642,0,0,1,1,0
1,13.242867553742482,6.6,1,1,0,0,0
0,12.867560601607243,6.877479799464252,1,0,0,1,0
0,12.436274133263344,5.658986488807235,1,1,0,1,0
0,13.498955807481334,6.400522096259333,0,0,1,1,0
1,12.36244282988053,5.184389292529867,1,0,1,1,0
1,14.192132394070391,6.576397182211179,1,0,1,0,0
0,13.36839161100308,6.63678322200616,0,0,0,1,0
0,12.213739428811254,5.758781713566237,1,1,0,1,0
1,14.177182505593048,6.531547516779139,1,0,1,0,0
0,12.249705040774597,5.6508848776762095,1,1,0,1,0
1,14.26185094565322,6.008668297824203,1,0,1,0,0
0,12.290486515157706,5.528540454526882,1,1,0,1,0
1,12.062147676466797,6.465422788239843,1,0,0,1,0
1,14.141261102912944,6.423783308738832,1,0,1,0,0
1,14.16986355642577,6.569863556425771,1,1,0,0,0
1,12.502106198656922,5.149473450335769,1,0,1,1,0
1,12.966149149458063,6.633850850541935,1,1,0,0,0
0,13.522327961785695,6.380861747040832,0,0,1,1,0
0,13.780564253348247,6.431173805927584,0,0,1,1,0
1,12.085204020540376,6.948150502567548,1,0,0,1,0
0,13.358258685439113,6.32522394368267,0,0,1,1,0
1,13.93162184768354,6.3,1,0,0,0,0
1,12.614233533978352,6.509489022652235,1,1,1,0,0
0,14.237755335915452,6.5,0,0,1,1,0
1,12.19871567885362,5.267094773715459,1,0,1,1,0
1,11.710097730514637,5.437377836856705,0,1,1,1,0
0,12.272153869378212,5.583538391865368,1,1,0,1,0
1,13.570574313337351,6.431770274665059,1,1,0,0,0
1,12.053701553914518,5.284567184638172,1,0,1,1,0
1,12.233330727541226,5.255556424152925,1,0,1,1,0
1,11.952829905622334,7.041131962248934,0,1,1,0,0
1,11.54691617932288,5.6218063677952,1,0,1,1,0
0,13.372408195978382,6.282775412064854,0,0,1,1,0
1,14.4316684351919,5.996189465604628,1,1,0,0,0
1,11.599907612421656,6.9001847751566885,0,1,1,0,0
1,11.926762693350508,5.185915256294388,1,0,1,1,0
1,13.98105382354737,6.3,1,0,0,0,0
0,11.640402883901388,6.008589906345143,0,1,1,1,0
1,11.9,5.605251187745902,0,1,1,1,0
0,13.962150656254002,6.143249635414445,0,0,1,1,0
0,13.332556366777784,6.565112733555571,0,0,0,1,0
0,13.994228529973476,6.5,0,0,1,1,0
1,14.025956604821156,6.3,1,0,0,0,0
0,13.469266936966774,6.4153665315166135,0,0,1,1,0
1,11.67705661499953,5.384415077500704,1,0,1,1,0
0,13.311179058471115,6.522358116942232,0,0,0,1,0
1,14.088457853222096,6.3,1,0,0,0,0
0,13.315850868975192,6.492074565512404,0,0,1,1,0
0,13.494990728653494,6.5,0,0,1,1,0
1,13.519246965209325,6.426917678263558,1,1,0,0,0
0,13.17715918124,6.84856054584,1,0,0,1,0
0,13.873340222095226,6.605331955580955,1,0,0,1,0
1,14.13061067777024,6.238778644459523,1,0,1,0,0
0,13.916123157316951,6.59677536853661,1,0,0,1,0
1,12.944401304873963,6.674131593501381,1,1,0,0,0
1,12.411548646705022,7.044225676647489,1,0,0,1,0
0,12.27365506722155,7.080241300416162,0,1,1,1,0
1,12.677305729886797,7.0,1,0,0,1,0
1,11.52788723836613,7.044225523267739,0,1,1,0,0
0,11.595784311434592,6.595784311434592,0,1,1,1,0
1,11.915507191646702,5.268985616706599,1,1,1,0,0
0,14.005789728604976,6.456198858733886,0,0,1,1,0
1,14.074226177247496,6.3,1,0,0,0,0
0,13.377828162901176,6.655656325802354,0,0,0,1,0
0,12.20648858653831,6.061068480770134,1,1,0,1,0
1,12.9,7.049451088560117,1,1,1,0,0
0,13.355404149366862,6.610808298733724,0,0,0,1,0
0,12.234037327147483,5.697888018557546,1,1,0,1,0
0,12.679465103161288,5.8,1,1,0,1,0
1,12.680690829947554,7.0,1,0,0,1,0
1,14.190922094359296,6.572766283077887,1,0,1,0,0
0,13.317013379814536,6.448959860556397,0,0,1,1,0
1,14.01632753561843,6.3,1,0,0,0,0
1,12.7,5.58564950041611,1,0,1,1,0
0,14.100532115591998,6.559893576881601,1,0,0,1,0
1,14.05148653767769,6.45148653767769,1,1,0,0,0
1,12.981872429792684,6.618127570207316,1,1,0,0,0
0,13.872263964003714,6.605547207199257,1,0,0,1,0
1,13.662385706074357,6.379204764641882,1,1,0,0,0
0,12.845747504733517,6.884750831755495,1,0,0,1,0
0,12.06641960101675,6.924814700762562,0,1,1,1,0
1,12.7,5.113519959581687,1,0,1,1,0
1,11.820706052262938,6.940235350754313,1,0,0,1,0
1,11.799290596262848,6.979716238505139,0,1,1,0,0
1,12.07840498219758,6.947300622774698,1,0,0,1,0
1,12.963082692496585,6.649223076671221,1,1,0,0,0
0,12.433644691973884,5.8,1,1,0,1,0
1,12.099042125440755,5.299680708480253,1,0,1,1,0
1,14.47174208803166,5.630864241543013,1,0,1,0,0
1,12.346084495331752,7.076957752334124,1,0,0,1,0
1,14.186732027461105,6.5601960823833165,1,0,1,0,0
1,11.67509415269141,5.649811694617181,0,1,1,1,0
1,11.660918067869275,6.939081932130722,1,0,0,1,0
1,11.707228042321177,5.585543915357645,0,1,1,1,0
1,14.490453877154948,5.962597784482887,1,1,0,0,0
1,11.947590841677805,5.288102289580548,1,0,1,1,0
1,12.38987373539698,5.212773187128371,1,0,1,1,0
0,13.042395136706835,6.371197568353418,0,0,1,1,0
1,12.001919867900243,7.060767947160098,0,1,1,0,0
1,11.945974509494285,7.038389803797713,0,1,1,0,0
1,11.60571075096708,5.497923363284698,1,0,1,1,0
0,12.23370878172259,5.831456091387045,1,1,0,1,0
0,14.297111571116696,6.5,0,0,1,1,0
1,14.08823024511232,6.488230245112319,1,1,0,0,0
1,14.179505397891116,6.140989204217773,1,0,1,0,0
1,12.714726017677652,6.97791097348352,1,1,1,0,0
1,14.338239436900526,6.04957746462827,1,1,0,0,0
0,13.029842236958272,6.946771842027818,1,0,0,1,0
1,11.610417163262095,5.515971394563172,1,0,1,1,0
0,12.138929356216966,6.989821559369495,0,1,1,0,0
0,12.213522133698344,6.0188671978099295,1,1,0,1,0
1,12.060510933679202,7.084204373471681,0,1,1,0,0
0,13.912834088153804,6.5,0,0,1,1,0
1,14.280614980071745,5.938770039856515,1,0,1,0,0
1,12.1839647514432,6.9604955939304,1,0,0,1,0
1,14.563578695881148,5.920812173782202,1,1,0,0,0
0,13.004172082306086,6.304172082306085,1,0,0,1,0
1,11.834494856635322,6.944831618878441,1,0,0,1,0
1,11.569295557071872,7.030704442928125,1,0,0,1,0
1,14.559858965618378,5.472253861886919,1,0,1,0,0
1,14.099751149459305,6.3,1,0,0,0,0
0,13.374774078586103,6.462612960706949,0,0,1,1,0
1,11.69740360719518,5.605192785609637,0,1,1,1,0
1,12.11652829836781,6.400166041958627,1,0,0,1,0
0,13.65625007461485,6.266071364615844,0,0,1,1,0
0,13.766450902695611,6.25197172072466,0,0,1,1,0
0,12.285595259284731,5.586428444291606,1,1,0,1,0
1,12.9,6.901292709541552,1,1,1,0,0
1,12.42856178846731,5.19047940384423,1,0,1,1,0
0,13.121851082462973,6.410925541231486,0,0,1,1,0
0,12.00695412946138,6.967825688243564,0,1,1,0,0
1,14.157952820425685,6.473858461277052,1,0,1,0,0
0,13.49460438441855,6.5,0,0,1,1,0
1,13.981812025139863,6.3,1,0,0,0,0
0,13.25894524105827,6.747018252980577,1,0,0,1,0
0,13.89965018336362,6.444405575929292,0,0,1,1,0
1,12.399551075226915,5.133383213863676,1,0,1,1,0
0,12.279845211334504,5.600773943327472,1,1,0,1,0
0,13.842364799163192,6.611527040167362,1,0,0,1,0
1,13.24681639791956,6.561273440832176,1,1,0,0,0
1,12.98345488999148,6.616545110008518,1,1,0,0,0
1,13.11955231304409,6.560149228985303,1,1,0,0,0
0,13.414762506180576,6.229525012361151,0,0,1,1,0
0,14.178102278611666,6.475344697623519,0,0,1,1,0
0,13.376998663017796,6.653997326035593,0,0,0,1,0
0,13.41040068657808,6.44479965671096,0,0,1,1,0
1,14.003482031326522,6.403482031326522,1,1,0,0,0
1,12.941815264246577,6.658184735753424,1,1,0,0,0
1,13.236312221627776,6.6,1,1,0,0,0
0,13.36493639185216,6.629872783704318,0,0,0,1,0
1,14.464303574823129,5.977540814386783,1,1,0,0,0
0,13.241084526791044,6.541084526791044,1,0,0,1,0
1,13.711585521454529,6.375365791418189,1,1,0,0,0
1,12.529000030936285,5.118999996562635,1,0,1,1,0
1,11.99749539309401,6.9991651310313365,1,0,0,1,0
1,12.910220895408289,6.689779104591711,1,1,0,0,0
1,12.9,7.063401671908188,1,1,1,0,0
0,12.36726948613366,5.578481067155935,1,1,0,1,0
0,13.760349967513523,6.5,0,0,1,1,0
0,12.031748152127353,6.971958025354558,0,1,1,0,0
0,12.2,5.983150095384656,1,1,0,1,0
0,13.466776138212484,6.686644772357504,1,0,0,1,0
0,13.32381791030964,6.750788059793573,1,0,0,1,0
0,13.643482476605822,6.651303504678836,1,0,0,1,0
0,14.26275614385458,5.976246586747457,0,0,1,1,0
1,13.655001176609373,6.381666274463543,1,1,0,0,0
0,11.901423651570978,6.801067738678233,0,1,1,1,0
0,14.217891654890414,6.37859443659361,1,0,1,0,0
1,11.61062251706972,5.778754965860561,0,1,1,1,0
1,12.063515125473746,5.227030250947494,1,1,1,0,0
0,12.118664675535298,6.986444112589217,0,1,1,0,0
1,12.55839718880998,5.147200937063339,1,0,1,1,0
0,13.4184156478936,6.236831295787199,0,0,1,1,0
1,13.967955145089116,6.3,1,0,0,0,0
1,12.728648109684,6.957027835473999,1,1,1,0,0
0,11.562412931651556,6.281554739219556,0,1,1,1,0
0,14.228200126099232,6.385466750732821,1,0,1,0,0
0,12.999432791780052,6.349716395890026,0,0,1,1,0
1,11.998887870681234,5.102224258637532,1,1,1,0,0
0,11.842687665138325,6.757015748853742,0,1,1,1,0
1,11.696035391320107,6.9039646086798925,1,0,0,1,0
1,12.02616308474973,6.508604298300324,1,0,0,1,0
1,14.105753374475611,6.317260123426839,1,0,1,0,0
1,11.985035801416586,5.242517900708293,0,1,1,1,0
1,12.01108209922386,5.25554104961193,0,1,1,1,0
1,12.144778127827388,5.16169131913029,1,0,1,1,0
1,12.181354105191916,5.272881964936028,1,0,1,1,0
0,12.23647159500208,5.817642024989602,1,1,0,1,0
1,11.55203684107249,5.637555790713014,1,1,1,0,0
0,13.06103578876929,6.361035788769291,1,0,0,1,0
0,11.665705888090022,6.665705888090023,0,1,1,1,0
0,12.272569850870832,5.582290447387506,1,1,0,1,0
0,13.45780032057095,6.3156006411419,0,0,1,1,0
0,12.2,5.851024710405424,1,1,0,1,0
0,13.361169877964423,6.469415061017789,0,0,1,1,0
0,11.533223021942163,6.383719423202421,0,1,1,1,0
1,14.170293682405084,6.510881047215255,1,0,1,0,0
1,13.215511313809774,6.528162895396742,1,1,0,0,0
0,13.05239225574422,6.3761961278721095,0,0,1,1,0
0,12.98743762953158,6.343718814765789,0,0,1,1,0
0,13.60110398211423,6.313339443902089,0,0,1,1,0
0,14.351761561425672,6.494640173491741,0,0,1,1,0
1,11.545367714428618,7.009264571142763,0,1,1,0,0
0,11.52350104673318,6.97649895326682,0,1,1,0,0
1,12.113091247950576,5.313421364381608,1,0,1,1,0
0,11.517887337010912,6.982112662989088,0,1,1,0,0
1,13.981244555455472,6.253574539739731,1,1,0,0,0
0,11.992590466433104,6.869442849824827,0,1,1,1,0
1,12.052374736554665,5.335500095798303,1,0,1,1,0
0,14.113350901061176,6.059249499410459,0,0,1,1,0
0,13.97626279471854,6.5,0,0,1,1,0
1,14.349588694439866,5.850740350008241,1,0,1,0,0
1,12.56980722130064,5.1433975928997855,1,0,1,1,0
1,12.88416014104209,6.754453145277213,1,1,0,0,0
0,12.871978179045044,7.052014547303305,1,0,0,1,0
0,13.303211220429883,6.49036633871035,0,0,1,1,0
1,11.878046895289216,5.1913281227456425,1,0,1,1,0
1,12.06933731517092,5.238674630341841,1,1,1,0,0
1,12.947656312257577,6.652343687742426,1,1,0,0,0
0,11.582595752092288,6.917404247907713,0,1,1,0,0
0,13.421603133051471,6.439198433474265,0,0,1,1,0
0,14.07873293173814,6.078481704589923,0,0,1,1,0
0,13.333026356083712,6.400920931748866,0,0,1,1,0
1,14.193102109989727,6.113795780020545,1,0,1,0,0
0,13.336595323253077,6.57319064650615,0,0,0,1,0
0,13.977960644579936,6.134466308566702,0,0,1,1,0
0,13.35477846040484,6.335664618785484,0,0,1,1,0
1,12.987381921897274,6.612618078102726,1,1,0,0,0
0,12.351709685187467,5.538782263890601,1,1,0,1,0
1,12.409989437520435,7.045005281239781,1,0,0,1,0
1,12.961528553829014,6.6384714461709855,1,1,0,0,0
0,14.397256687084612,6.498171124723075,1,0,1,0,0
1,14.16678331265008,6.566783312650079,1,1,0,0,0
0,12.67535218238056,6.941549272539814,1,0,0,1,0
1,12.258953359041415,5.210261660239645,1,0,1,1,0
0,12.29842468433298,5.50472594700106,1,1,0,1,0
1,13.96892764410926,6.3,1,0,0,0,0
1,11.940961179085749,5.218077641828509,1,1,1,0,0
0,13.35773921207259,6.615478424145179,0,0,0,1,0
0,14.28043307277017,6.486714785863352,0,0,1,1,0
1,12.606027207283171,5.110441421412981,1,0,1,1,0
1,14.127642358769236,6.250243754215378,1,0,1,0,0
